Replay between sethorizer and Lirkin
where sethorizer wins!
Round 1 of 109
tags: BOOST
IN 5777 4903 0 0 340 0 0
IN 6207 5805 0 0 329 0 0
IN 5347 4000 0 0 349 0 0
IN 6637 6708 0 0 320 0 0
MOV 7653 4210 200
MOV 7928 4786 200
MOV 11315 2819 BOOST
MOV 11315 2819 BOOST
OUT 5965 4834 159 -58 340 0 0
OUT 6379 5703 146 -86 329 0 0
OUT 5985 3874 541 -107 349 0 1
OUT 7137 6292 424 -353 320 0 1
Round 2 of 109
tags: MOVE_ONLY
IN 5965 4834 159 -58 340 0 0
IN 6379 5703 146 -86 329 0 0
IN 5985 3874 541 -107 349 0 1
IN 7137 6292 424 -353 320 0 1
MOV 7779 3991 200
MOV 8328 5253 200
MOV 14814 -821 200
MOV 16125 1908 200
OUT 6305 4692 289 -120 335 0 0
OUT 6720 5572 289 -111 347 0 0
OUT 6703 3673 609 -170 332 0 1
OUT 7741 5851 513 -374 334 0 1
Round 3 of 109
tags: MOVE_ONLY
IN 6305 4692 289 -120 335 0 0
IN 6720 5572 289 -111 347 0 0
IN 6703 3673 609 -170 332 0 1
IN 7741 5851 513 -374 334 0 1
MOV 7788 3350 200
MOV 8718 5477 200
MOV 15766 -553 200
MOV 16401 851 200
OUT 6742 4438 371 -216 318 0 0
OUT 7209 5452 415 -102 357 0 0
OUT 7493 3418 671 -216 335 0 1
OUT 8427 5377 583 -402 330 0 1
Round 4 of 109
tags: MOVE_ONLY
IN 6742 4438 371 -216 318 0 0
IN 7209 5452 415 -102 357 0 0
IN 7493 3418 671 -216 335 0 1
IN 8427 5377 583 -402 330 0 1
MOV 8569 3625 200
MOV 9076 4735 200
MOV 17004 328 100
MOV 15118 -2054 0
OUT 7296 4140 470 -253 336 0 0
OUT 7811 5279 511 -146 339 0 0
OUT 8259 3171 651 -209 342 0 1
OUT 9010 4975 495 -341 312 0 1
Round 5 of 109
tags: MOVE_ONLY
IN 7296 4140 470 -253 336 0 0
IN 7811 5279 511 -146 339 0 0
IN 8259 3171 651 -209 342 0 1
IN 9010 4975 495 -341 312 0 1
MOV 9258 3751 200
MOV 9365 4020 200
MOV 18259 3171 0
MOV 14010 -3685 0
OUT 7962 3848 566 -248 349 0 0
OUT 8478 5008 566 -230 321 0 0
OUT 8910 2962 553 -177 0 0 1
OUT 9505 4634 420 -289 300 0 1
Round 6 of 109
tags: MOVE_ONLY
IN 7962 3848 566 -248 349 0 0
IN 8478 5008 566 -230 321 0 0
IN 8910 2962 553 -177 0 0 1
IN 9505 4634 420 -289 300 0 1
MOV 9947 4092 101
MOV 9567 3331 200
MOV 18523 5718 100
MOV 13412 -4571 100
OUT 8628 3612 566 -200 7 0 0
OUT 9154 4611 574 -337 303 0 0
OUT 9559 2813 551 -127 16 0 1
OUT 9964 4253 390 -323 293 0 1
Round 7 of 109
tags: HAS_LOW_IMPACT MULTI_COLLISION
IN 8628 3612 566 -200 7 0 0
IN 9154 4611 574 -337 303 0 0
IN 9559 2813 551 -127 16 0 1
IN 9964 4253 390 -323 293 0 1
MOV 10441 4457 141
MOV 9672 2679 164
MOV 19303 5063 200
MOV 10836 -5709 100
OUT 9310 3446 462 -393 25 0 0
OUT 9649 4201 470 -64 285 0 0
OUT 10305 2731 633 -69 13 0 1
OUT 10496 3770 520 -441 275 0 1
Round 8 of 109
tags: ONLY_HIGH_IMPACT SINGLE_COLLISION
IN 9310 3446 462 -393 25 0 0
IN 9649 4201 470 -64 285 0 0
IN 10305 2731 633 -69 13 0 1
IN 10496 3770 520 -441 275 0 1
MOV 10773 4810 0
MOV 10530 2405 200
MOV 20303 2556 200
MOV 8246 -5974 0
OUT 9772 3053 392 -334 43 0 0
OUT 10207 3957 474 -207 296 0 0
OUT 11140 2531 712 -370 359 0 1
OUT 11014 3457 437 -65 257 0 1
Round 9 of 109
tags: ONLY_HIGH_IMPACT SINGLE_COLLISION
IN 9772 3053 392 -334 43 0 0
IN 10207 3957 474 -207 296 0 0
IN 11140 2531 712 -370 359 0 1
IN 11014 3457 437 -65 257 0 1
MOV 10742 4802 200
MOV 11596 2518 200
MOV 20703 5455 0
MOV 5864 -5115 0
OUT 10262 2894 416 -135 61 0 0
OUT 10695 3668 304 -191 314 0 0
OUT 11852 2161 605 -314 17 0 1
OUT 11576 3330 588 -162 239 0 1
Round 10 of 109
tags: ONLY_HIGH_IMPACT SINGLE_COLLISION
IN 10262 2894 416 -135 61 0 0
IN 10695 3668 304 -191 314 0 0
IN 11852 2161 605 -314 17 0 1
IN 11576 3330 588 -162 239 0 1
MOV 10644 4857 200
MOV 12454 2716 200
MOV 20044 7897 0
MOV 5558 -4656 0
OUT 10611 2795 257 -143 79 0 0
OUT 11280 3542 537 -47 332 0 0
OUT 12457 1847 514 -266 35 0 1
OUT 12164 3168 499 -137 233 0 1
Round 11 of 109
tags: ONLY_HIGH_IMPACT SHIELD SINGLE_COLLISION
IN 10611 2795 257 -143 79 0 0
IN 11280 3542 537 -47 332 0 0
IN 12457 1847 514 -266 35 0 1
IN 12164 3168 499 -137 233 0 1
MOV 10367 4780 200
MOV 12890 2355 200
MOV 18614 9727 0
MOV 8908 -6287 SHIELD
OUT 10844 2851 198 47 97 0 0
OUT 11924 3403 327 -11 324 0 0
OUT 12971 1581 436 -226 52 0 1
OUT 12668 3028 450 -129 251 3 1
Round 12 of 109
tags: ENGINE_COOLDOWN
IN 10844 2851 198 47 97 0 0
IN 11924 3403 327 -11 324 0 0
IN 12971 1581 436 -226 52 0 1
IN 12668 3028 450 -129 251 3 1
MOV 9999 4664 200
MOV 13398 2051 200
MOV 16878 10786 200
MOV 6790 -5062 200
OUT 10958 3080 97 194 115 0 0
OUT 12398 3257 403 -124 317 0 0
OUT 13485 1539 437 -35 67 0 1
OUT 13118 2899 382 -109 234 2 1
Round 13 of 109
tags: ENGINE_COOLDOWN ONLY_HIGH_IMPACT SHIELD SINGLE_COLLISION
IN 10958 3080 97 194 115 0 0
IN 12398 3257 403 -124 317 0 0
IN 13485 1539 437 -35 67 0 1
IN 13118 2899 382 -109 234 2 1
MOV 9695 4631 200
MOV 13841 1872 200
MOV 15049 11416 200
MOV 5028 -2979 SHIELD
OUT 10929 3429 -24 296 129 0 0
OUT 12600 3166 165 -74 316 0 0
OUT 13953 1702 398 138 81 0 1
OUT 13535 2773 354 -107 216 3 1
Round 14 of 109
tags: ENGINE_COOLDOWN SHIELD
IN 10929 3429 -24 296 129 0 0
IN 12600 3166 165 -74 316 0 0
IN 13953 1702 398 138 81 0 1
IN 13535 2773 354 -107 216 3 1
MOV 9252 4518 200
MOV 14397 2288 200
MOV 12389 11579 0
MOV 5988 -3788 SHIELD
OUT 10737 3834 -162 344 147 0 0
OUT 12945 3004 292 -137 334 0 0
OUT 14351 1840 338 117 99 0 1
OUT 13889 2666 300 -90 221 3 1
Round 15 of 109
tags: ENGINE_COOLDOWN MULTI_COLLISION ONLY_HIGH_IMPACT SHIELD
IN 10737 3834 -162 344 147 0 0
IN 12945 3004 292 -137 334 0 0
IN 14351 1840 338 117 99 0 1
IN 13889 2666 300 -90 221 3 1
MOV 9478 5388 200
MOV 14783 2215 200
MOV 9811 10750 SHIELD
MOV 4684 -1241 0
OUT 10449 4333 -244 424 129 0 0
OUT 13412 2791 71 -91 337 0 0
OUT 14690 1956 319 59 117 3 1
OUT 14189 2584 270 228 203 2 1
Round 16 of 109
tags: ENGINE_COOLDOWN HAS_LOW_IMPACT SINGLE_COLLISION
IN 10449 4333 -244 424 129 0 0
IN 13412 2791 71 -91 337 0 0
IN 14690 1956 319 59 117 3 1
IN 14189 2584 270 228 203 2 1
MOV 8772 5422 200
MOV 15404 2617 200
MOV 7619 9027 0
MOV 4227 1712 0
OUT 10037 4866 -349 452 147 0 0
OUT 13534 2718 97 -60 355 0 0
OUT 15009 2015 271 50 135 2 1
OUT 14607 2776 361 161 185 1 1
Round 17 of 109
tags: ENGINE_COOLDOWN
IN 10037 4866 -349 452 147 0 0
IN 13534 2718 97 -60 355 0 0
IN 15009 2015 271 50 135 2 1
IN 14607 2776 361 161 185 1 1
MOV 8143 5507 200
MOV 15483 3168 200
MOV 6099 6555 0
MOV 4863 5026 200
OUT 9499 5382 -457 438 161 0 0
OUT 13826 2702 248 -13 13 0 0
OUT 15280 2065 230 42 153 1 1
OUT 14968 2937 306 136 167 0 1
Round 18 of 109
tags: ENGINE_COOLDOWN
IN 9499 5382 -457 438 161 0 0
IN 13826 2702 248 -13 13 0 0
IN 15280 2065 230 42 153 1 1
IN 14968 2937 306 136 167 0 1
MOV 7499 5417 32
MOV 15540 3732 200
MOV 5403 3629 200
MOV 6396 8087 200
OUT 9010 5821 -415 372 179 0 0
OUT 14246 2791 356 75 31 0 0
OUT 15510 2107 195 35 171 0 1
OUT 15103 3176 114 203 149 0 1
Round 19 of 109
tags: ONLY_HIGH_IMPACT SINGLE_COLLISION
IN 9010 5821 -415 372 179 0 0
IN 14246 2791 356 75 31 0 0
IN 15510 2107 195 35 171 0 1
IN 15103 3176 114 203 149 0 1
MOV 7097 5236 24
MOV 15558 4300 200
MOV 5897 4863 200
MOV 8542 10723 200
OUT 8572 6186 -372 310 197 0 0
OUT 14543 2894 159 28 49 0 0
OUT 15513 2197 2 76 164 0 1
OUT 15277 3652 240 464 131 0 1
Round 20 of 109
tags: MOVE_ONLY
IN 8572 6186 -372 310 197 0 0
IN 14543 2894 159 28 49 0 0
IN 15513 2197 2 76 164 0 1
IN 15277 3652 240 464 131 0 1
MOV 6934 5039 48
MOV 15324 4735 200
MOV 6116 5617 200
MOV 6705 8802 200
OUT 8161 6468 -349 240 215 0 0
OUT 14781 3106 202 180 67 0 0
OUT 15327 2341 -158 122 160 0 1
OUT 15346 4219 58 481 149 0 1
Round 21 of 109
tags: MOVE_ONLY
IN 8161 6468 -349 240 215 0 0
IN 14781 3106 202 180 67 0 0
IN 15327 2341 -158 122 160 0 1
IN 15346 4219 58 481 149 0 1
MOV 6957 4871 142
MOV 14955 5098 200
MOV 7341 8359 200
MOV 6436 8759 200
OUT 7727 6595 -369 107 233 0 0
OUT 15001 3485 187 322 85 0 0
OUT 15009 2583 -270 206 143 0 1
OUT 15226 4791 -102 486 153 0 1
Round 22 of 109
tags: SHIELD
IN 7727 6595 -369 107 233 0 0
IN 15001 3485 187 322 85 0 0
IN 15009 2583 -270 206 143 0 1
IN 15226 4791 -102 486 153 0 1
MOV 7076 4704 200
MOV 15769 5331 SHIELD
MOV 5554 5839 200
MOV 5349 6355 200
OUT 7293 6513 -369 -69 251 0 0
OUT 15188 3807 158 273 67 3 0
OUT 14550 2854 -390 230 161 0 1
OUT 14926 5308 -254 439 171 0 1
Round 23 of 109
tags: ENGINE_COOLDOWN SHIELD
IN 7293 6513 -369 -69 251 0 0
IN 15188 3807 158 273 67 3 0
IN 14550 2854 -390 230 161 0 1
IN 14926 5308 -254 439 171 0 1
MOV 7258 4513 200
MOV 16500 5316 SHIELD
MOV 4552 3029 0
MOV 4950 4610 200
OUT 6920 6244 -316 -228 269 0 0
OUT 15346 4080 134 232 49 3 0
OUT 14160 3084 -331 195 179 0 1
OUT 14472 5733 -385 361 184 0 1
Round 24 of 109
tags: ENGINE_COOLDOWN
IN 6920 6244 -316 -228 269 0 0
IN 15346 4080 134 232 49 3 0
IN 14160 3084 -331 195 179 0 1
IN 14472 5733 -385 361 184 0 1
MOV 7505 4331 200
MOV 16221 5879 0
MOV 4597 160 0
MOV 4486 5210 200
OUT 6662 5825 -218 -356 287 0 0
OUT 15480 4312 113 197 64 2 0
OUT 13829 3279 -281 165 197 0 1
OUT 13887 6084 -497 297 183 0 1
Round 25 of 109
tags: ENGINE_COOLDOWN SHIELD
IN 6662 5825 -218 -356 287 0 0
IN 15480 4312 113 197 64 2 0
IN 13829 3279 -281 165 197 0 1
IN 13887 6084 -497 297 183 0 1
MOV 7809 4187 200
MOV 16869 5751 SHIELD
MOV 5637 -2457 100
MOV 3911 5386 200
OUT 6559 5305 -87 -441 305 0 0
OUT 15593 4509 96 167 46 3 0
OUT 13466 3387 -308 91 215 0 1
OUT 13190 6367 -592 240 184 0 1
Round 26 of 109
tags: ENGINE_COOLDOWN
IN 6559 5305 -87 -441 305 0 0
IN 15593 4509 96 167 46 3 0
IN 13466 3387 -308 91 215 0 1
IN 13190 6367 -592 240 184 0 1
MOV 8156 4101 200
MOV 17359 5448 0
MOV 3903 463 200
MOV 3918 2621 200
OUT 6632 4744 61 -477 323 0 0
OUT 15689 4676 81 141 28 2 0
OUT 12967 3420 -424 27 197 0 1
OUT 12413 6532 -660 140 202 0 1
Round 27 of 109
tags: ENGINE_COOLDOWN SHIELD
IN 6632 4744 61 -477 323 0 0
IN 15689 4676 81 141 28 2 0
IN 12967 3420 -424 27 197 0 1
IN 12413 6532 -660 140 202 0 1
MOV 8523 4093 200
MOV 17659 5023 SHIELD
MOV 3151 1512 200
MOV 2451 5660 200
OUT 6882 4202 212 -460 341 0 0
OUT 15770 4817 68 119 10 3 0
OUT 12347 3409 -527 -9 191 0 1
OUT 11554 6655 -730 104 185 0 1
Round 28 of 109
tags: ENGINE_COOLDOWN SHIELD
IN 6882 4202 212 -460 341 0 0
IN 15770 4817 68 119 10 3 0
IN 12347 3409 -527 -9 191 0 1
IN 11554 6655 -730 104 185 0 1
MOV 8479 2998 0
MOV 17751 4539 SHIELD
MOV 3601 -1439 100
MOV 1560 6306 200
OUT 7094 3742 180 -391 323 0 0
OUT 15838 4936 57 101 352 3 0
OUT 11733 3352 -522 -48 209 0 1
OUT 10624 6752 -790 82 182 0 1
Round 29 of 109
tags: ENGINE_COOLDOWN SHIELD
IN 7094 3742 180 -391 323 0 0
IN 15838 4936 57 101 352 3 0
IN 11733 3352 -522 -48 209 0 1
IN 10624 6752 -790 82 182 0 1
MOV 8985 3091 29
MOV 17834 5056 SHIELD
MOV 3443 -2240 200
MOV 1227 3332 100
OUT 7301 3342 176 -340 341 0 0
OUT 15895 5037 48 85 3 3 0
OUT 11045 3192 -584 -135 214 0 1
OUT 9740 6800 -751 40 200 0 1
Round 30 of 109
tags: ENGINE_COOLDOWN SHIELD
IN 7301 3342 176 -340 341 0 0
IN 15895 5037 48 85 3 3 0
IN 11045 3192 -584 -135 214 0 1
IN 9740 6800 -751 40 200 0 1
MOV 9300 3288 105
MOV 17887 4861 SHIELD
MOV 1432 436 200
MOV 1860 643 0
OUT 7582 2999 238 -291 358 0 0
OUT 15943 5122 40 72 355 3 0
OUT 10269 3002 -659 -161 196 0 1
OUT 8989 6840 -638 34 218 0 1
Round 31 of 109
tags: ENGINE_COOLDOWN SHIELD
IN 7582 2999 238 -291 358 0 0
IN 15943 5122 40 72 355 3 0
IN 10269 3002 -659 -161 196 0 1
IN 8989 6840 -638 34 218 0 1
MOV 9505 3550 200
MOV 17892 5572 SHIELD
MOV 271 3177 200
MOV 3397 -1450 0
OUT 8012 2763 365 -200 16 0 0
OUT 15983 5194 34 61 13 3 0
OUT 9410 2845 -730 -133 179 0 1
OUT 8351 6874 -542 28 236 0 1
Round 32 of 109
tags: ENGINE_COOLDOWN ONLY_HIGH_IMPACT SHIELD SINGLE_COLLISION
IN 8012 2763 365 -200 16 0 0
IN 15983 5194 34 61 13 3 0
IN 9410 2845 -730 -133 179 0 1
IN 8351 6874 -542 28 236 0 1
MOV 10011 2693 SHIELD
MOV 17697 6224 200
MOV -153 -79 SHIELD
MOV 5595 -2739 200
OUT 7904 2492 -591 -305 358 3 0
OUT 16017 5255 28 51 31 2 0
OUT 9153 2783 281 22 197 3 1
OUT 7754 6710 -507 -139 254 0 1
Round 33 of 109
tags: ENGINE_COOLDOWN SHIELD
IN 7904 2492 -591 -305 358 3 0
IN 16017 5255 28 51 31 2 0
IN 9153 2783 281 22 197 3 1
IN 7754 6710 -507 -139 254 0 1
MOV 9903 2432 200
MOV 17776 6206 SHIELD
MOV 961 -2953 200
MOV 6709 -3235 200
OUT 7313 2187 -502 -259 358 2 0
OUT 16045 5306 23 43 28 3 0
OUT 9434 2805 238 18 215 2 1
OUT 7226 6372 -448 -287 264 0 1
Round 34 of 109
tags: ENGINE_COOLDOWN
IN 7313 2187 -502 -259 358 2 0
IN 16045 5306 23 43 28 3 0
IN 9434 2805 238 18 215 2 1
IN 7226 6372 -448 -287 264 0 1
MOV 9236 2738 200
MOV 17434 6745 0
MOV 3416 -5181 0
MOV 9305 -3409 0
OUT 6811 1928 -426 -220 16 1 0
OUT 16068 5349 19 36 46 2 0
OUT 9672 2823 202 15 233 1 1
OUT 6778 6085 -380 -243 282 0 1
Round 35 of 109
tags: ENGINE_COOLDOWN SHIELD
IN 6811 1928 -426 -220 16 1 0
IN 16068 5349 19 36 46 2 0
IN 9672 2823 202 15 233 1 1
IN 6778 6085 -380 -243 282 0 1
MOV 8810 1858 200
MOV 16945 7147 SHIELD
MOV 6416 -6632 0
MOV 11778 -2575 200
OUT 6385 1708 -362 -187 358 0 0
OUT 16087 5385 16 30 64 3 0
OUT 9874 2838 171 12 251 0 1
OUT 6498 5669 -238 -353 300 0 1
Round 36 of 109
tags: ENGINE_COOLDOWN SHIELD
IN 6385 1708 -362 -187 358 0 0
IN 16087 5385 16 30 64 3 0
IN 9874 2838 171 12 251 0 1
IN 6498 5669 -238 -353 300 0 1
MOV 8333 2162 200
MOV 16378 7364 SHIELD
MOV 9699 -7160 0
MOV 13929 -1022 200
OUT 6218 1566 -142 -120 13 0 0
OUT 16103 5415 13 25 82 3 0
OUT 10045 2850 145 10 269 0 1
OUT 6409 5182 -75 -413 318 0 1
Round 37 of 109
tags: ENGINE_COOLDOWN
IN 6218 1566 -142 -120 13 0 0
IN 16103 5415 13 25 82 3 0
IN 10045 2850 145 10 269 0 1
IN 6409 5182 -75 -413 318 0 1
MOV 8098 2249 200
MOV 15756 7385 15
MOV 12969 -6713 0
MOV 15544 1115 200
OUT 6264 1514 39 -43 20 0 0
OUT 16116 5440 11 21 100 2 0
OUT 10190 2860 123 8 287 0 1
OUT 6517 4688 91 -420 336 0 1
Round 38 of 109
tags: ENGINE_COOLDOWN
IN 6264 1514 39 -43 20 0 0
IN 16116 5440 11 21 100 2 0
IN 10190 2860 123 8 287 0 1
IN 6517 4688 91 -420 336 0 1
MOV 8196 2032 200
MOV 15177 7206 0
MOV 10015 -7138 0
MOV 14397 -1469 200
OUT 6496 1523 197 7 15 0 0
OUT 16127 5461 9 17 118 1 0
OUT 10313 2868 104 6 269 0 1
OUT 6766 4145 211 -461 322 0 1
Round 39 of 109
tags: ENGINE_COOLDOWN
IN 6496 1523 197 7 15 0 0
IN 16127 5461 9 17 118 1 0
IN 10313 2868 104 6 269 0 1
IN 6766 4145 211 -461 322 0 1
MOV 8247 2489 200
MOV 14688 6850 200
MOV 7057 -6587 200
MOV 12358 -4145 200
OUT 6868 1627 316 88 29 0 0
OUT 16136 5478 7 14 136 0 0
OUT 10352 2685 33 -155 251 0 1
OUT 7089 3518 274 -532 304 0 1
Round 40 of 109
tags: MOVE_ONLY
IN 6868 1627 316 88 29 0 0
IN 16136 5478 7 14 136 0 0
IN 10352 2685 33 -155 251 0 1
IN 7089 3518 274 -532 304 0 1
MOV 8463 2833 200
MOV 14341 6361 200
MOV 7933 -7018 0
MOV 14969 -2639 200
OUT 7344 1836 404 177 37 0 0
OUT 15964 5581 -146 87 154 0 0
OUT 10385 2530 28 -131 256 0 1
OUT 7521 2863 366 -556 322 0 1
Round 41 of 109
tags: ONLY_HIGH_IMPACT SHIELD SINGLE_COLLISION
IN 7344 1836 404 177 37 0 0
IN 15964 5581 -146 87 154 0 0
IN 10385 2530 28 -131 256 0 1
IN 7521 2863 366 -556 322 0 1
MOV 9235 2487 SHIELD
MOV 13983 5859 200
MOV 5086 -5950 200
MOV 16918 -557 SHIELD
OUT 7649 1540 216 -452 19 3 0
OUT 15620 5697 -292 98 172 0 0
OUT 10307 2229 -66 -255 238 0 1
OUT 7986 2780 437 130 340 3 1
Round 42 of 109
tags: ENGINE_COOLDOWN
IN 7649 1540 216 -452 19 3 0
IN 15620 5697 -292 98 172 0 0
IN 10307 2229 -66 -255 238 0 1
IN 7986 2780 437 130 340 3 1
MOV 9246 2744 200
MOV 13622 5601 200
MOV 2647 -4199 0
MOV 17980 2431 200
OUT 7865 1088 183 -384 37 2 0
OUT 15128 5785 -418 75 183 0 0
OUT 10241 1974 -56 -216 220 0 1
OUT 8423 2910 371 110 358 2 1
Round 43 of 109
tags: ENGINE_COOLDOWN
IN 7865 1088 183 -384 37 2 0
IN 15128 5785 -418 75 183 0 0
IN 10241 1974 -56 -216 220 0 1
IN 8423 2910 371 110 358 2 1
MOV 9085 2673 200
MOV 13136 5609 200
MOV 969 -1772 0
MOV 18036 5666 200
OUT 8048 704 155 -326 52 1 0
OUT 14511 5842 -524 48 185 0 0
OUT 10185 1758 -47 -183 202 0 1
OUT 8794 3020 315 93 16 1 1
Round 44 of 109
tags: ENGINE_COOLDOWN
IN 8048 704 155 -326 52 1 0
IN 14511 5842 -524 48 185 0 0
IN 10185 1758 -47 -183 202 0 1
IN 8794 3020 315 93 16 1 1
MOV 8732 2583 200
MOV 12562 6292 200
MOV 209 1060 100
MOV 17366 8170 0
OUT 8203 378 131 -277 70 0 0
OUT 13792 5935 -611 78 167 0 0
OUT 10038 1568 -124 -161 184 0 1
OUT 9109 3113 267 79 31 0 1
Round 45 of 109
tags: MOVE_ONLY
IN 8203 378 131 -277 70 0 0
IN 13792 5935 -611 78 167 0 0
IN 10038 1568 -124 -161 184 0 1
IN 9109 3113 267 79 31 0 1
MOV 9288 2058 200
MOV 12001 6824 53
MOV 766 -2178 200
MOV 18812 5532 0
OUT 8443 269 203 -92 57 0 0
OUT 13134 6037 -559 86 154 0 0
OUT 9729 1332 -263 -200 202 0 1
OUT 9376 3192 226 67 14 0 1
Round 46 of 109
tags: MOVE_ONLY
IN 8443 269 203 -92 57 0 0
IN 13134 6037 -559 86 154 0 0
IN 9729 1332 -263 -200 202 0 1
IN 9376 3192 226 67 14 0 1
MOV 9331 2061 13
MOV 11228 6643 100
MOV 1849 -4825 0
MOV 19120 5442 0
OUT 8652 189 177 -68 64 0 0
OUT 12480 6153 -556 98 162 0 0
OUT 9466 1132 -223 -170 218 0 1
OUT 9602 3259 192 56 13 0 1
Round 47 of 109
tags: ONLY_HIGH_IMPACT SHIELD SINGLE_COLLISION
IN 8652 189 177 -68 64 0 0
IN 12480 6153 -556 98 162 0 0
IN 9466 1132 -223 -170 218 0 1
IN 9602 3259 192 56 13 0 1
MOV 10041 1628 161
MOV 10862 7329 SHIELD
MOV 3874 -7158 SHIELD
MOV 19564 2387 0
OUT 8930 213 -5 -532 46 0 0
OUT 11924 6251 -472 83 144 3 0
OUT 9244 964 -164 -87 236 3 1
OUT 9794 3315 163 47 355 0 1
Round 48 of 109
tags: ENGINE_COOLDOWN
IN 8930 213 -5 -532 46 0 0
IN 11924 6251 -472 83 144 3 0
IN 9244 964 -164 -87 236 3 1
IN 9794 3315 163 47 355 0 1
MOV 10409 1560 200
MOV 10261 7363 0
MOV 6488 -8649 200
MOV 19575 1236 0
OUT 9073 -184 121 -337 42 0 0
OUT 11452 6334 -401 70 146 2 0
OUT 9080 877 -139 -73 254 2 1
OUT 9957 3362 138 39 348 0 1
Round 49 of 109
tags: ENGINE_COOLDOWN SHIELD
IN 9073 -184 121 -337 42 0 0
IN 11452 6334 -401 70 146 2 0
IN 9080 877 -139 -73 254 2 1
IN 9957 3362 138 39 348 0 1
MOV 10075 1547 200
MOV 9529 6885 SHIELD
MOV 9429 -9117 200
MOV 19943 3885 0
OUT 9294 -348 188 -139 60 0 0
OUT 11051 6404 -340 59 164 3 0
OUT 8941 804 -118 -62 272 1 1
OUT 10095 3401 117 33 3 0 1
Round 50 of 109
tags: ENGINE_COOLDOWN SHIELD
IN 9294 -348 188 -139 60 0 0
IN 11051 6404 -340 59 164 3 0
IN 8941 804 -118 -62 272 1 1
IN 10095 3401 117 33 3 0 1
MOV 10507 1242 200
MOV 9393 7522 SHIELD
MOV 12361 -8593 0
MOV 19754 813 0
OUT 9603 -328 262 17 53 0 0
OUT 10711 6463 -289 50 146 3 0
OUT 8823 742 -100 -52 290 0 1
OUT 10212 3434 99 28 345 0 1
Round 51 of 109
tags: ENGINE_COOLDOWN
IN 9603 -328 262 17 53 0 0
IN 10711 6463 -289 50 146 3 0
IN 8823 742 -100 -52 290 0 1
IN 10212 3434 99 28 345 0 1
MOV 10378 1516 200
MOV 9480 8039 200
MOV 14980 -7138 0
MOV 18599 -2012 0
OUT 9942 -127 288 171 67 0 0
OUT 10422 6513 -245 42 128 2 0
OUT 8723 690 -85 -44 308 0 1
OUT 10311 3462 84 23 327 0 1
Round 52 of 109
tags: ENGINE_COOLDOWN SHIELD
IN 9942 -127 288 171 67 0 0
IN 10422 6513 -245 42 128 2 0
IN 8723 690 -85 -44 308 0 1
IN 10311 3462 84 23 327 0 1
MOV 10116 1865 200
MOV 9738 8392 SHIELD
MOV 17013 -4902 0
MOV 16604 -4309 0
OUT 10247 243 259 314 85 0 0
OUT 10177 6555 -208 35 110 3 0
OUT 8638 646 -72 -37 326 0 1
OUT 10395 3485 71 19 309 0 1
Round 53 of 109
tags: ENGINE_COOLDOWN SHIELD
IN 10247 243 259 314 85 0 0
IN 10177 6555 -208 35 110 3 0
IN 8638 646 -72 -37 326 0 1
IN 10395 3485 71 19 309 0 1
MOV 9797 2192 200
MOV 10107 8554 SHIELD
MOV 18251 -2110 0
MOV 13979 -5851 200
OUT 10461 752 181 432 103 0 0
OUT 9969 6590 -176 29 92 3 0
OUT 8566 609 -61 -31 344 0 1
OUT 10538 3317 121 -142 291 0 1
Round 54 of 109
tags: ENGINE_COOLDOWN
IN 10461 752 181 432 103 0 0
IN 9969 6590 -176 29 92 3 0
IN 8566 609 -61 -31 344 0 1
IN 10538 3317 121 -142 291 0 1
MOV 9688 2597 200
MOV 10510 8515 200
MOV 18560 958 200
MOV 12446 -6499 200
OUT 10565 1368 88 523 113 0 0
OUT 9793 6619 -149 24 74 2 0
OUT 8705 585 118 -20 2 0 1
OUT 10697 2979 135 -287 281 0 1
Round 55 of 109
tags: ENGINE_COOLDOWN ONLY_HIGH_IMPACT SHIELD SINGLE_COLLISION
IN 10565 1368 88 523 113 0 0
IN 9793 6619 -149 24 74 2 0
IN 8705 585 118 -20 2 0 1
IN 10697 2979 135 -287 281 0 1
MOV 9989 3283 149
MOV 10911 8277 SHIELD
MOV 18102 4005 200
MOV 10348 -7015 200
OUT 10537 1739 -185 -340 107 0 0
OUT 9644 6643 -126 20 56 3 0
OUT 9011 633 260 41 20 0 1
OUT 10898 2787 333 492 268 0 1
Round 56 of 109
tags: ENGINE_COOLDOWN
IN 10537 1739 -185 -340 107 0 0
IN 9644 6643 -126 20 56 3 0
IN 9011 633 260 41 20 0 1
IN 10898 2787 333 492 268 0 1
MOV 10572 3739 0
MOV 11220 7874 10
MOV 19005 982 0
MOV 7478 -6610 0
OUT 10352 1399 -157 -289 89 0 0
OUT 9518 6663 -107 17 38 2 0
OUT 9271 674 221 34 2 0 1
OUT 11231 3279 283 418 250 0 1
Round 57 of 109
tags: ENGINE_COOLDOWN SHIELD
IN 10352 1399 -157 -289 89 0 0
IN 9518 6663 -107 17 38 2 0
IN 9271 674 221 34 2 0 1
IN 11231 3279 283 418 250 0 1
MOV 11003 3290 200
MOV 10636 8321 SHIELD
MOV 18668 4094 0
MOV 5074 -4601 0
OUT 10260 1299 -78 -84 71 0 0
OUT 9411 6680 -90 14 56 3 0
OUT 9492 708 187 28 20 0 1
OUT 11514 3697 240 355 232 0 1
Round 58 of 109
tags: ENGINE_COOLDOWN SHIELD
IN 10260 1299 -78 -84 71 0 0
IN 9411 6680 -90 14 56 3 0
IN 9492 708 187 28 20 0 1
IN 11514 3697 240 355 232 0 1
MOV 11464 2896 134
MOV 10987 7911 SHIELD
MOV 17478 6726 0
MOV 4953 -3850 200
OUT 10263 1322 2 19 53 0 0
OUT 9321 6694 -76 11 38 3 0
OUT 9679 736 158 23 37 0 1
OUT 11623 3901 92 173 229 0 1
Round 59 of 109
tags: ENGINE_COOLDOWN HAS_LOW_IMPACT SINGLE_COLLISION
IN 10263 1322 2 19 53 0 0
IN 9321 6694 -76 11 38 3 0
IN 9679 736 158 23 37 0 1
IN 11623 3901 92 173 229 0 1
MOV 10981 3189 174
MOV 10743 8100 90
MOV 15415 8928 100
MOV 6473 -4671 200
OUT 10356 1541 124 245 69 0 0
OUT 9245 6705 -64 9 45 2 0
OUT 9866 804 113 -2 55 0 1
OUT 11612 3903 -9 1 239 0 1
Round 60 of 109
tags: ENGINE_COOLDOWN
IN 10356 1541 124 245 69 0 0
IN 9245 6705 -64 9 45 2 0
IN 9866 804 113 -2 55 0 1
IN 11612 3903 -9 1 239 0 1
MOV 10992 3437 200
MOV 11027 7613 0
MOV 16686 8118 200
MOV 5051 -3644 200
OUT 10544 1976 159 369 71 0 0
OUT 9181 6714 -54 7 27 1 0
OUT 10115 948 211 122 47 0 1
OUT 11472 3753 -119 -127 229 0 1
Round 61 of 109
tags: ENGINE_COOLDOWN SHIELD
IN 10544 1976 159 369 71 0 0
IN 9181 6714 -54 7 27 1 0
IN 10115 948 211 122 47 0 1
IN 11472 3753 -119 -127 229 0 1
MOV 10579 3976 200
MOV 10595 8128 SHIELD
MOV 14341 10011 0
MOV 2900 -1397 200
OUT 10706 2545 138 483 89 0 0
OUT 9127 6721 -45 5 45 3 0
OUT 10326 1070 179 103 65 0 1
OUT 11182 3523 -246 -195 211 0 1
Round 62 of 109
tags: ENGINE_COOLDOWN ONLY_HIGH_IMPACT SHIELD SINGLE_COLLISION
IN 10706 2545 138 483 89 0 0
IN 9127 6721 -45 5 45 3 0
IN 10326 1070 179 103 65 0 1
IN 11182 3523 -246 -195 211 0 1
MOV 10145 4465 SHIELD
MOV 10909 7629 0
MOV 16887 8617 200
MOV 2047 -544 SHIELD
OUT 10640 2584 -158 -189 106 3 0
OUT 9082 6726 -38 4 27 2 0
OUT 10636 1324 263 215 49 0 1
OUT 11140 3772 66 433 204 3 1
Round 63 of 109
tags: ENGINE_COOLDOWN
IN 10640 2584 -158 -189 106 3 0
IN 9082 6726 -38 4 27 2 0
IN 10636 1324 263 215 49 0 1
IN 11140 3772 66 433 204 3 1
MOV 9522 4242 200
MOV 11057 7039 0
MOV 14543 10529 100
MOV 3709 -2919 100
OUT 10482 2395 -134 -160 124 2 0
OUT 9044 6730 -32 3 9 1 0
OUT 10938 1631 256 260 67 0 1
OUT 11206 4205 56 368 222 2 1
Round 64 of 109
tags: ENGINE_COOLDOWN
IN 10482 2395 -134 -160 124 2 0
IN 9044 6730 -32 3 9 1 0
IN 10938 1631 256 260 67 0 1
IN 11206 4205 56 368 222 2 1
MOV 9750 4256 200
MOV 11019 6417 0
MOV 11810 11593 200
MOV 2143 -21 200
OUT 10348 2235 -113 -136 111 1 0
OUT 9012 6733 -27 2 351 0 0
OUT 11211 2090 232 390 85 0 1
OUT 11262 4573 47 312 205 1 1
Round 65 of 109
tags: ENGINE_COOLDOWN
IN 10348 2235 -113 -136 111 1 0
IN 9012 6733 -27 2 351 0 0
IN 11211 2090 232 390 85 0 1
IN 11262 4573 47 312 205 1 1
MOV 9549 4068 200
MOV 10794 5825 200
MOV 8961 11834 200
MOV 1649 1817 200
OUT 10235 2099 -96 -115 114 0 0
OUT 9163 6644 128 -75 333 0 0
OUT 11398 2675 158 497 103 0 1
OUT 11309 4885 39 265 196 0 1
Round 66 of 109
tags: MOVE_ONLY
IN 10235 2099 -96 -115 114 0 0
IN 9163 6644 128 -75 333 0 0
IN 11398 2675 158 497 103 0 1
IN 11309 4885 39 265 196 0 1
MOV 9537 3973 200
MOV 10577 5230 110
MOV 6248 11247 100
MOV 3019 -707 200
OUT 10069 2171 -140 61 110 0 0
OUT 9369 6491 174 -129 315 0 0
OUT 11505 3258 90 495 121 0 1
OUT 11182 5038 -107 130 214 0 1
Round 67 of 109
tags: MOVE_ONLY
IN 10069 2171 -140 61 110 0 0
IN 9369 6491 174 -129 315 0 0
IN 11505 3258 90 495 121 0 1
IN 11182 5038 -107 130 214 0 1
MOV 9337 4032 200
MOV 10277 4709 200
MOV 3958 9819 200
MOV 1569 2282 200
OUT 9856 2418 -181 210 111 0 0
OUT 9634 6184 225 -261 297 0 0
OUT 11444 3884 -51 532 139 0 1
OUT 10883 5113 -254 63 196 0 1
Round 68 of 109
tags: ONLY_HIGH_IMPACT SINGLE_COLLISION
IN 9856 2418 -181 210 111 0 0
IN 9634 6184 225 -261 297 0 0
IN 11444 3884 -51 532 139 0 1
IN 10883 5113 -254 63 196 0 1
MOV 9226 4316 200
MOV 10253 4282 200
MOV 2239 7791 200
MOV 885 4938 200
OUT 9612 2818 -207 339 108 0 0
OUT 9891 5765 -264 163 288 0 0
OUT 11209 4494 -199 518 157 0 1
OUT 10459 5141 122 -496 181 0 1
Round 69 of 109
tags: ONLY_HIGH_IMPACT SHIELD SINGLE_COLLISION
IN 9612 2818 -207 339 108 0 0
IN 9891 5765 -264 163 288 0 0
IN 11209 4494 -199 518 157 0 1
IN 10459 5141 122 -496 181 0 1
MOV 8436 4436 200
MOV 9891 3765 SHIELD
MOV 2919 10086 100
MOV 896 8065 100
OUT 9287 3319 -275 425 126 0 0
OUT 9627 5928 -224 138 270 3 0
OUT 11463 4739 344 129 146 0 1
OUT 9949 5003 -562 -38 163 0 1
Round 70 of 109
tags: ENGINE_COOLDOWN
IN 9287 3319 -275 425 126 0 0
IN 9627 5928 -224 138 270 3 0
IN 11463 4739 344 129 146 0 1
IN 9949 5003 -562 -38 163 0 1
MOV 8033 4877 75
MOV 9221 3970 200
MOV 2066 8159 200
MOV -51 5003 100
OUT 8965 3802 -273 410 129 0 0
OUT 9403 6066 -190 117 258 2 0
OUT 11619 4936 132 167 160 0 1
OUT 9287 4965 -562 -32 180 0 1
Round 71 of 109
tags: ENGINE_COOLDOWN ONLY_HIGH_IMPACT SINGLE_COLLISION
IN 8965 3802 -273 410 129 0 0
IN 9403 6066 -190 117 258 2 0
IN 11619 4936 132 167 160 0 1
IN 9287 4965 -562 -32 180 0 1
MOV 7746 5388 0
MOV 9612 4077 200
MOV 1875 7186 200
MOV -326 2209 100
OUT 8689 4103 -244 -60 128 0 0
OUT 9213 6183 -161 99 276 1 0
OUT 11556 5148 -53 180 167 0 1
OUT 8632 5014 -547 357 196 0 1
Round 72 of 109
tags: ENGINE_COOLDOWN SHIELD
IN 8689 4103 -244 -60 128 0 0
IN 9213 6183 -161 99 276 1 0
IN 11556 5148 -53 180 167 0 1
IN 8632 5014 -547 357 196 0 1
MOV 8005 5982 200
MOV 8797 4227 SHIELD
MOV 1580 5846 200
MOV -981 2258 0
OUT 8377 4231 -265 108 110 0 0
OUT 9052 6282 -136 84 258 3 0
OUT 11303 5342 -214 164 176 0 1
OUT 8085 5371 -464 303 196 0 1
Round 73 of 109
tags: ENGINE_COOLDOWN SHIELD
IN 8377 4231 -265 108 110 0 0
IN 9052 6282 -136 84 258 3 0
IN 11303 5342 -214 164 176 0 1
IN 8085 5371 -464 303 196 0 1
MOV 8307 6230 200
MOV 8052 4550 SHIELD
MOV 2031 9088 200
MOV -744 676 0
OUT 8105 4539 -231 261 92 0 0
OUT 8916 6366 -115 71 240 3 0
OUT 10904 5581 -339 203 158 0 1
OUT 7621 5674 -394 257 208 0 1
Round 74 of 109
tags: ENGINE_COOLDOWN
IN 8105 4539 -231 261 92 0 0
IN 8916 6366 -115 71 240 3 0
IN 10904 5581 -339 203 158 0 1
IN 7621 5674 -394 257 208 0 1
MOV 8592 6479 200
MOV 7523 4931 155
MOV 928 6279 0
MOV -2227 3938 0
OUT 7923 4994 -154 386 76 0 0
OUT 8801 6437 -97 60 226 2 0
OUT 10565 5784 -288 172 176 0 1
OUT 7227 5931 -334 218 190 0 1
Round 75 of 109
tags: ENGINE_COOLDOWN SHIELD
IN 7923 4994 -154 386 76 0 0
IN 8801 6437 -97 60 226 2 0
IN 10565 5784 -288 172 176 0 1
IN 7227 5931 -334 218 190 0 1
MOV 7783 6989 0
MOV 7035 5498 SHIELD
MOV 862 3365 200
MOV -2676 7323 0
OUT 7769 5380 -130 328 94 0 0
OUT 8704 6497 -82 51 208 3 0
OUT 10083 5908 -409 105 194 0 1
OUT 6893 6149 -283 185 172 0 1
Round 76 of 109
tags: ENGINE_COOLDOWN SHIELD
IN 7769 5380 -130 328 94 0 0
IN 8704 6497 -82 51 208 3 0
IN 10083 5908 -409 105 194 0 1
IN 6893 6149 -283 185 172 0 1
MOV 7020 7234 SHIELD
MOV 7315 5058 0
MOV 85 6083 200
MOV -2095 10533 0
OUT 7639 5708 -110 278 112 3 0
OUT 8622 6548 -69 43 226 2 0
OUT 9474 6017 -517 92 179 0 1
OUT 6610 6334 -240 157 154 0 1
Round 77 of 109
tags: ENGINE_COOLDOWN ONLY_HIGH_IMPACT SINGLE_COLLISION
IN 7639 5708 -110 278 112 3 0
IN 8622 6548 -69 43 226 2 0
IN 9474 6017 -517 92 179 0 1
IN 6610 6334 -240 157 154 0 1
MOV 6353 7240 200
MOV 6856 5609 86
MOV -471 4972 0
MOV -2595 10241 0
OUT 7529 5986 -93 236 130 2 0
OUT 8412 6706 -307 239 208 1 0
OUT 9098 5994 -190 -124 186 0 1
OUT 6370 6491 -204 133 157 0 1
Round 78 of 109
tags: ENGINE_COOLDOWN SHIELD
IN 7529 5986 -93 236 130 2 0
IN 8412 6706 -307 239 208 1 0
IN 9098 5994 -190 -124 186 0 1
IN 6370 6491 -204 133 157 0 1
MOV 5833 7046 SHIELD
MOV 6746 5600 200
MOV -779 7558 200
MOV -3555 7710 0
OUT 7436 6222 -79 200 148 3 0
OUT 8105 6945 -260 203 214 0 0
OUT 8710 5901 -329 -78 171 0 1
OUT 6166 6624 -173 113 173 0 1
Round 79 of 109
tags: ENGINE_COOLDOWN SHIELD
IN 7436 6222 -79 200 148 3 0
IN 8105 6945 -260 203 214 0 0
IN 8710 5901 -329 -78 171 0 1
IN 6166 6624 -173 113 173 0 1
MOV 5495 6706 SHIELD
MOV 6874 5369 0
MOV -562 9647 100
MOV -3832 6449 0
OUT 7357 6422 -67 170 166 3 0
OUT 7845 7148 -221 172 232 0 0
OUT 8288 5860 -358 -34 158 0 1
OUT 5993 6737 -147 96 181 0 1
Round 80 of 109
tags: ENGINE_COOLDOWN SHIELD
IN 7357 6422 -67 170 166 3 0
IN 7845 7148 -221 172 232 0 0
IN 8288 5860 -358 -34 158 0 1
IN 5993 6737 -147 96 181 0 1
MOV 5362 6282 SHIELD
MOV 7161 5269 0
MOV -192 11159 0
MOV -3666 9325 0
OUT 7290 6592 -56 144 184 3 0
OUT 7624 7320 -187 146 250 0 0
OUT 7930 5826 -304 -28 148 0 1
OUT 5846 6833 -124 81 165 0 1
Round 81 of 109
tags: ENGINE_COOLDOWN HAS_LOW_IMPACT MULTI_COLLISION
IN 7290 6592 -56 144 184 3 0
IN 7624 7320 -187 146 250 0 0
IN 7930 5826 -304 -28 148 0 1
IN 5846 6833 -124 81 165 0 1
MOV 5436 5843 0
MOV 6841 5480 2
MOV -457 11272 200
MOV -4031 8397 0
OUT 7151 6650 -188 184 202 2 0
OUT 7496 7596 -107 236 247 0 0
OUT 7481 5861 -311 -106 147 0 1
OUT 5722 6914 -105 68 171 0 1
Round 82 of 109
tags: ENGINE_COOLDOWN
IN 7151 6650 -188 184 202 2 0
IN 7496 7596 -107 236 247 0 0
IN 7481 5861 -311 -106 147 0 1
IN 5722 6914 -105 68 171 0 1
MOV 5619 5364 39
MOV 6583 5817 200
MOV 534 13054 200
MOV -4155 5350 0
OUT 6963 6834 -159 156 220 1 0
OUT 7298 7654 -168 49 243 0 0
OUT 7031 5899 -382 32 134 0 1
OUT 5617 6982 -89 57 189 0 1
Round 83 of 109
tags: ENGINE_COOLDOWN HAS_LOW_IMPACT SINGLE_COLLISION
IN 6963 6834 -159 156 220 1 0
IN 7298 7654 -168 49 243 0 0
IN 7031 5899 -382 32 134 0 1
IN 5617 6982 -89 57 189 0 1
MOV 5903 5138 173
MOV 5884 6240 116
MOV 2647 14887 100
MOV -4383 6982 0
OUT 6755 6867 -206 -44 238 0 0
OUT 7097 7744 -141 149 225 0 0
OUT 6605 6021 -361 103 116 0 1
OUT 5528 7039 -75 48 180 0 1
Round 84 of 109
tags: ONLY_HIGH_IMPACT SINGLE_COLLISION
IN 6755 6867 -206 -44 238 0 0
IN 7097 7744 -141 149 225 0 0
IN 6605 6021 -361 103 116 0 1
IN 5528 7039 -75 48 180 0 1
MOV 6271 4926 200
MOV 6189 5962 200
MOV 5213 15924 0
MOV -3983 10129 0
OUT 6554 6875 -160 55 256 0 0
OUT 6865 7715 -197 -24 243 0 0
OUT 6190 5878 -362 -170 98 0 1
OUT 5453 7087 -63 40 162 0 1
Round 85 of 109
tags: MOVE_ONLY
IN 6554 6875 -160 55 256 0 0
IN 6865 7715 -197 -24 243 0 0
IN 6190 5878 -362 -170 98 0 1
IN 5453 7087 -63 40 162 0 1
MOV 6694 4880 200
MOV 6552 5740 192
MOV 2444 15150 0
MOV -4328 9166 0
OUT 6408 6730 -124 -122 274 0 0
OUT 6638 7501 -192 -181 261 0 0
OUT 5828 5708 -307 -144 112 0 1
OUT 5390 7127 -53 34 168 0 1
Round 86 of 109
tags: HAS_LOW_IMPACT SINGLE_COLLISION
IN 6408 6730 -124 -122 274 0 0
IN 6638 7501 -192 -181 261 0 0
IN 5828 5708 -307 -144 112 0 1
IN 5390 7127 -53 34 168 0 1
MOV 7042 4833 200
MOV 6951 5526 200
MOV 5130 15684 0
MOV -4555 6082 0
OUT 6303 6267 -91 -400 288 0 0
OUT 6522 7274 -96 -186 279 0 0
OUT 5521 5564 -260 -122 94 0 1
OUT 5337 7161 -45 28 186 0 1
Round 87 of 109
tags: SHIELD
IN 6303 6267 -91 -400 288 0 0
IN 6522 7274 -96 -186 279 0 0
IN 5521 5564 -260 -122 94 0 1
IN 5337 7161 -45 28 186 0 1
MOV 7479 4649 200
MOV 6209 5299 SHIELD
MOV 7940 15267 0
MOV -4444 9240 0
OUT 6330 5705 22 -477 306 0 0
OUT 6426 7088 -81 -158 261 3 0
OUT 5261 5442 -221 -103 76 0 1
OUT 5292 7189 -38 23 168 0 1
Round 88 of 109
tags: ENGINE_COOLDOWN
IN 6330 5705 22 -477 306 0 0
IN 6426 7088 -81 -158 261 3 0
IN 5261 5442 -221 -103 76 0 1
IN 5292 7189 -38 23 168 0 1
MOV 7948 4529 200
MOV 5557 5287 149
MOV 10560 13922 0
MOV -4670 8061 0
OUT 6514 5110 156 -505 324 0 0
OUT 6345 6930 -68 -134 244 2 0
OUT 5040 5339 -187 -87 58 0 1
OUT 5254 7212 -32 19 175 0 1
Round 89 of 109
tags: ENGINE_COOLDOWN SHIELD
IN 6514 5110 156 -505 324 0 0
IN 6345 6930 -68 -134 244 2 0
IN 5040 5339 -187 -87 58 0 1
IN 5254 7212 -32 19 175 0 1
MOV 8416 4492 200
MOV 4956 5491 SHIELD
MOV 12700 11767 200
MOV -3951 11119 0
OUT 6860 4543 294 -481 342 0 0
OUT 6277 6796 -57 -113 226 3 0
OUT 5006 5381 -28 35 40 0 1
OUT 5222 7231 -27 16 157 0 1
Round 90 of 109
tags: ENGINE_COOLDOWN
IN 6860 4543 294 -481 342 0 0
IN 6277 6796 -57 -113 226 3 0
IN 5006 5381 -28 35 40 0 1
IN 5222 7231 -27 16 157 0 1
MOV 8771 3955 200
MOV 4889 5356 200
MOV 14278 9127 200
MOV -4740 8103 0
OUT 7345 4003 412 -458 343 0 0
OUT 6220 6683 -48 -96 226 2 0
OUT 5163 5491 133 93 22 0 1
OUT 5195 7247 -22 13 175 0 1
Round 91 of 109
tags: ENGINE_COOLDOWN
IN 7345 4003 412 -458 343 0 0
IN 6220 6683 -48 -96 226 2 0
IN 5163 5491 133 93 22 0 1
IN 5195 7247 -22 13 175 0 1
MOV 9345 4038 200
MOV 5230 4945 200
MOV 13909 10339 200
MOV -4549 4997 0
OUT 7957 3548 520 -386 1 0 0
OUT 6172 6587 -40 -81 240 1 0
OUT 5471 5681 261 161 29 0 1
OUT 5173 7260 -18 11 193 0 1
Round 92 of 109
tags: ENGINE_COOLDOWN ONLY_HIGH_IMPACT SINGLE_COLLISION
IN 7957 3548 520 -386 1 0 0
IN 6172 6587 -40 -81 240 1 0
IN 5471 5681 261 161 29 0 1
IN 5173 7260 -18 11 193 0 1
MOV 9848 4199 200
MOV 5699 4644 200
MOV 12291 12995 200
MOV -3399 2110 0
OUT 8666 3227 602 -273 19 0 0
OUT 6253 6692 227 333 256 0 0
OUT 5747 5802 76 -140 47 0 1
OUT 5155 7271 -15 9 211 0 1
Round 93 of 109
tags: MOVE_ONLY
IN 8666 3227 602 -273 19 0 0
IN 6253 6692 227 333 256 0 0
IN 5747 5802 76 -140 47 0 1
IN 5155 7271 -15 9 211 0 1
MOV 10263 4431 0
MOV 5193 4996 0
MOV 14493 10650 200
MOV -1406 -276 0
OUT 9268 2954 511 -232 37 0 0
OUT 6480 7025 192 283 238 0 0
OUT 5998 5759 213 -36 29 0 1
OUT 5140 7280 -12 7 229 0 1
Round 94 of 109
tags: MOVE_ONLY
IN 9268 2954 511 -232 37 0 0
IN 6480 7025 192 283 238 0 0
IN 5998 5759 213 -36 29 0 1
IN 5140 7280 -12 7 229 0 1
MOV 10415 4592 0
MOV 5996 5084 168
MOV 12945 12952 0
MOV 1233 -1925 0
OUT 9779 2722 434 -197 55 0 0
OUT 6631 7145 128 101 256 0 0
OUT 6211 5723 181 -30 46 0 1
OUT 5128 7287 -10 5 247 0 1
Round 95 of 109
tags: MOVE_ONLY
IN 9779 2722 434 -197 55 0 0
IN 6631 7145 128 101 256 0 0
IN 6211 5723 181 -30 46 0 1
IN 5128 7287 -10 5 247 0 1
MOV 10364 4635 200
MOV 6603 5145 200
MOV 10595 14711 200
MOV 4256 -2675 0
OUT 10272 2716 418 -4 73 0 0
OUT 6756 7046 106 -84 269 0 0
OUT 6480 5873 228 127 64 0 1
OUT 5118 7292 -8 4 265 0 1
Round 96 of 109
tags: ONLY_HIGH_IMPACT SHIELD SINGLE_COLLISION
IN 10272 2716 418 -4 73 0 0
IN 6756 7046 106 -84 269 0 0
IN 6480 5873 228 127 64 0 1
IN 5118 7292 -8 4 265 0 1
MOV 10237 4716 200
MOV 6840 5048 200
MOV 8899 15576 SHIELD
MOV 7368 -2452 0
OUT 10687 2912 352 166 91 0 0
OUT 6878 6799 235 401 272 0 0
OUT 6707 5996 179 43 76 3 1
OUT 5110 7296 -6 3 283 0 1
Round 97 of 109
tags: ENGINE_COOLDOWN
IN 10687 2912 352 166 91 0 0
IN 6878 6799 235 401 272 0 0
IN 6707 5996 179 43 76 3 1
IN 5110 7296 -6 3 283 0 1
MOV 10045 4806 200
MOV 6430 4850 200
MOV 6532 15994 200
MOV 10260 -1276 200
OUT 10975 3267 244 302 109 0 0
OUT 7068 7005 161 175 257 0 0
OUT 6886 6039 152 36 91 2 1
OUT 5207 7128 82 -143 301 0 1
Round 98 of 109
tags: ENGINE_COOLDOWN
IN 10975 3267 244 302 109 0 0
IN 7068 7005 161 175 257 0 0
IN 6886 6039 152 36 91 2 1
IN 5207 7128 82 -143 301 0 1
MOV 9771 4864 197
MOV 6999 5006 133
MOV 9810 15602 200
MOV 12754 567 0
OUT 11101 3727 107 390 127 0 0
OUT 7224 7047 132 35 268 0 0
OUT 7038 6075 129 30 73 1 1
OUT 5289 6985 69 -121 319 0 1
Round 99 of 109
tags: ENGINE_COOLDOWN ONLY_HIGH_IMPACT SHIELD SINGLE_COLLISION
IN 11101 3727 107 390 127 0 0
IN 7224 7047 132 35 268 0 0
IN 7038 6075 129 30 73 1 1
IN 5289 6985 69 -121 319 0 1
MOV 9463 4874 200
MOV 6540 5168 200
MOV 9794 15688 SHIELD
MOV 14494 3078 200
OUT 11045 4233 -47 429 145 0 0
OUT 7288 6897 98 161 250 0 0
OUT 7167 6105 105 -3 74 3 1
OUT 5542 6786 215 -169 337 0 1
Round 100 of 109
tags: ENGINE_COOLDOWN
IN 11045 4233 -47 429 145 0 0
IN 7288 6897 98 161 250 0 0
IN 7167 6105 105 -3 74 3 1
IN 5542 6786 215 -169 337 0 1
MOV 9189 4978 200
MOV 7083 4908 58
MOV 9755 15764 100
MOV 15504 5914 100
OUT 10812 4737 -197 427 158 0 0
OUT 7380 7000 78 87 264 0 0
OUT 7272 6102 89 -2 75 2 1
OUT 5857 6608 267 -151 355 0 1
Round 101 of 109
tags: ENGINE_COOLDOWN HAS_LOW_IMPACT SHIELD SINGLE_COLLISION
IN 10812 4737 -197 427 158 0 0
IN 7380 7000 78 87 264 0 0
IN 7272 6102 89 -2 75 2 1
IN 5857 6608 267 -151 355 0 1
MOV 9176 5888 200
MOV 7379 5000 200
MOV 8491 16027 SHIELD
MOV 15601 8858 200
OUT 10451 5279 -306 460 145 0 0
OUT 7460 6901 89 90 270 0 0
OUT 7361 6099 73 -20 83 3 1
OUT 6319 6502 392 -90 13 0 1
Round 102 of 109
tags: ENGINE_COOLDOWN ONLY_HIGH_IMPACT SHIELD SINGLE_COLLISION
IN 10451 5279 -306 460 145 0 0
IN 7460 6901 89 90 270 0 0
IN 7361 6099 73 -20 83 3 1
IN 6319 6502 392 -90 13 0 1
MOV 8538 5864 200
MOV 6842 4999 62
MOV 6316 16044 SHIELD
MOV 14891 11652 200
OUT 9954 5798 -422 441 163 0 0
OUT 7530 6932 59 26 252 0 0
OUT 7449 6069 113 -49 96 3 1
OUT 6728 6613 -39 338 31 0 1
Round 103 of 109
tags: ENGINE_COOLDOWN HAS_LOW_IMPACT SINGLE_COLLISION
IN 9954 5798 -422 441 163 0 0
IN 7530 6932 59 26 252 0 0
IN 7449 6069 113 -49 96 3 1
IN 6728 6613 -39 338 31 0 1
MOV 7954 5763 200
MOV 6354 5314 40
MOV 9528 15850 0
MOV 14714 12631 98
OUT 9332 6236 -528 372 181 0 0
OUT 7603 6927 140 0 234 0 0
OUT 7562 6020 96 -41 78 2 1
OUT 6729 7008 -77 332 37 0 1
Round 104 of 109
tags: ENGINE_COOLDOWN
IN 9332 6236 -528 372 181 0 0
IN 7603 6927 140 0 234 0 0
IN 7562 6020 96 -41 78 2 1
IN 6729 7008 -77 332 37 0 1
MOV 7416 5664 200
MOV 5985 5751 200
MOV 7387 16018 0
MOV 16184 10264 200
OUT 8612 6551 -611 267 197 0 0
OUT 7581 6809 -18 -99 216 0 0
OUT 7658 5979 81 -34 91 1 1
OUT 6841 7405 95 337 19 0 1
Round 105 of 109
tags: ENGINE_COOLDOWN HAS_LOW_IMPACT MULTI_COLLISION
IN 8612 6551 -611 267 197 0 0
IN 7581 6809 -18 -99 216 0 0
IN 7658 5979 81 -34 91 1 1
IN 6841 7405 95 337 19 0 1
MOV 6928 5472 200
MOV 5718 6082 200
MOV 6960 15955 200
MOV 16839 7580 0
OUT 8153 6659 -191 60 213 0 0
OUT 7034 6783 -674 56 201 0 0
OUT 7761 5851 98 -156 94 0 1
OUT 6936 7742 80 286 1 0 1
Round 106 of 109
tags: MOVE_ONLY
IN 8153 6659 -191 60 213 0 0
IN 7034 6783 -674 56 201 0 0
IN 7761 5851 98 -156 94 0 1
IN 6936 7742 80 286 1 0 1
MOV 6362 5769 200
MOV 5054 6498 200
MOV 4015 15123 100
MOV 16499 4818 0
OUT 7783 6630 -314 -24 206 0 0
OUT 6162 6811 -741 23 188 0 0
OUT 7822 5788 51 -53 112 0 1
OUT 7016 8028 68 243 343 0 1
Round 107 of 109
tags: HAS_LOW_IMPACT SINGLE_COLLISION
IN 7783 6630 -314 -24 206 0 0
IN 6162 6811 -741 23 188 0 0
IN 7822 5788 51 -53 112 0 1
IN 7016 8028 68 243 343 0 1
MOV 6278 5313 200
MOV 4341 5985 200
MOV 1394 13448 200
MOV 15208 2292 0
OUT 7293 6648 -421 51 221 0 0
OUT 5239 6751 -784 -50 204 0 0
OUT 7770 5714 -39 -98 130 0 1
OUT 7084 8271 57 206 325 0 1
Round 108 of 109
tags: MOVE_ONLY
IN 7293 6648 -421 51 221 0 0
IN 5239 6751 -784 -50 204 0 0
IN 7770 5714 -39 -98 130 0 1
IN 7084 8271 57 206 325 0 1
MOV 6144 5011 200
MOV 3735 5433 200
MOV -710 11013 0
MOV 13102 285 200
OUT 6757 6535 -455 -95 235 0 0
OUT 4305 6569 -794 -154 221 0 0
OUT 7731 5616 -33 -83 148 0 1
OUT 7261 8317 150 39 307 0 1
Round 109 of 109
tags: MOVE_ONLY
IN 6757 6535 -455 -95 235 0 0
IN 4305 6569 -794 -154 221 0 0
IN 7731 5616 -33 -83 148 0 1
IN 7261 8317 150 39 307 0 1
MOV 6099 4646 200
MOV 2760 5299 200
MOV -1972 8035 0
MOV 10517 -1138 100
OUT 6236 6251 -442 -241 251 0 0
OUT 3356 6288 -806 -238 219 0 0
OUT 7698 5533 -28 -70 166 0 1
OUT 7444 8261 155 -47 289 0 1
