Replay between sethorizer and epoxyPilot
where epoxyPilot wins!
Round 1 of 218
tags: BOOST HAS_LOW_IMPACT SINGLE_COLLISION
IN 8231 7616 0 0 259 0 0
IN 9191 7336 0 0 248 0 0
IN 7271 7895 0 0 287 0 0
IN 10151 7057 0 0 227 0 0
MOV 7847 5653 200
MOV 8448 5479 200
MOV 10193 -1669 BOOST
MOV 3279 -208 BOOST
OUT 8261 7421 161 -162 259 0 0
OUT 9117 7150 -63 -157 248 0 0
OUT 7393 7272 -33 -533 287 0 1
OUT 9704 6585 -379 -401 227 0 1
Round 2 of 218
tags: HAS_LOW_IMPACT MULTI_COLLISION
IN 8261 7421 161 -162 259 0 0
IN 9117 7150 -63 -157 248 0 0
IN 7393 7272 -33 -533 287 0 1
IN 9704 6585 -379 -401 227 0 1
MOV 7575 5542 200
MOV 8832 5170 200
MOV 13129 -920 199
MOV 958 1737 200
OUT 8100 7149 -226 -203 250 0 0
OUT 9129 6872 91 -255 262 0 0
OUT 7474 6576 68 -591 305 0 1
OUT 9300 5933 -334 -563 209 0 1
Round 3 of 218
tags: MOVE_ONLY
IN 8100 7149 -226 -203 250 0 0
IN 9129 6872 91 -255 262 0 0
IN 7474 6576 68 -591 305 0 1
IN 9300 5933 -334 -563 209 0 1
MOV 6869 5573 200
MOV 8252 5074 200
MOV 14545 -495 0
MOV -516 4025 200
OUT 7751 6788 -296 -306 232 0 0
OUT 9132 6437 2 -369 244 0 0
OUT 7542 5985 57 -502 315 0 1
OUT 8770 5332 -450 -510 191 0 1
Round 4 of 218
tags: MOVE_ONLY
IN 7751 6788 -296 -306 232 0 0
IN 9132 6437 2 -369 244 0 0
IN 7542 5985 57 -502 315 0 1
IN 8770 5332 -450 -510 191 0 1
MOV 6774 5043 200
MOV 7978 4804 200
MOV 12082 -2925 0
MOV -1155 6551 200
OUT 7357 6307 -334 -408 241 0 0
OUT 9019 5905 -96 -452 235 0 0
OUT 7599 5483 48 -426 297 0 1
OUT 8121 4846 -551 -412 173 0 1
Round 5 of 218
tags: MULTI_COLLISION ONLY_HIGH_IMPACT
IN 7357 6307 -334 -408 241 0 0
IN 9019 5905 -96 -452 235 0 0
IN 7599 5483 48 -426 297 0 1
IN 8121 4846 -551 -412 173 0 1
MOV 6975 4344 200
MOV 7613 4483 200
MOV 14546 -1710 200
MOV -942 9072 200
OUT 6821 6158 -478 -63 259 0 0
OUT 8782 5311 -201 -505 225 0 0
OUT 7495 5036 -77 -427 314 0 1
OUT 7842 3940 -224 -785 155 0 1
Round 6 of 218
tags: MOVE_ONLY
IN 6821 6158 -478 -63 259 0 0
IN 8782 5311 -201 -505 225 0 0
IN 7495 5036 -77 -427 314 0 1
IN 7842 3940 -224 -785 155 0 1
MOV 6005 4332 200
MOV 7503 3774 190
MOV 15882 -410 200
MOV -1817 6528 200
OUT 6261 5912 -475 -208 246 0 0
OUT 8459 4660 -274 -553 230 0 0
OUT 7586 4500 77 -455 327 0 1
OUT 7425 3207 -354 -623 165 0 1
Round 7 of 218
tags: ONLY_HIGH_IMPACT SHIELD SINGLE_COLLISION
IN 6261 5912 -475 -208 246 0 0
IN 8459 4660 -274 -553 230 0 0
IN 7586 4500 77 -455 327 0 1
IN 7425 3207 -354 -623 165 0 1
MOV 5935 3939 200
MOV 6763 3600 200
MOV 16066 -799 SHIELD
MOV -962 8653 200
OUT 5753 5507 -431 -344 261 0 0
OUT 8839 4133 456 -426 212 0 0
OUT 7581 4032 -17 -400 328 3 1
OUT 6903 2693 -443 -436 147 0 1
Round 8 of 218
tags: ENGINE_COOLDOWN
IN 5753 5507 -431 -344 261 0 0
IN 8839 4133 456 -426 212 0 0
IN 7581 4032 -17 -400 328 3 1
IN 6903 2693 -443 -436 147 0 1
MOV 6066 3532 200
MOV 6898 3649 200
MOV 17284 1613 200
MOV 610 10464 200
OUT 5352 4965 -340 -460 279 0 0
OUT 9101 3658 222 -403 194 0 0
OUT 7564 3632 -14 -340 346 2 1
OUT 6334 2412 -483 -238 129 0 1
Round 9 of 218
tags: ENGINE_COOLDOWN
IN 5352 4965 -340 -460 279 0 0
IN 9101 3658 222 -403 194 0 0
IN 7564 3632 -14 -340 346 2 1
IN 6334 2412 -483 -238 129 0 1
MOV 6144 3128 200
MOV 7104 3764 200
MOV 17489 2413 0
MOV -2053 7858 200
OUT 5091 4321 -221 -547 293 0 0
OUT 9123 3266 18 -333 177 0 0
OUT 7550 3292 -11 -289 353 1 1
OUT 5683 2283 -553 -109 147 0 1
Round 10 of 218
tags: ENGINE_COOLDOWN
IN 5091 4321 -221 -547 293 0 0
IN 9123 3266 18 -333 177 0 0
IN 7550 3292 -11 -289 353 1 1
IN 5683 2283 -553 -109 147 0 1
MOV 5265 2329 200
MOV 7256 3983 200
MOV 17526 2594 0
MOV -2088 8576 198
OUT 4889 3575 -172 -634 275 0 0
OUT 8954 3005 -143 -222 159 0 0
OUT 7539 3003 -9 -245 356 0 1
OUT 4976 2299 -600 13 141 0 1
Round 11 of 218
tags: ONLY_HIGH_IMPACT SHIELD SINGLE_COLLISION
IN 4889 3575 -172 -634 275 0 0
IN 8954 3005 -143 -222 159 0 0
IN 7539 3003 -9 -245 356 0 1
IN 4976 2299 -600 13 141 0 1
MOV 4842 1576 200
MOV 7149 3866 200
MOV 17464 4222 200
MOV -1715 9730 SHIELD
OUT 4825 3298 78 421 269 0 0
OUT 8630 2869 -274 -115 154 0 0
OUT 7729 2782 161 -187 7 0 1
OUT 4365 2256 -532 -101 132 3 1
Round 12 of 218
tags: ENGINE_COOLDOWN ONLY_HIGH_IMPACT SHIELD SINGLE_COLLISION
IN 4825 3298 78 421 269 0 0
IN 8630 2869 -274 -115 154 0 0
IN 7729 2782 161 -187 7 0 1
IN 4365 2256 -532 -101 132 3 1
MOV 5410 1385 0
MOV 6649 3147 0
MOV 17126 6202 SHIELD
MOV 298 11391 200
OUT 4903 3719 66 357 287 0 0
OUT 8928 2830 413 -12 172 0 0
OUT 7833 2587 72 -167 20 3 1
OUT 3833 2155 -452 -85 114 2 1
Round 13 of 218
tags: ENGINE_COOLDOWN SHIELD
IN 4903 3719 66 357 287 0 0
IN 8928 2830 413 -12 172 0 0
IN 7833 2587 72 -167 20 3 1
IN 3833 2155 -452 -85 114 2 1
MOV 4868 1719 SHIELD
MOV 6930 2925 200
MOV 16220 8033 200
MOV 2269 12032 113
OUT 4969 4076 56 303 269 3 0
OUT 9141 2827 181 -2 177 0 0
OUT 7905 2420 61 -141 33 2 1
OUT 3381 2070 -384 -72 99 1 1
Round 14 of 218
tags: ENGINE_COOLDOWN
IN 4969 4076 56 303 269 3 0
IN 9141 2827 181 -2 177 0 0
IN 7905 2420 61 -141 33 2 1
IN 3381 2070 -384 -72 99 1 1
MOV 4318 2185 200
MOV 7164 3127 200
MOV 15452 8981 200
MOV 4253 12032 200
OUT 5025 4379 47 257 251 2 0
OUT 9124 2855 -14 23 171 0 0
OUT 7966 2279 51 -119 41 1 1
OUT 2997 1998 -326 -61 85 0 1
Round 15 of 218
tags: ENGINE_COOLDOWN
IN 5025 4379 47 257 251 2 0
IN 9124 2855 -14 23 171 0 0
IN 7966 2279 51 -119 41 1 1
IN 2997 1998 -326 -61 85 0 1
MOV 3904 2723 6
MOV 7146 3148 200
MOV 13116 10851 200
MOV 6904 11203 200
OUT 5072 4636 39 218 236 1 0
OUT 8912 2907 -180 44 172 0 0
OUT 8017 2160 43 -101 59 0 1
OUT 2749 2121 -210 104 67 0 1
Round 16 of 218
tags: ENGINE_COOLDOWN
IN 5072 4636 39 218 236 1 0
IN 8912 2907 -180 44 172 0 0
IN 8017 2160 43 -101 59 0 1
IN 2749 2121 -210 104 67 0 1
MOV 3496 3405 117
MOV 6942 2560 200
MOV 10605 11819 162
MOV 7597 10867 200
OUT 5111 4854 33 185 218 0 0
OUT 8535 2918 -320 9 190 0 0
OUT 8102 2215 72 47 75 0 1
OUT 2636 2400 -96 237 61 0 1
Round 17 of 218
tags: ONLY_HIGH_IMPACT SHIELD SINGLE_COLLISION
IN 5111 4854 33 185 218 0 0
IN 8535 2918 -320 9 190 0 0
IN 8102 2215 72 47 75 0 1
IN 2636 2400 -96 237 61 0 1
MOV 3492 3679 200
MOV 6769 1979 SHIELD
MOV 9147 12160 25
MOV 9950 9220 200
OUT 4982 4922 -109 57 216 0 0
OUT 8235 2962 -253 41 208 3 0
OUT 7977 1933 -125 -273 84 0 1
OUT 2686 2773 42 317 43 0 1
Round 18 of 218
tags: ENGINE_COOLDOWN
IN 4982 4922 -109 57 216 0 0
IN 8235 2962 -253 41 208 3 0
IN 7977 1933 -125 -273 84 0 1
IN 2686 2773 42 317 43 0 1
MOV 3080 4304 200
MOV 6643 1751 200
MOV 6241 11781 168
MOV 7534 11519 200
OUT 4683 4917 -254 -4 198 0 0
OUT 7982 3003 -215 34 217 2 0
OUT 7823 1825 -131 -91 100 0 1
OUT 2825 3265 118 418 61 0 1
Round 19 of 218
tags: ENGINE_COOLDOWN
IN 4683 4917 -254 -4 198 0 0
IN 7982 3003 -215 34 217 2 0
IN 7823 1825 -131 -91 100 0 1
IN 2825 3265 118 418 61 0 1
MOV 3032 3788 200
MOV 6835 1365 200
MOV 6259 11702 200
MOV 10139 10085 200
OUT 4264 4800 -356 -99 214 0 0
OUT 7767 3037 -182 28 235 1 0
OUT 7661 1932 -137 90 99 0 1
OUT 3089 3819 224 471 43 0 1
Round 20 of 218
tags: ENGINE_COOLDOWN ONLY_HIGH_IMPACT SHIELD SINGLE_COLLISION
IN 4264 4800 -356 -99 214 0 0
IN 7767 3037 -182 28 235 1 0
IN 7661 1932 -137 90 99 0 1
IN 3089 3819 224 471 43 0 1
MOV 2341 4249 SHIELD
MOV 6835 1267 200
MOV 3277 10920 14
MOV 10860 10112 SHIELD
OUT 3971 4746 252 313 196 3 0
OUT 7585 3065 -154 23 242 0 0
OUT 7518 2035 -121 87 116 0 1
OUT 3250 4245 -364 2 39 3 1
Round 21 of 218
tags: ENGINE_COOLDOWN ONLY_HIGH_IMPACT SINGLE_COLLISION
IN 3971 4746 252 313 196 3 0
IN 7585 3065 -154 23 242 0 0
IN 7518 2035 -121 87 116 0 1
IN 3250 4245 -364 2 39 3 1
MOV 2100 4038 200
MOV 6883 1192 168
MOV 6126 11938 200
MOV 8696 12632 97
OUT 4223 5059 214 266 201 2 0
OUT 7380 3120 -166 243 249 0 0
OUT 7362 2130 -140 -115 98 0 1
OUT 2886 4247 -309 1 57 2 1
Round 22 of 218
tags: ENGINE_COOLDOWN
IN 4223 5059 214 266 201 2 0
IN 7380 3120 -166 243 249 0 0
IN 7362 2130 -140 -115 98 0 1
IN 2886 4247 -309 1 57 2 1
MOV 2514 4020 200
MOV 7275 1123 200
MOV 9098 11978 16
MOV 10433 10808 125
OUT 4437 5325 181 226 211 1 0
OUT 7203 3163 -150 36 267 0 0
OUT 7225 2031 -116 -84 80 0 1
OUT 2577 4248 -262 0 41 1 1
Round 23 of 218
tags: ENGINE_COOLDOWN
IN 4437 5325 181 226 211 1 0
IN 7203 3163 -150 36 267 0 0
IN 7225 2031 -116 -84 80 0 1
IN 2577 4248 -262 0 41 1 1
MOV 2830 4134 200
MOV 7721 1231 200
MOV 11132 11236 200
MOV 9268 11679 0
OUT 4618 5551 153 192 217 0 0
OUT 7105 3006 -83 -133 285 0 0
OUT 7187 2131 -32 85 67 0 1
OUT 2315 4248 -222 0 48 0 1
Round 24 of 218
tags: ONLY_HIGH_IMPACT SINGLE_COLLISION
IN 4618 5551 153 192 217 0 0
IN 7105 3006 -83 -133 285 0 0
IN 7187 2131 -32 85 67 0 1
IN 2315 4248 -222 0 48 0 1
MOV 2809 4697 200
MOV 7035 1007 200
MOV 8059 12093 195
MOV 8608 12019 200
OUT 4590 5658 -23 90 205 0 0
OUT 6955 3191 -134 223 268 0 0
OUT 7232 1893 45 -268 85 0 1
OUT 2219 4403 -81 132 51 0 1
Round 25 of 218
tags: MOVE_ONLY
IN 4590 5658 -23 90 205 0 0
IN 6955 3191 -134 223 268 0 0
IN 7232 1893 45 -268 85 0 1
IN 2219 4403 -81 132 51 0 1
MOV 2804 4758 200
MOV 7469 1258 81
MOV 4982 11637 200
MOV 10606 9849 173
OUT 4388 5658 -171 0 207 0 0
OUT 6842 3336 -96 123 285 0 0
OUT 7232 1820 0 -62 103 0 1
OUT 2283 4629 54 192 33 0 1
Round 26 of 218
tags: MOVE_ONLY
IN 4388 5658 -171 0 207 0 0
IN 6842 3336 -96 123 285 0 0
IN 7232 1820 0 -62 103 0 1
IN 2283 4629 54 192 33 0 1
MOV 2974 4244 200
MOV 6857 1336 200
MOV 4813 11523 200
MOV 11942 7217 200
OUT 4075 5517 -266 -119 225 0 0
OUT 6747 3259 -80 -65 270 0 0
OUT 7184 1952 -41 112 104 0 1
OUT 2530 4873 210 207 15 0 1
Round 27 of 218
tags: MOVE_ONLY
IN 4075 5517 -266 -119 225 0 0
IN 6747 3259 -80 -65 270 0 0
IN 7184 1952 -41 112 104 0 1
IN 2530 4873 210 207 15 0 1
MOV 2293 4609 200
MOV 7365 1357 172
MOV 4260 11515 200
MOV 11802 8619 98
OUT 3631 5307 -377 -178 207 0 0
OUT 6720 3030 -22 -194 288 0 0
OUT 7085 2255 -84 257 107 0 1
OUT 2831 5117 255 207 22 0 1
Round 28 of 218
tags: MULTI_COLLISION ONLY_HIGH_IMPACT SHIELD
IN 3631 5307 -377 -178 207 0 0
IN 6720 3030 -22 -194 288 0 0
IN 7085 2255 -84 257 107 0 1
IN 2831 5117 255 207 22 0 1
MOV 1656 4994 SHIELD
MOV 6720 1030 SHIELD
MOV 4497 11914 SHIELD
MOV 11403 10267 SHIELD
OUT 3917 5280 261 -18 189 3 0
OUT 6531 3171 -182 163 270 3 0
OUT 7168 2177 92 -109 105 3 1
OUT 2423 5173 -364 43 31 3 1
Round 29 of 218
tags: ENGINE_COOLDOWN
IN 3917 5280 261 -18 189 3 0
IN 6531 3171 -182 163 270 3 0
IN 7168 2177 92 -109 105 3 1
IN 2423 5173 -364 43 31 3 1
MOV 1942 5593 0
MOV 7149 1269 20
MOV 4412 11790 0
MOV 12082 7761 200
OUT 4178 5262 221 -15 171 2 0
OUT 6349 3334 -154 138 288 2 0
OUT 7260 2068 78 -92 106 2 1
OUT 2059 5216 -309 36 15 2 1
Round 30 of 218
tags: ENGINE_COOLDOWN
IN 4178 5262 221 -15 171 2 0
IN 6349 3334 -154 138 288 2 0
IN 7260 2068 78 -92 106 2 1
IN 2059 5216 -309 36 15 2 1
MOV 2252 5801 200
MOV 7216 1532 200
MOV 2110 10640 0
MOV 11962 6608 0
OUT 4399 5247 187 -12 164 1 0
OUT 6195 3472 -130 117 296 1 0
OUT 7338 1976 66 -78 121 1 1
OUT 1750 5252 -262 30 8 1 1
Round 31 of 218
tags: ENGINE_COOLDOWN
IN 4399 5247 187 -12 164 1 0
IN 6195 3472 -130 117 296 1 0
IN 7338 1976 66 -78 121 1 1
IN 1750 5252 -262 30 8 1 1
MOV 2610 6141 200
MOV 7584 2033 200
MOV -209 8537 200
MOV 11627 3688 0
OUT 4586 5235 158 -10 153 0 0
OUT 6065 3589 -110 99 314 0 0
OUT 7404 1898 56 -66 139 0 1
OUT 1488 5282 -222 25 351 0 1
Round 32 of 218
tags: MOVE_ONLY
IN 4586 5235 158 -10 153 0 0
IN 6065 3589 -110 99 314 0 0
IN 7404 1898 56 -66 139 0 1
IN 1488 5282 -222 25 351 0 1
MOV 2611 5548 200
MOV 7082 1867 200
MOV 843 9445 200
MOV 11336 3546 200
OUT 4546 5256 -33 18 171 0 0
OUT 6057 3516 -7 -62 301 0 0
OUT 7329 1983 -63 72 131 0 1
OUT 1463 5272 -21 -8 350 0 1
Round 33 of 218
tags: MOVE_ONLY
IN 4546 5256 -33 18 171 0 0
IN 6057 3516 -7 -62 301 0 0
IN 7329 1983 -63 72 131 0 1
IN 1463 5272 -21 -8 350 0 1
MOV 2564 4986 200
MOV 7562 2199 200
MOV 1883 10370 92
MOV 11425 4400 200
OUT 4315 5247 -196 -7 188 0 0
OUT 6200 3322 121 -165 319 0 0
OUT 7216 2132 -96 126 123 0 1
OUT 1641 5247 151 -21 355 0 1
Round 34 of 218
tags: MOVE_ONLY
IN 4315 5247 -196 -7 188 0 0
IN 6200 3322 121 -165 319 0 0
IN 7216 2132 -96 126 123 0 1
IN 1641 5247 151 -21 355 0 1
MOV 2315 5265 200
MOV 7950 2354 200
MOV -215 8823 200
MOV 10846 1340 39
OUT 3919 5242 -336 -4 179 0 0
OUT 6496 3060 251 -222 331 0 0
OUT 6971 2392 -207 220 138 0 1
OUT 1828 5211 158 -30 337 0 1
Round 35 of 218
tags: ONLY_HIGH_IMPACT SHIELD SINGLE_COLLISION
IN 3919 5242 -336 -4 179 0 0
IN 6496 3060 251 -222 331 0 0
IN 6971 2392 -207 220 138 0 1
IN 1828 5211 158 -30 337 0 1
MOV 2006 4657 200
MOV 8091 1854 200
MOV -689 8820 SHIELD
MOV 11790 4339 200
OUT 3392 5180 -448 -53 197 0 0
OUT 6074 3901 -375 739 323 0 0
OUT 6847 2494 -103 83 140 3 1
OUT 2185 5164 303 -40 355 0 1
Round 36 of 218
tags: ENGINE_COOLDOWN ONLY_HIGH_IMPACT SHIELD SINGLE_COLLISION
IN 3392 5180 -448 -53 197 0 0
IN 6074 3901 -375 739 323 0 0
IN 6847 2494 -103 83 140 3 1
IN 2185 5164 303 -40 355 0 1
MOV 1581 4332 200
MOV 7221 2263 200
MOV 829 10480 200
MOV 11798 2408 SHIELD
OUT 3712 5010 899 -165 205 0 0
OUT 5814 4476 -221 488 305 0 0
OUT 6744 2577 -87 70 127 2 1
OUT 2393 5127 114 -29 344 3 1
Round 37 of 218
tags: ENGINE_COOLDOWN SHIELD
IN 3712 5010 899 -165 205 0 0
IN 5814 4476 -221 488 305 0 0
IN 6744 2577 -87 70 127 2 1
IN 2393 5127 114 -29 344 3 1
MOV 2234 3663 200
MOV 6399 2563 200
MOV 3488 12032 SHIELD
MOV 10683 -465 43
OUT 4463 4710 638 -254 222 0 0
OUT 5651 4773 -138 252 287 0 0
OUT 6657 2647 -73 59 109 3 1
OUT 2507 5098 96 -24 326 2 1
Round 38 of 218
tags: ENGINE_COOLDOWN
IN 4463 4710 638 -254 222 0 0
IN 5651 4773 -138 252 287 0 0
IN 6657 2647 -73 59 109 3 1
IN 2507 5098 96 -24 326 2 1
MOV 3463 2978 200
MOV 5616 2773 100
MOV 6308 12641 0
MOV 11570 872 161
OUT 5001 4283 457 -363 240 0 0
OUT 5511 4925 -118 129 269 0 0
OUT 6584 2706 -62 50 92 2 1
OUT 2603 5074 81 -20 335 1 1
Round 39 of 218
tags: ENGINE_COOLDOWN SHIELD
IN 5001 4283 457 -363 240 0 0
IN 5511 4925 -118 129 269 0 0
IN 6584 2706 -62 50 92 2 1
IN 2603 5074 81 -20 335 1 1
MOV 4585 2327 45
MOV 6096 3012 26
MOV 7803 12631 SHIELD
MOV 12166 2150 0
OUT 5449 3876 380 -345 258 0 0
OUT 5401 5029 -93 88 287 0 0
OUT 6522 2756 -52 42 83 3 1
OUT 2684 5054 68 -17 343 0 1
Round 40 of 218
tags: ENGINE_COOLDOWN SHIELD
IN 5449 3876 380 -345 258 0 0
IN 5401 5029 -93 88 287 0 0
IN 6522 2756 -52 42 83 3 1
IN 2684 5054 68 -17 343 0 1
MOV 5658 1887 SHIELD
MOV 5366 3029 200
MOV 4614 12572 200
MOV 12682 5229 200
OUT 5829 3531 323 -293 276 3 0
OUT 5305 4917 -82 -95 269 0 0
OUT 6470 2798 -44 35 101 2 1
OUT 2952 5040 227 -11 1 0 1
Round 41 of 218
tags: ENGINE_COOLDOWN ONLY_HIGH_IMPACT SINGLE_COLLISION
IN 5829 3531 323 -293 276 3 0
IN 5305 4917 -82 -95 269 0 0
IN 6470 2798 -44 35 101 2 1
IN 2952 5040 227 -11 1 0 1
MOV 6642 1704 200
MOV 5530 2930 200
MOV 2886 12134 0
MOV 12407 8296 200
OUT 5952 3479 10 69 294 2 0
OUT 5246 4623 -50 -249 276 0 0
OUT 6626 2592 226 -288 111 1 1
OUT 3368 5094 353 45 19 0 1
Round 42 of 218
tags: ENGINE_COOLDOWN SHIELD
IN 5952 3479 10 69 294 2 0
IN 5246 4623 -50 -249 276 0 0
IN 6626 2592 226 -288 111 1 1
IN 3368 5094 353 45 19 0 1
MOV 6161 1490 200
MOV 4830 2667 SHIELD
MOV 4718 12408 0
MOV 13366 5269 200
OUT 5962 3548 8 58 276 1 0
OUT 5196 4374 -42 -211 258 3 0
OUT 6852 2304 192 -244 101 0 1
OUT 3921 5143 470 41 1 0 1
Round 43 of 218
tags: ENGINE_COOLDOWN SHIELD
IN 5962 3548 8 58 276 1 0
IN 5196 4374 -42 -211 258 3 0
IN 6852 2304 192 -244 101 0 1
IN 3921 5143 470 41 1 0 1
MOV 6775 1721 SHIELD
MOV 4196 2642 SHIELD
MOV 3432 11701 200
MOV 13376 8399 146
OUT 5970 3606 6 49 294 3 0
OUT 5154 4163 -35 -179 240 3 0
OUT 6976 2248 105 -47 110 0 1
OUT 4529 5232 516 75 19 0 1
Round 44 of 218
tags: ENGINE_COOLDOWN
IN 5970 3606 6 49 294 3 0
IN 5154 4163 -35 -179 240 3 0
IN 6976 2248 105 -47 110 0 1
IN 4529 5232 516 75 19 0 1
MOV 6262 1627 200
MOV 3668 2825 0
MOV 819 10128 200
MOV 14527 5407 200
OUT 5976 3655 5 41 278 2 0
OUT 5119 3984 -29 -152 222 2 0
OUT 6958 2359 -15 94 128 0 1
OUT 5245 5311 608 66 1 0 1
Round 45 of 218
tags: ENGINE_COOLDOWN
IN 5976 3655 5 41 278 2 0
IN 5119 3984 -29 -152 222 2 0
IN 6958 2359 -15 94 128 0 1
IN 5245 5311 608 66 1 0 1
MOV 5736 1669 1
MOV 4119 2252 34
MOV -1234 8095 200
MOV 15207 4439 200
OUT 5981 3696 4 34 263 1 0
OUT 5090 3832 -24 -129 240 1 0
OUT 6779 2568 -152 177 145 0 1
OUT 6052 5360 686 41 355 0 1
Round 46 of 218
tags: ENGINE_COOLDOWN
IN 5981 3696 4 34 263 1 0
IN 5090 3832 -24 -129 240 1 0
IN 6779 2568 -152 177 145 0 1
IN 6052 5360 686 41 355 0 1
MOV 5400 1782 200
MOV 3941 2195 18
MOV -41 9882 200
MOV 16052 5360 200
OUT 5985 3730 3 28 253 0 0
OUT 5066 3703 -20 -109 235 0 0
OUT 6491 2891 -245 274 133 0 1
OUT 6938 5401 753 34 0 0 1
Round 47 of 218
tags: MULTI_COLLISION ONLY_HIGH_IMPACT SHIELD
IN 5985 3730 3 28 253 0 0
IN 5066 3703 -20 -109 235 0 0
IN 6491 2891 -245 274 133 0 1
IN 6938 5401 753 34 0 0 1
MOV 4838 2092 200
MOV 4481 1790 SHIELD
MOV 2265 11954 41
MOV 16883 4356 200
OUT 5903 3849 141 267 235 0 0
OUT 5028 3591 -62 -98 253 3 0
OUT 6383 2973 -6 -56 115 0 1
OUT 7890 5414 809 11 354 0 1
Round 48 of 218
tags: ENGINE_COOLDOWN SHIELD
IN 5903 3849 141 267 235 0 0
IN 5028 3591 -62 -98 253 3 0
IN 6383 2973 -6 -56 115 0 1
IN 7890 5414 809 11 354 0 1
MOV 4306 2645 SHIELD
MOV 5063 1591 23
MOV 4304 12754 166
MOV 17549 2826 200
OUT 6044 4116 119 226 217 3 0
OUT 4966 3493 -52 -83 271 2 0
OUT 6342 3079 -34 90 102 0 1
OUT 8892 5373 851 -34 345 0 1
Round 49 of 218
tags: ENGINE_COOLDOWN
IN 6044 4116 119 226 217 3 0
IN 4966 3493 -52 -83 271 2 0
IN 6342 3079 -34 90 102 0 1
IN 8892 5373 851 -34 345 0 1
MOV 4153 3465 184
MOV 5617 1602 119
MOV 7387 13024 74
MOV 18027 1306 183
OUT 6163 4342 101 192 199 2 0
OUT 4914 3410 -44 -70 289 1 0
OUT 6316 3243 -22 139 84 0 1
OUT 9910 5265 865 -92 336 0 1
Round 50 of 218
tags: ENGINE_COOLDOWN
IN 6163 4342 101 192 199 2 0
IN 4914 3410 -44 -70 289 1 0
IN 6316 3243 -22 139 84 0 1
IN 9910 5265 865 -92 336 0 1
MOV 4163 4307 99
MOV 6118 1813 0
MOV 5618 13219 32
MOV 19855 4220 170
OUT 6264 4534 85 163 181 1 0
OUT 4870 3340 -37 -59 307 0 0
OUT 6292 3414 -20 145 94 0 1
OUT 10944 5155 878 -93 354 0 1
Round 51 of 218
tags: ENGINE_COOLDOWN SHIELD
IN 6264 4534 85 163 181 1 0
IN 4870 3340 -37 -59 307 0 0
IN 6292 3414 -20 145 94 0 1
IN 10944 5155 878 -93 354 0 1
MOV 4351 5119 SHIELD
MOV 6508 2193 200
MOV 5943 13408 45
MOV 20079 1088 41
OUT 6349 4697 72 138 163 3 0
OUT 4997 3166 107 -147 325 0 0
OUT 6270 3604 -18 161 92 0 1
OUT 11859 5045 778 -93 336 0 1
Round 52 of 218
tags: ENGINE_COOLDOWN SHIELD
IN 6349 4697 72 138 163 3 0
IN 4997 3166 107 -147 325 0 0
IN 6270 3604 -18 161 92 0 1
IN 11859 5045 778 -93 336 0 1
MOV 4711 5844 SHIELD
MOV 6910 2581 156
MOV 2850 13001 200
MOV 19290 -1646 12
OUT 6421 4835 61 117 145 3 0
OUT 5253 2973 217 -163 343 0 0
OUT 6184 3953 -73 296 110 0 1
OUT 12646 4944 668 -85 318 0 1
Round 53 of 218
tags: ENGINE_COOLDOWN HAS_LOW_IMPACT SINGLE_COLLISION
IN 6421 4835 61 117 145 3 0
IN 5253 2973 217 -163 343 0 0
IN 6184 3953 -73 296 110 0 1
IN 12646 4944 668 -85 318 0 1
MOV 5217 6432 200
MOV 7253 3008 200
MOV 27 11833 200
MOV 17646 -3716 0
OUT 6529 5043 134 258 127 2 0
OUT 5670 2813 354 -135 1 0 0
OUT 5940 4315 -248 226 128 0 1
OUT 13314 4859 567 -72 300 0 1
Round 54 of 218
tags: ENGINE_COOLDOWN SHIELD
IN 6529 5043 134 258 127 2 0
IN 5670 2813 354 -135 1 0 0
IN 5940 4315 -248 226 128 0 1
IN 13314 4859 567 -72 300 0 1
MOV 5878 6934 58
MOV 7561 3464 SHIELD
MOV -2252 10051 78
MOV 15393 -4922 16
OUT 6663 5301 113 219 109 1 0
OUT 6024 2678 300 -114 19 3 0
OUT 5628 4586 -265 230 145 0 1
OUT 13884 4771 484 -74 282 0 1
Round 55 of 218
tags: ENGINE_COOLDOWN SHIELD
IN 6663 5301 113 219 109 1 0
IN 6024 2678 300 -114 19 3 0
IN 5628 4586 -265 230 145 0 1
IN 13884 4771 484 -74 282 0 1
MOV 6628 7301 0
MOV 7621 3882 SHIELD
MOV -3827 7842 37
MOV 12839 -5174 200
OUT 6776 5520 96 186 91 0 0
OUT 6324 2564 255 -96 37 3 0
OUT 5328 4828 -254 205 161 0 1
OUT 14347 4498 393 -231 264 0 1
Round 56 of 218
tags: ENGINE_COOLDOWN SHIELD
IN 6776 5520 96 186 91 0 0
IN 6324 2564 255 -96 37 3 0
IN 5328 4828 -254 205 161 0 1
IN 14347 4498 393 -231 264 0 1
MOV 7361 7433 SHIELD
MOV 7471 4202 0
MOV -4670 5003 98
MOV 10280 -4637 200
OUT 6872 5706 81 158 73 3 0
OUT 6579 2468 216 -81 55 2 0
OUT 4976 5035 -299 175 179 0 1
OUT 14659 4084 264 -351 246 0 1
Round 57 of 218
tags: ENGINE_COOLDOWN
IN 6872 5706 81 158 73 3 0
IN 6579 2468 216 -81 55 2 0
IN 4976 5035 -299 175 179 0 1
IN 14659 4084 264 -351 246 0 1
MOV 8019 7344 21
MOV 7164 4381 20
MOV -4587 2111 0
MOV 7968 -3347 200
OUT 6953 5864 68 134 55 2 0
OUT 6795 2387 183 -68 73 1 0
OUT 4677 5210 -254 148 197 0 1
OUT 14789 3584 110 -424 228 0 1
Round 58 of 218
tags: ENGINE_COOLDOWN
IN 6953 5864 68 134 55 2 0
IN 6795 2387 183 -68 73 1 0
IN 4677 5210 -254 148 197 0 1
IN 14789 3584 110 -424 228 0 1
MOV 8550 7068 0
MOV 6760 4387 200
MOV -3515 -526 30
MOV 6129 -1416 200
OUT 7021 5998 57 113 37 1 0
OUT 6978 2319 155 -57 91 0 0
OUT 4398 5341 -236 111 215 0 1
OUT 14726 3060 -53 -445 210 0 1
Round 59 of 218
tags: ENGINE_COOLDOWN
IN 7021 5998 57 113 37 1 0
IN 6978 2319 155 -57 91 0 0
IN 4398 5341 -236 111 215 0 1
IN 14726 3060 -53 -445 210 0 1
MOV 8912 6649 25
MOV 6327 4210 200
MOV -1620 -2645 2
MOV 4945 981 200
OUT 7078 6111 48 96 19 0 0
OUT 7068 2451 76 112 109 0 0
OUT 4161 5450 -201 92 233 0 1
OUT 14477 2573 -211 -413 192 0 1
Round 60 of 218
tags: MOVE_ONLY
IN 7078 6111 48 96 19 0 0
IN 7068 2451 76 112 109 0 0
IN 4161 5450 -201 92 233 0 1
IN 14477 2573 -211 -413 192 0 1
MOV 9078 6146 200
MOV 5864 4048 200
MOV 905 -4005 0
MOV 4532 3618 200
OUT 7326 6211 210 84 1 0 0
OUT 7024 2723 -37 231 127 0 0
OUT 3960 5542 -170 78 251 0 1
OUT 14067 2181 -348 -333 174 0 1
Round 61 of 218
tags: MOVE_ONLY
IN 7326 6211 210 84 1 0 0
IN 7024 2723 -37 231 127 0 0
IN 3960 5542 -170 78 251 0 1
IN 14067 2181 -348 -333 174 0 1
MOV 9239 5626 200
MOV 5386 3870 200
MOV 2915 -4403 27
MOV 4932 6248 200
OUT 7727 6237 341 22 343 0 0
OUT 6823 3069 -170 294 145 0 0
OUT 3787 5593 -146 43 264 0 1
OUT 13536 1929 -451 -213 156 0 1
Round 62 of 218
tags: MOVE_ONLY
IN 7727 6237 341 22 343 0 0
IN 6823 3069 -170 294 145 0 0
IN 3787 5593 -146 43 264 0 1
IN 13536 1929 -451 -213 156 0 1
MOV 9365 5090 200
MOV 4910 3654 200
MOV 5866 -4188 2
MOV 6105 8620 200
OUT 8232 6145 429 -78 325 0 0
OUT 6462 3422 -307 299 163 0 0
OUT 3641 5634 -123 34 282 0 1
OUT 12936 1850 -509 -67 138 0 1
Round 63 of 218
tags: MOVE_ONLY
IN 8232 6145 429 -78 325 0 0
IN 6462 3422 -307 299 163 0 0
IN 3641 5634 -123 34 282 0 1
IN 12936 1850 -509 -67 138 0 1
MOV 9436 4548 200
MOV 4462 3387 10
MOV 8641 -3026 171
MOV 7786 10422 200
OUT 8782 5908 467 -201 307 0 0
OUT 6145 3721 -269 254 181 0 0
OUT 3603 5520 -31 -96 300 0 1
OUT 12324 1954 -520 88 121 0 1
Round 64 of 218
tags: MOVE_ONLY
IN 8782 5908 467 -201 307 0 0
IN 6145 3721 -269 254 181 0 0
IN 3603 5520 -31 -96 300 0 1
IN 12324 1954 -520 88 121 0 1
MOV 9433 4017 200
MOV 4226 4283 11
MOV 11034 -1171 98
MOV 8417 11159 200
OUT 9314 5518 452 -331 289 0 0
OUT 5865 3978 -237 218 164 0 0
OUT 3645 5358 35 -137 318 0 1
OUT 11726 2226 -508 231 113 0 1
Round 65 of 218
tags: MOVE_ONLY
IN 9314 5518 452 -331 289 0 0
IN 5865 3978 -237 218 164 0 0
IN 3645 5358 35 -137 318 0 1
IN 11726 2226 -508 231 113 0 1
MOV 9349 3518 200
MOV 3865 3952 159
MOV 12780 1291 200
MOV 7186 11136 200
OUT 9770 4987 387 -451 271 0 0
OUT 5469 4194 -336 183 181 0 0
OUT 3863 5140 185 -185 336 0 1
OUT 11127 2635 -508 347 117 0 1
Round 66 of 218
tags: MOVE_ONLY
IN 9770 4987 387 -451 271 0 0
IN 5469 4194 -336 183 181 0 0
IN 3863 5140 185 -185 336 0 1
IN 11127 2635 -508 347 117 0 1
MOV 9201 3070 200
MOV 3556 4779 14
MOV 12998 1073 200
MOV 4056 9706 200
OUT 10100 4344 280 -546 253 0 0
OUT 5120 4381 -296 159 163 0 0
OUT 4231 4874 312 -226 336 0 1
OUT 10478 3123 -552 415 135 0 1
Round 67 of 218
tags: MULTI_COLLISION ONLY_HIGH_IMPACT SHIELD
IN 10100 4344 280 -546 253 0 0
IN 5120 4381 -296 159 163 0 0
IN 4231 4874 312 -226 336 0 1
IN 10478 3123 -552 415 135 0 1
MOV 10135 2344 SHIELD
MOV 3482 5528 SHIELD
MOV 13060 179 SHIELD
MOV 5032 11510 SHIELD
OUT 10371 4346 224 364 271 3 0
OUT 5266 4304 286 -152 145 3 0
OUT 4101 4884 -272 95 332 3 1
OUT 9935 2990 -455 -475 123 3 1
Round 68 of 218
tags: ENGINE_COOLDOWN
IN 10371 4346 224 364 271 3 0
IN 5266 4304 286 -152 145 3 0
IN 4101 4884 -272 95 332 3 1
IN 9935 2990 -455 -475 123 3 1
MOV 9786 2433 0
MOV 4062 5901 200
MOV 12191 -994 157
MOV 5709 12053 200
OUT 10595 4710 190 309 253 2 0
OUT 5552 4152 243 -129 127 2 0
OUT 3829 4979 -231 80 324 2 1
OUT 9480 2515 -386 -403 115 2 1
Round 69 of 218
tags: ENGINE_COOLDOWN
IN 10595 4710 190 309 253 2 0
IN 5552 4152 243 -129 127 2 0
IN 3829 4979 -231 80 324 2 1
IN 9480 2515 -386 -403 115 2 1
MOV 9448 3072 0
MOV 3914 5299 79
MOV 13034 1072 0
MOV 6892 12174 95
OUT 10785 5019 161 262 235 1 0
OUT 5795 4023 206 -109 145 1 0
OUT 3598 5059 -196 68 337 1 1
OUT 9094 2112 -328 -342 105 1 1
Round 70 of 218
tags: ENGINE_COOLDOWN
IN 10785 5019 161 262 235 1 0
IN 5795 4023 206 -109 145 1 0
IN 3598 5059 -196 68 337 1 1
IN 9094 2112 -328 -342 105 1 1
MOV 9188 3815 200
MOV 3991 4886 164
MOV 12258 59 200
MOV 7530 11989 151
OUT 10946 5281 136 222 217 0 0
OUT 6001 3914 175 -92 154 0 0
OUT 3402 5127 -166 57 330 0 1
OUT 8766 1770 -278 -290 99 0 1
Round 71 of 218
tags: MOVE_ONLY
IN 10946 5281 136 222 217 0 0
IN 6001 3914 175 -92 154 0 0
IN 3402 5127 -166 57 330 0 1
IN 8766 1770 -278 -290 99 0 1
MOV 9055 4630 71
MOV 4558 5299 71
MOV 13183 3048 200
MOV 9985 11695 200
OUT 11015 5480 58 169 199 0 0
OUT 6125 3871 105 -36 136 0 0
OUT 3432 5142 25 13 348 0 1
OUT 8512 1679 -215 -77 83 0 1
Round 72 of 218
tags: MOVE_ONLY
IN 11015 5480 58 169 199 0 0
IN 6125 3871 105 -36 136 0 0
IN 3432 5142 25 13 348 0 1
IN 8512 1679 -215 -77 83 0 1
MOV 9015 5445 82
MOV 4327 4748 200
MOV 12495 916 200
MOV 10762 11423 200
OUT 10991 5648 -20 142 181 0 0
OUT 6050 3923 -63 43 154 0 0
OUT 3638 5070 175 -60 335 0 1
OUT 8342 1797 -144 100 77 0 1
Round 73 of 218
tags: MOVE_ONLY
IN 10991 5648 -20 142 181 0 0
IN 6050 3923 -63 43 154 0 0
IN 3638 5070 175 -60 335 0 1
IN 8342 1797 -144 100 77 0 1
MOV 9078 6233 185
MOV 4317 4922 200
MOV 11409 -1223 200
MOV 9734 11700 200
OUT 10794 5844 -167 166 163 0 0
OUT 5814 4066 -200 121 150 0 0
OUT 3968 4884 280 -157 321 0 1
OUT 8226 2095 -98 253 82 0 1
Round 74 of 218
tags: MOVE_ONLY
IN 10794 5844 -167 166 163 0 0
IN 5814 4066 -200 121 150 0 0
IN 3968 4884 280 -157 321 0 1
IN 8226 2095 -98 253 82 0 1
MOV 9033 6793 165
MOV 3998 4903 200
MOV 13304 1300 200
MOV 9962 11943 200
OUT 10482 6088 -265 207 152 0 0
OUT 5432 4271 -324 174 155 0 0
OUT 4435 4655 396 -194 339 0 1
OUT 8163 2545 -53 382 80 0 1
Round 75 of 218
tags: ONLY_HIGH_IMPACT SHIELD SINGLE_COLLISION
IN 10482 6088 -265 207 152 0 0
IN 5432 4271 -324 174 155 0 0
IN 4435 4655 396 -194 339 0 1
IN 8163 2545 -53 382 80 0 1
MOV 8512 6435 149
MOV 3551 4951 SHIELD
MOV 14094 2067 SHIELD
MOV 9899 12393 200
OUT 10070 6322 -349 198 170 0 0
OUT 5612 4271 367 -74 160 3 0
OUT 4327 4635 -306 57 345 3 1
OUT 8145 3124 -15 492 80 0 1
Round 76 of 218
tags: ENGINE_COOLDOWN
IN 10070 6322 -349 198 170 0 0
IN 5612 4271 367 -74 160 3 0
IN 4327 4635 -306 57 345 3 1
IN 8145 3124 -15 492 80 0 1
MOV 8089 6044 6
MOV 3613 4341 200
MOV 13940 1879 34
MOV 10224 12905 149
OUT 9715 6519 -301 167 188 0 0
OUT 5979 4197 311 -62 178 2 0
OUT 4021 4692 -260 48 344 2 1
OUT 8161 3762 13 542 78 0 1
Round 77 of 218
tags: ENGINE_COOLDOWN
IN 9715 6519 -301 167 188 0 0
IN 5979 4197 311 -62 178 2 0
IN 4021 4692 -260 48 344 2 1
IN 8161 3762 13 542 78 0 1
MOV 7917 5642 85
MOV 3980 4134 93
MOV 14015 5041 0
MOV 11251 13273 200
OUT 9337 6649 -320 110 206 0 0
OUT 6290 4135 264 -52 182 1 0
OUT 3761 4740 -221 40 2 1 1
OUT 8236 4494 63 622 72 0 1
Round 78 of 218
tags: ENGINE_COOLDOWN
IN 9337 6649 -320 110 206 0 0
IN 6290 4135 264 -52 182 1 0
IN 3761 4740 -221 40 2 1 1
IN 8236 4494 63 622 72 0 1
MOV 7898 5260 200
MOV 4356 4646 200
MOV 13759 4915 0
MOV 13535 12974 153
OUT 8872 6621 -394 -23 224 0 0
OUT 6554 4083 224 -44 165 0 0
OUT 3540 4780 -187 34 1 0 1
OUT 8380 5246 122 638 58 0 1
Round 79 of 218
tags: ONLY_HIGH_IMPACT SHIELD SINGLE_COLLISION
IN 8872 6621 -394 -23 224 0 0
IN 6554 4083 224 -44 165 0 0
IN 3540 4780 -187 34 1 0 1
IN 8380 5246 122 638 58 0 1
MOV 7933 4855 SHIELD
MOV 4877 5172 200
MOV 13534 4431 200
MOV 10799 14949 SHIELD
OUT 8483 6686 -304 563 242 3 0
OUT 6610 4147 47 54 147 0 0
OUT 3553 4807 10 22 358 0 1
OUT 8497 5796 72 -41 76 3 1
Round 80 of 218
tags: ENGINE_COOLDOWN
IN 8483 6686 -304 563 242 3 0
IN 6610 4147 47 54 147 0 0
IN 3553 4807 10 22 358 0 1
IN 8497 5796 72 -41 76 3 1
MOV 8136 4716 200
MOV 4869 5132 200
MOV 13401 6543 200
MOV 12881 14784 157
OUT 8179 7249 -258 478 260 2 0
OUT 6483 4299 -108 129 151 0 0
OUT 3760 4864 175 48 10 0 1
OUT 8569 5755 61 -34 64 2 1
Round 81 of 218
tags: ENGINE_COOLDOWN
IN 8179 7249 -258 478 260 2 0
IN 6483 4299 -108 129 151 0 0
IN 3760 4864 175 48 10 0 1
IN 8569 5755 61 -34 64 2 1
MOV 8457 5268 200
MOV 4520 4681 0
MOV 13663 3472 200
MOV 10305 15603 200
OUT 7921 7727 -219 406 278 1 0
OUT 6375 4428 -91 109 169 0 0
OUT 4133 4884 317 17 352 0 1
OUT 8630 5721 51 -28 80 1 1
Round 82 of 218
tags: ENGINE_COOLDOWN
IN 7921 7727 -219 406 278 1 0
IN 6375 4428 -91 109 169 0 0
IN 4133 4884 317 17 352 0 1
IN 8630 5721 51 -28 80 1 1
MOV 8765 5914 200
MOV 4390 4184 200
MOV 13121 500 84
MOV 7238 15624 0
OUT 7702 8133 -186 345 295 0 0
OUT 6085 4514 -246 73 187 0 0
OUT 4525 4864 333 -16 334 0 1
OUT 8681 5693 43 -23 98 0 1
Round 83 of 218
tags: ONLY_HIGH_IMPACT SINGLE_COLLISION
IN 7702 8133 -186 345 295 0 0
IN 6085 4514 -246 73 187 0 0
IN 4525 4864 333 -16 334 0 1
IN 8681 5693 43 -23 98 0 1
MOV 8296 6223 200
MOV 4130 4092 200
MOV 14228 2445 200
MOV 6945 15541 200
OUT 7575 8287 -107 130 287 0 0
OUT 5791 4492 379 -245 192 0 0
OUT 4904 4853 -306 216 346 0 1
OUT 8689 5867 7 147 100 0 1
Round 84 of 218
tags: MOVE_ONLY
IN 7575 8287 -107 130 287 0 0
IN 5791 4492 379 -245 192 0 0
IN 4904 4853 -306 216 346 0 1
IN 8689 5867 7 147 100 0 1
MOV 8722 6649 200
MOV 3797 4338 200
MOV 13384 -446 200
MOV 7297 15770 200
OUT 7583 8253 6 -28 305 0 0
OUT 5971 4232 152 -221 184 0 0
OUT 4768 4963 -115 93 328 0 1
OUT 8668 6212 -17 293 98 0 1
Round 85 of 218
tags: MOVE_ONLY
IN 7583 8253 6 -28 305 0 0
IN 5971 4232 152 -221 184 0 0
IN 4768 4963 -115 93 328 0 1
IN 8668 6212 -17 293 98 0 1
MOV 8867 6720 200
MOV 4030 4716 200
MOV 11196 -2697 200
MOV 4284 15200 69
OUT 7717 8072 114 -154 310 0 0
OUT 5929 4058 -36 -147 166 0 0
OUT 4782 4903 11 -51 310 0 1
OUT 8621 6567 -40 301 116 0 1
Round 86 of 218
tags: MOVE_ONLY
IN 7717 8072 114 -154 310 0 0
IN 5929 4058 -36 -147 166 0 0
IN 4782 4903 11 -51 310 0 1
IN 8621 6567 -40 301 116 0 1
MOV 8466 6218 0
MOV 4233 5118 167
MOV 9932 -3669 1
MOV 1674 13760 200
OUT 7831 7918 96 -130 292 0 0
OUT 5751 3998 -151 -50 148 0 0
OUT 4794 4851 9 -44 301 0 1
OUT 8442 7012 -152 378 134 0 1
Round 87 of 218
tags: ONLY_HIGH_IMPACT SINGLE_COLLISION
IN 7831 7918 96 -130 292 0 0
IN 5751 3998 -151 -50 148 0 0
IN 4794 4851 9 -44 301 0 1
IN 8442 7012 -152 378 134 0 1
MOV 8155 5944 200
MOV 3810 4482 200
MOV 7044 -4893 200
MOV -387 11707 200
OUT 7597 8098 -343 355 279 0 0
OUT 5406 3996 -293 -1 166 0 0
OUT 4848 4612 45 -203 283 0 1
OUT 8476 6977 173 -232 152 0 1
Round 88 of 218
tags: ONLY_HIGH_IMPACT SHIELD SINGLE_COLLISION
IN 7597 8098 -343 355 279 0 0
IN 5406 3996 -293 -1 166 0 0
IN 4848 4612 45 -203 283 0 1
IN 8476 6977 173 -232 152 0 1
MOV 7662 6099 200
MOV 3553 4749 200
MOV 6584 -5236 SHIELD
MOV -1372 8713 5
OUT 7260 8253 -286 131 272 0 0
OUT 5556 3357 159 -579 158 0 0
OUT 4830 4480 -18 -108 280 3 1
OUT 8644 6746 142 -196 170 0 1
Round 89 of 218
tags: ENGINE_COOLDOWN SHIELD
IN 7260 8253 -286 131 272 0 0
IN 5556 3357 159 -579 158 0 0
IN 4830 4480 -18 -108 280 3 1
IN 8644 6746 142 -196 170 0 1
MOV 6797 6307 200
MOV 3694 4087 200
MOV 4307 -5506 SHIELD
MOV -1259 5354 200
OUT 6928 8189 -282 -54 257 0 0
OUT 5529 2851 -23 -430 159 0 0
OUT 4812 4372 -15 -91 267 3 1
OUT 8588 6522 -47 -190 188 0 1
Round 90 of 218
tags: ENGINE_COOLDOWN
IN 6928 8189 -282 -54 257 0 0
IN 5529 2851 -23 -430 159 0 0
IN 4812 4372 -15 -91 267 3 1
IN 8588 6522 -47 -190 188 0 1
MOV 5898 6475 200
MOV 3532 2956 200
MOV 1228 -4964 75
MOV -400 2138 200
OUT 6543 7964 -327 -191 239 0 0
OUT 5306 2433 -189 -355 177 0 0
OUT 4797 4281 -12 -77 249 2 1
OUT 8361 6244 -192 -236 206 0 1
Round 91 of 218
tags: ENGINE_COOLDOWN
IN 6543 7964 -327 -191 239 0 0
IN 5306 2433 -189 -355 177 0 0
IN 4797 4281 -12 -77 249 2 1
IN 8361 6244 -192 -236 206 0 1
MOV 5603 6199 200
MOV 3439 3150 200
MOV -1496 -3490 0
MOV 1168 -703 200
OUT 6122 7596 -357 -312 242 0 0
OUT 4930 2150 -319 -240 159 0 0
OUT 4785 4204 -10 -65 231 1 1
OUT 8025 5869 -285 -318 224 0 1
Round 92 of 218
tags: ENGINE_COOLDOWN
IN 6122 7596 -357 -312 242 0 0
IN 4930 2150 -319 -240 159 0 0
IN 4785 4204 -10 -65 231 1 1
IN 8025 5869 -285 -318 224 0 1
MOV 5753 5630 200
MOV 3376 3409 200
MOV -3602 -1242 0
MOV 3330 -2960 189
OUT 5728 7087 -334 -432 259 0 0
OUT 4456 2036 -403 -96 141 0 0
OUT 4775 4139 -8 -55 213 0 1
OUT 7651 5384 -317 -412 242 0 1
Round 93 of 218
tags: SHIELD
IN 5728 7087 -334 -432 259 0 0
IN 4456 2036 -403 -96 141 0 0
IN 4775 4139 -8 -55 213 0 1
IN 7651 5384 -317 -412 242 0 1
MOV 4758 5338 SHIELD
MOV 3367 3713 200
MOV -4788 1215 200
MOV 5915 -4464 200
OUT 5394 6655 -283 -367 241 3 0
OUT 3944 2108 -435 60 123 0 0
OUT 4576 4026 -169 -96 197 0 1
OUT 7299 4775 -298 -517 260 0 1
Round 94 of 218
tags: ENGINE_COOLDOWN
IN 5394 6655 -283 -367 241 3 0
IN 3944 2108 -435 60 123 0 0
IN 4576 4026 -169 -96 197 0 1
IN 7299 4775 -298 -517 260 0 1
MOV 5012 4692 112
MOV 3426 4040 200
MOV -4760 442 200
MOV 8691 -5128 200
OUT 5111 6288 -240 -311 259 2 0
OUT 3457 2361 -413 215 105 0 0
OUT 4220 3858 -302 -142 201 0 1
OUT 7029 4060 -229 -607 278 0 1
Round 95 of 218
tags: ENGINE_COOLDOWN
IN 5111 6288 -240 -311 259 2 0
IN 3457 2361 -413 215 105 0 0
IN 4220 3858 -302 -142 201 0 1
IN 7029 4060 -229 -607 278 0 1
MOV 5355 4303 150
MOV 3165 4340 200
MOV -5628 2122 200
MOV 11413 -4928 200
OUT 4871 5977 -204 -264 277 1 0
OUT 3015 2774 -375 350 98 0 0
OUT 3721 3681 -424 -150 190 0 1
OUT 6888 3273 -120 -668 296 0 1
Round 96 of 218
tags: ENGINE_COOLDOWN ONLY_HIGH_IMPACT SINGLE_COLLISION
IN 4871 5977 -204 -264 277 1 0
IN 3015 2774 -375 350 98 0 0
IN 3721 3681 -424 -150 190 0 1
IN 6888 3273 -120 -668 296 0 1
MOV 4899 3977 200
MOV 3283 4756 200
MOV -5842 757 181
MOV 11114 -5790 4
OUT 4667 5713 -173 -224 271 0 0
OUT 2404 3078 -727 64 82 0 0
OUT 3387 3723 -75 228 197 0 1
OUT 6770 2601 -100 -570 295 0 1
Round 97 of 218
tags: SHIELD
IN 4667 5713 -173 -224 271 0 0
IN 2404 3078 -727 64 82 0 0
IN 3387 3723 -75 228 197 0 1
IN 6770 2601 -100 -570 295 0 1
MOV 5318 3822 0
MOV 3281 4876 200
MOV -6613 3723 200
MOV 7989 -7324 SHIELD
OUT 4494 5489 -147 -190 289 0 0
OUT 1764 3322 -544 207 64 0 0
OUT 3112 3951 -233 193 180 0 1
OUT 6670 2031 -85 -484 277 3 1
Round 98 of 218
tags: ENGINE_COOLDOWN SHIELD
IN 4494 5489 -147 -190 289 0 0
IN 1764 3322 -544 207 64 0 0
IN 3112 3951 -233 193 180 0 1
IN 6670 2031 -85 -484 277 3 1
MOV 4684 3498 SHIELD
MOV 3153 4761 200
MOV -6886 4126 200
MOV 5625 -7914 0
OUT 4347 5299 -124 -161 275 3 0
OUT 1358 3674 -344 298 46 0 0
OUT 2679 4148 -368 167 179 0 1
OUT 6585 1547 -72 -411 264 2 1
Round 99 of 218
tags: ENGINE_COOLDOWN
IN 4347 5299 -124 -161 275 3 0
IN 1358 3674 -344 298 46 0 0
IN 2679 4148 -368 167 179 0 1
IN 6585 1547 -72 -411 264 2 1
MOV 4897 3376 62
MOV 2267 5455 200
MOV -7024 6567 200
MOV 2518 -7588 130
OUT 4223 5138 -105 -136 286 2 0
OUT 1105 4150 -215 404 63 0 0
OUT 2117 4363 -477 183 166 0 1
OUT 6513 1136 -61 -349 246 1 1
Round 100 of 218
tags: ENGINE_COOLDOWN ONLY_HIGH_IMPACT SHIELD SINGLE_COLLISION
IN 4223 5138 -105 -136 286 2 0
IN 1105 4150 -215 404 63 0 0
IN 2117 4363 -477 183 166 0 1
IN 6513 1136 -61 -349 246 1 1
MOV 4153 3139 SHIELD
MOV 2419 5658 37
MOV -6363 9662 174
MOV -178 -6295 78
OUT 4118 5002 -89 -115 268 3 0
OUT 697 4545 -542 303 49 0 0
OUT 1710 4675 -150 297 148 0 1
OUT 6452 787 -51 -296 228 0 1
Round 101 of 218
tags: ENGINE_COOLDOWN
IN 4118 5002 -89 -115 268 3 0
IN 697 4545 -542 303 49 0 0
IN 1710 4675 -150 297 148 0 1
IN 6452 787 -51 -296 228 0 1
MOV 3434 3123 0
MOV 2411 5575 106
MOV -7801 7765 107
MOV -2208 -4213 0
OUT 4029 4887 -75 -97 250 2 0
OUT 246 4903 -383 303 31 0 0
OUT 1458 5005 -213 280 162 0 1
OUT 6401 491 -43 -251 210 0 1
Round 102 of 218
tags: ENGINE_COOLDOWN SHIELD
IN 4029 4887 -75 -97 250 2 0
IN 246 4903 -383 303 31 0 0
IN 1458 5005 -213 280 162 0 1
IN 6401 491 -43 -251 210 0 1
MOV 3959 2888 SHIELD
MOV 2195 5353 25
MOV -8323 7084 6
MOV -3380 -1588 56
OUT 3954 4790 -63 -82 268 3 0
OUT -113 5212 -304 262 13 0 0
OUT 1239 5286 -186 239 168 0 1
OUT 6303 228 -83 -223 192 0 1
Round 103 of 218
tags: ENGINE_COOLDOWN
IN 3954 4790 -63 -82 268 3 0
IN -113 5212 -304 262 13 0 0
IN 1239 5286 -186 239 168 0 1
IN 6303 228 -83 -223 192 0 1
MOV 3270 2911 0
MOV 1879 5038 175
MOV -8542 7365 8
MOV -3642 1273 200
OUT 3891 4708 -53 -69 250 2 0
OUT -243 5459 -110 209 355 0 0
OUT 1045 5527 -164 204 168 0 1
OUT 6021 26 -239 -171 174 0 1
Round 104 of 218
tags: ENGINE_COOLDOWN
IN 3891 4708 -53 -69 250 2 0
IN -243 5459 -110 209 355 0 0
IN 1045 5527 -164 204 168 0 1
IN 6021 26 -239 -171 174 0 1
MOV 2660 3132 0
MOV 1598 4678 200
MOV -8900 4482 200
MOV -3114 4093 200
OUT 3838 4639 -45 -58 232 1 0
OUT -169 5590 62 111 337 0 0
OUT 682 5710 -308 155 186 0 1
OUT 5599 -64 -358 -76 156 0 1
Round 105 of 218
tags: ENGINE_COOLDOWN ONLY_HIGH_IMPACT SHIELD SINGLE_COLLISION
IN 3838 4639 -45 -58 232 1 0
IN -169 5590 62 111 337 0 0
IN 682 5710 -308 155 186 0 1
IN 5599 -64 -358 -76 156 0 1
MOV 3154 2760 0
MOV 1527 4530 2
MOV -8453 1643 SHIELD
MOV -1832 6627 200
OUT 3793 4581 -38 -49 250 0 0
OUT -645 5613 -494 4 328 0 0
OUT 428 5874 -206 140 204 3 1
OUT 5092 -6 -430 49 138 0 1
Round 106 of 218
tags: ENGINE_COOLDOWN SHIELD
IN 3793 4581 -38 -49 250 0 0
IN -645 5613 -494 4 328 0 0
IN 428 5874 -206 140 204 3 1
IN 5092 -6 -430 49 138 0 1
MOV 2562 3005 SHIELD
MOV 1296 5129 200
MOV -7003 -817 93
MOV 92 8654 200
OUT 3755 4532 -32 -41 232 3 0
OUT -945 5569 -254 -37 346 0 0
OUT 222 6014 -175 119 222 2 1
OUT 4562 216 -450 188 120 0 1
Round 107 of 218
tags: ENGINE_COOLDOWN
IN 3755 4532 -32 -41 232 3 0
IN -945 5569 -254 -37 346 0 0
IN 222 6014 -175 119 222 2 1
IN 4562 216 -450 188 120 0 1
MOV 2212 3259 200
MOV 751 4509 200
MOV -4778 -2646 0
MOV 2483 9997 200
OUT 3723 4491 -27 -34 220 2 0
OUT -1029 5426 -71 -121 328 0 0
OUT 47 6133 -148 101 240 1 1
OUT 4070 600 -417 326 102 0 1
Round 108 of 218
tags: ENGINE_COOLDOWN
IN 3723 4491 -27 -34 220 2 0
IN -1029 5426 -71 -121 328 0 0
IN 47 6133 -148 101 240 1 1
IN 4070 600 -417 326 102 0 1
MOV 2346 3041 200
MOV 898 4891 200
MOV -2032 -3648 0
MOV 5115 10545 200
OUT 3696 4457 -22 -28 226 1 0
OUT -907 5251 103 -148 344 0 0
OUT -101 6234 -125 85 258 0 1
OUT 3674 1125 -336 446 84 0 1
Round 109 of 218
tags: ENGINE_COOLDOWN
IN 3696 4457 -22 -28 226 1 0
IN -907 5251 103 -148 344 0 0
IN -101 6234 -125 85 258 0 1
IN 3674 1125 -336 446 84 0 1
MOV 2248 3077 200
MOV 1091 5164 200
MOV 944 -3711 200
MOV 1766 10941 200
OUT 3674 4429 -18 -23 224 0 0
OUT -604 5094 257 -133 358 0 0
OUT -205 6120 -88 -96 276 0 1
OUT 3300 1767 -318 545 101 0 1
Round 110 of 218
tags: MOVE_ONLY
IN 3674 4429 -18 -23 224 0 0
IN -604 5094 257 -133 358 0 0
IN -205 6120 -88 -96 276 0 1
IN 3300 1767 -318 545 101 0 1
MOV 1876 3552 200
MOV 1328 5611 200
MOV 3862 -3015 200
MOV 1221 11548 200
OUT 3476 4318 -168 -94 206 0 0
OUT -154 5013 382 -69 15 0 0
OUT -212 5841 -5 -236 294 0 1
OUT 2940 2508 -305 629 102 0 1
Round 111 of 218
tags: ONLY_HIGH_IMPACT SINGLE_COLLISION
IN 3476 4318 -168 -94 206 0 0
IN -154 5013 382 -69 15 0 0
IN -212 5841 -5 -236 294 0 1
IN 2940 2508 -305 629 102 0 1
MOV 1698 3402 200
MOV 1843 4908 200
MOV 833 -4104 200
MOV -2060 11168 146
OUT 3130 4132 -293 -157 207 0 0
OUT 463 4694 527 -294 357 0 0
OUT -231 5645 -19 -142 276 0 1
OUT 2562 3263 -321 642 120 0 1
Round 112 of 218
tags: ONLY_HIGH_IMPACT SHIELD SINGLE_COLLISION
IN 3130 4132 -293 -157 207 0 0
IN 463 4694 527 -294 357 0 0
IN -231 5645 -19 -142 276 0 1
IN 2562 3263 -321 642 120 0 1
MOV 1414 3104 200
MOV 2395 5212 200
MOV 3836 -3490 200
MOV -1664 12326 SHIELD
OUT 3318 4620 391 681 211 0 0
OUT 1183 4452 612 -205 15 0 0
OUT -169 5320 52 -276 294 0 1
OUT 2176 3830 -351 455 115 3 1
Round 113 of 218
tags: ENGINE_COOLDOWN ONLY_HIGH_IMPACT SHIELD SINGLE_COLLISION
IN 3318 4620 391 681 211 0 0
IN 1183 4452 612 -205 15 0 0
IN -169 5320 52 -276 294 0 1
IN 2176 3830 -351 455 115 3 1
MOV 1984 3130 200
MOV 3180 4347 SHIELD
MOV 6522 -2111 200
MOV -1891 12965 0
OUT 3576 5152 218 452 228 0 0
OUT 1671 4321 365 -81 357 3 0
OUT 17 4895 157 -360 312 0 1
OUT 3063 3542 1245 -539 114 2 1
Round 114 of 218
tags: ENGINE_COOLDOWN
IN 3576 5152 218 452 228 0 0
IN 1671 4321 365 -81 357 3 0
IN 17 4895 157 -360 312 0 1
IN 3063 3542 1245 -539 114 2 1
MOV 2763 3325 200
MOV 3603 4839 144
MOV 8677 -105 200
MOV -3365 11202 129
OUT 3713 5421 116 228 246 0 0
OUT 2036 4240 310 -68 15 2 0
OUT 347 4435 280 -391 330 0 1
OUT 4308 3003 1058 -458 130 1 1
Round 115 of 218
tags: ENGINE_COOLDOWN
IN 3713 5421 116 228 246 0 0
IN 2036 4240 310 -68 15 2 0
IN 347 4435 280 -391 330 0 1
IN 4308 3003 1058 -458 130 1 1
MOV 3092 3520 44
MOV 3713 5329 200
MOV 10128 2356 200
MOV -3463 9296 134
OUT 3815 5607 86 158 252 0 0
OUT 2346 4172 263 -57 33 1 0
OUT 823 4002 404 -367 348 0 1
OUT 5366 2545 899 -389 141 0 1
Round 116 of 218
tags: ENGINE_COOLDOWN
IN 3815 5607 86 158 252 0 0
IN 2346 4172 263 -57 33 1 0
IN 823 4002 404 -367 348 0 1
IN 5366 2545 899 -389 141 0 1
MOV 2714 3937 200
MOV 3759 5587 200
MOV 10768 5047 200
MOV -2294 8973 200
OUT 3791 5598 -20 -7 237 0 0
OUT 2609 4115 223 -48 45 0 0
OUT 1426 3656 512 -294 6 0 1
OUT 6112 2285 633 -221 140 0 1
Round 117 of 218
tags: MOVE_ONLY
IN 3791 5598 -20 -7 237 0 0
IN 2609 4115 223 -48 45 0 0
IN 1426 3656 512 -294 6 0 1
IN 6112 2285 633 -221 140 0 1
MOV 3273 3666 0
MOV 3517 5897 200
MOV 11242 5564 200
MOV -1548 8713 200
OUT 3771 5591 -17 -5 255 0 0
OUT 2923 4245 266 110 63 0 0
OUT 2134 3400 602 -217 11 0 1
OUT 6592 2193 407 -78 140 0 1
Round 118 of 218
tags: SHIELD
IN 3771 5591 -17 -5 255 0 0
IN 2923 4245 266 110 63 0 0
IN 2134 3400 602 -217 11 0 1
IN 6592 2193 407 -78 140 0 1
MOV 3876 3594 SHIELD
MOV 4337 5659 200
MOV 10880 8248 200
MOV -2154 7041 200
OUT 3754 5586 -14 -4 273 3 0
OUT 3330 4496 346 213 45 0 0
OUT 2911 3280 660 -102 29 0 1
OUT 6824 2212 197 16 151 0 1
Round 119 of 218
tags: ENGINE_COOLDOWN ONLY_HIGH_IMPACT SHIELD SINGLE_COLLISION
IN 3754 5586 -14 -4 273 3 0
IN 3330 4496 346 213 45 0 0
IN 2911 3280 660 -102 29 0 1
IN 6824 2212 197 16 151 0 1
MOV 3244 3652 SHIELD
MOV 5112 5404 200
MOV 11740 7975 200
MOV -2448 5958 200
OUT 3740 5584 -16 33 255 3 0
OUT 3856 4782 489 -115 27 0 0
OUT 3748 3272 711 -6 28 0 1
OUT 6836 2303 9 77 158 0 1
Round 120 of 218
tags: ENGINE_COOLDOWN
IN 3740 5584 -16 33 255 3 0
IN 3856 4782 489 -115 27 0 0
IN 3748 3272 711 -6 28 0 1
IN 6836 2303 9 77 158 0 1
MOV 3845 3587 200
MOV 5831 5095 169
MOV 12883 7339 200
MOV -2299 6370 200
OUT 3724 5617 -13 28 273 2 0
OUT 4512 4693 557 -75 9 0 0
OUT 4642 3347 759 64 24 0 1
OUT 6662 2461 -147 134 156 0 1
Round 121 of 218
tags: ENGINE_COOLDOWN
IN 3724 5617 -13 28 273 2 0
IN 4512 4693 557 -75 9 0 0
IN 4642 3347 759 64 24 0 1
IN 6662 2461 -147 134 156 0 1
MOV 4360 3721 200
MOV 6498 4460 200
MOV 14039 6767 200
MOV -2901 5385 200
OUT 3711 5645 -11 23 289 1 0
OUT 5268 4595 642 -83 353 0 0
OUT 5589 3479 804 112 20 0 1
OUT 6324 2653 -287 163 163 0 1
Round 122 of 218
tags: ENGINE_COOLDOWN
IN 3711 5645 -11 23 289 1 0
IN 5268 4595 642 -83 353 0 0
IN 5589 3479 804 112 20 0 1
IN 6324 2653 -287 163 163 0 1
MOV 3746 3645 200
MOV 7239 4932 200
MOV 14577 7863 200
MOV -3012 6237 181
OUT 3700 5668 -9 19 271 0 0
OUT 6107 4546 713 -41 10 0 0
OUT 6573 3679 836 169 26 0 1
OUT 5868 2881 -387 193 159 0 1
Round 123 of 218
tags: MOVE_ONLY
IN 3700 5668 -9 19 271 0 0
IN 6107 4546 713 -41 10 0 0
IN 6573 3679 836 169 26 0 1
IN 5868 2881 -387 193 159 0 1
MOV 3548 3674 200
MOV 7951 5321 200
MOV 13766 10626 200
MOV -1903 9174 194
OUT 3676 5488 -20 -153 266 0 0
OUT 7004 4582 762 31 23 0 0
OUT 7553 3987 832 261 44 0 1
OUT 5330 3196 -457 267 141 0 1
Round 124 of 218
tags: HAS_LOW_IMPACT SINGLE_COLLISION
IN 3676 5488 -20 -153 266 0 0
IN 7004 4582 762 31 23 0 0
IN 7553 3987 832 261 44 0 1
IN 5330 3196 -457 267 141 0 1
MOV 3282 3527 200
MOV 8513 5894 200
MOV 12248 12816 200
MOV -116 11583 152
OUT 3617 5139 -50 -296 259 0 0
OUT 7776 4893 650 270 41 0 0
OUT 8620 4275 913 238 62 0 1
OUT 4790 3590 -458 335 123 0 1
Round 125 of 218
tags: MOVE_ONLY
IN 3617 5139 -50 -296 259 0 0
IN 7776 4893 650 270 41 0 0
IN 8620 4275 913 238 62 0 1
IN 4790 3590 -458 335 123 0 1
MOV 3861 3154 200
MOV 9617 5674 200
MOV 10356 14123 200
MOV 2202 13249 200
OUT 3590 4644 -22 -420 277 0 0
OUT 8610 5241 708 295 23 0 0
OUT 9568 4710 805 369 80 0 1
OUT 4280 4118 -433 448 105 0 1
Round 126 of 218
tags: ONLY_HIGH_IMPACT SHIELD SINGLE_COLLISION
IN 3590 4644 -22 -420 277 0 0
IN 8610 5241 708 295 23 0 0
IN 9568 4710 805 369 80 0 1
IN 4280 4118 -433 448 105 0 1
MOV 3208 2681 SHIELD
MOV 10602 5415 0
MOV 8176 14613 39
MOV -1166 12505 SHIELD
OUT 2939 4661 -600 46 259 3 0
OUT 9318 5536 601 250 5 0 0
OUT 10368 5118 679 346 98 0 1
OUT 4476 4129 213 -23 123 3 1
Round 127 of 218
tags: ENGINE_COOLDOWN
IN 2939 4661 -600 46 259 3 0
IN 9318 5536 601 250 5 0 0
IN 10368 5118 679 346 98 0 1
IN 4476 4129 213 -23 123 3 1
MOV 3183 2676 146
MOV 11317 5489 200
MOV 5984 14106 0
MOV -3295 10422 12
OUT 2339 4707 -510 39 277 2 0
OUT 10119 5781 680 208 359 0 0
OUT 11047 5464 577 294 116 0 1
OUT 4689 4106 181 -19 141 2 1
Round 128 of 218
tags: ENGINE_COOLDOWN ONLY_HIGH_IMPACT SHIELD SINGLE_COLLISION
IN 2339 4707 -510 39 277 2 0
IN 10119 5781 680 208 359 0 0
IN 11047 5464 577 294 116 0 1
IN 4689 4106 181 -19 141 2 1
MOV 3184 2894 0
MOV 12010 5130 200
MOV 4100 12657 SHIELD
MOV -4647 7690 200
OUT 1829 4746 -433 33 295 1 0
OUT 10739 6000 260 266 341 0 0
OUT 11649 5750 538 235 134 3 1
OUT 4870 4087 153 -16 159 1 1
Round 129 of 218
tags: ENGINE_COOLDOWN
IN 1829 4746 -433 33 295 1 0
IN 10739 6000 260 266 341 0 0
IN 11649 5750 538 235 134 3 1
IN 4870 4087 153 -16 159 1 1
MOV 3193 3283 200
MOV 12395 4879 171
MOV 2820 10445 153
MOV -2901 10380 7
OUT 1396 4779 -368 28 313 0 0
OUT 11141 6170 341 144 326 0 0
OUT 12187 5985 457 199 152 2 1
OUT 5023 4071 130 -13 141 0 1
Round 130 of 218
tags: ENGINE_COOLDOWN
IN 1396 4779 -368 28 313 0 0
IN 11141 6170 341 144 326 0 0
IN 12187 5985 457 199 152 2 1
IN 5023 4071 130 -13 141 0 1
MOV 2339 3015 200
MOV 13045 5559 200
MOV 2339 7721 0
MOV -2963 10089 200
OUT 1122 4631 -232 -126 298 0 0
OUT 11672 6253 451 70 342 0 0
OUT 12644 6184 388 169 170 1 1
OUT 4993 4178 -25 91 143 0 1
Round 131 of 218
tags: ENGINE_COOLDOWN HAS_LOW_IMPACT SINGLE_COLLISION
IN 1122 4631 -232 -126 298 0 0
IN 11672 6253 451 70 342 0 0
IN 12644 6184 388 169 170 1 1
IN 4993 4178 -25 91 143 0 1
MOV 1469 2661 5
MOV 13290 5077 200
MOV 2741 4792 178
MOV -3579 9328 200
OUT 891 4500 -196 -111 280 0 0
OUT 12240 6200 337 -63 324 0 0
OUT 13077 6359 513 167 188 0 1
OUT 4797 4372 -166 164 149 0 1
Round 132 of 218
tags: SHIELD
IN 891 4500 -196 -111 280 0 0
IN 12240 6200 337 -63 324 0 0
IN 13077 6359 513 167 188 0 1
IN 4797 4372 -166 164 149 0 1
MOV 613 2519 SHIELD
MOV 13416 4582 0
MOV 4089 1975 200
MOV -2274 11443 200
OUT 695 4389 -166 -94 262 3 0
OUT 12577 6137 286 -53 306 0 0
OUT 13410 6438 283 67 206 0 1
OUT 4490 4677 -261 259 135 0 1
Round 133 of 218
tags: ENGINE_COOLDOWN HAS_LOW_IMPACT SHIELD SINGLE_COLLISION
IN 695 4389 -166 -94 262 3 0
IN 12577 6137 286 -53 306 0 0
IN 13410 6438 283 67 206 0 1
IN 4490 4677 -261 259 135 0 1
MOV -178 2590 SHIELD
MOV 13195 4235 138
MOV 6217 -509 200
MOV -50 13587 198
OUT 529 4295 -141 -79 244 3 0
OUT 12854 5925 146 -227 288 0 0
OUT 13601 6394 251 9 224 0 1
OUT 4139 5112 -298 370 117 0 1
Round 134 of 218
tags: ENGINE_COOLDOWN
IN 529 4295 -141 -79 244 3 0
IN 12854 5925 146 -227 288 0 0
IN 13601 6394 251 9 224 0 1
IN 4139 5112 -298 370 117 0 1
MOV 13 2363 34
MOV 13730 4127 120
MOV 7444 -1486 200
MOV 2575 14989 0
OUT 388 4216 -119 -67 255 2 0
OUT 13053 5590 168 -284 296 0 0
OUT 13729 6245 108 -126 232 0 1
OUT 3841 5482 -253 314 99 0 1
Round 135 of 218
tags: ENGINE_COOLDOWN SHIELD
IN 388 4216 -119 -67 255 2 0
IN 13053 5590 168 -284 296 0 0
IN 13729 6245 108 -126 232 0 1
IN 3841 5482 -253 314 99 0 1
MOV -701 2539 SHIELD
MOV 13331 3609 0
MOV 8137 -2045 200
MOV 5405 15359 1
OUT 269 4149 -101 -56 237 3 0
OUT 13221 5306 142 -241 278 0 0
OUT 13725 5953 -3 -248 236 0 1
OUT 3588 5797 -214 267 81 0 1
Round 136 of 218
tags: ENGINE_COOLDOWN ONLY_HIGH_IMPACT SHIELD SINGLE_COLLISION
IN 269 4149 -101 -56 237 3 0
IN 13221 5306 142 -241 278 0 0
IN 13725 5953 -3 -248 236 0 1
IN 3588 5797 -214 267 81 0 1
MOV -1142 2732 SHIELD
MOV 12875 3336 26
MOV 9658 -3182 200
MOV 8128 14707 200
OUT 168 4093 -85 -47 225 3 0
OUT 13209 4845 -20 -405 260 0 0
OUT 13790 5717 65 -187 246 0 1
OUT 3465 6242 -104 378 63 0 1
Round 137 of 218
tags: ENGINE_COOLDOWN SHIELD
IN 168 4093 -85 -47 225 3 0
IN 13209 4845 -20 -405 260 0 0
IN 13790 5717 65 -187 246 0 1
IN 3465 6242 -104 378 63 0 1
MOV -852 2373 SHIELD
MOV 12270 3079 0
MOV 8054 -2475 200
MOV 10536 13313 200
OUT 83 4046 -72 -39 239 3 0
OUT 13189 4440 -17 -344 242 0 0
OUT 13740 5366 -42 -298 235 0 1
OUT 3502 6761 31 441 45 0 1
Round 138 of 218
tags: ENGINE_COOLDOWN SHIELD
IN 83 4046 -72 -39 239 3 0
IN 13189 4440 -17 -344 242 0 0
IN 13740 5366 -42 -298 235 0 1
IN 3502 6761 31 441 45 0 1
MOV -1426 2734 SHIELD
MOV 11750 3051 SHIELD
MOV 7862 -2724 72
MOV 12412 11301 200
OUT 11 4007 -61 -33 221 3 0
OUT 13172 4096 -14 -292 224 3 0
OUT 13656 5010 -71 -302 234 0 1
OUT 3711 7293 177 452 27 0 1
Round 139 of 218
tags: ENGINE_COOLDOWN SHIELD
IN 11 4007 -61 -33 221 3 0
IN 13172 4096 -14 -292 224 3 0
IN 13656 5010 -71 -302 234 0 1
IN 3711 7293 177 452 27 0 1
MOV -1830 3226 119
MOV 11374 3219 SHIELD
MOV 8506 -3562 200
MOV 13588 8857 200
OUT -50 3974 -51 -28 203 2 0
OUT 13158 3804 -11 -248 206 3 0
OUT 13482 4537 -147 -402 239 0 1
OUT 4086 7776 318 410 9 0 1
Round 140 of 218
tags: ENGINE_COOLDOWN ONLY_HIGH_IMPACT SHIELD SINGLE_COLLISION
IN -50 3974 -51 -28 203 2 0
IN 13158 3804 -11 -248 206 3 0
IN 13482 4537 -147 -402 239 0 1
IN 4086 7776 318 410 9 0 1
MOV -2042 3800 0
MOV 11177 3526 SHIELD
MOV 10726 -5076 200
MOV 13963 6212 200
OUT -101 3946 -43 -23 185 1 0
OUT 13118 3491 -33 -266 188 3 0
OUT 13568 4596 74 51 254 0 1
OUT 4602 8155 438 321 351 0 1
Round 141 of 218
tags: ENGINE_COOLDOWN SHIELD
IN -101 3946 -43 -23 185 1 0
IN 13118 3491 -33 -266 188 3 0
IN 13568 4596 74 51 254 0 1
IN 4602 8155 438 321 351 0 1
MOV -1942 3165 SHIELD
MOV 11148 3838 0
MOV 7976 -3694 182
MOV 13512 3615 200
OUT -144 3923 -36 -19 203 3 0
OUT 13085 3225 -28 -226 170 2 0
OUT 13540 4496 -23 -84 236 0 1
OUT 5218 8385 523 195 333 0 1
Round 142 of 218
tags: ENGINE_COOLDOWN SHIELD
IN -144 3923 -36 -19 203 3 0
IN 13085 3225 -28 -226 170 2 0
IN 13540 4496 -23 -84 236 0 1
IN 5218 8385 523 195 333 0 1
MOV -2136 3749 SHIELD
MOV 11319 4164 0
MOV 7804 -3696 20
MOV 13308 2507 200
OUT -180 3904 -30 -16 185 3 0
OUT 13057 2999 -23 -192 152 1 0
OUT 13506 4396 -29 -85 235 0 1
OUT 5903 8462 582 65 324 0 1
Round 143 of 218
tags: ENGINE_COOLDOWN SHIELD
IN -180 3904 -30 -16 185 3 0
IN 13057 2999 -23 -192 152 1 0
IN 13506 4396 -29 -85 235 0 1
IN 5903 8462 582 65 324 0 1
MOV -2129 4354 SHIELD
MOV 11668 4438 0
MOV 8207 -4084 200
MOV 14193 2870 200
OUT -210 3888 -25 -13 167 3 0
OUT 13034 2807 -19 -163 134 0 0
OUT 13371 4141 -114 -216 238 0 1
OUT 6651 8415 635 -39 326 0 1
Round 144 of 218
tags: ENGINE_COOLDOWN SHIELD
IN -210 3888 -25 -13 167 3 0
IN 13034 2807 -19 -163 134 0 0
IN 13371 4141 -114 -216 238 0 1
IN 6651 8415 635 -39 326 0 1
MOV -2200 4089 SHIELD
MOV 12157 4605 0
MOV 10952 -5562 22
MOV 14843 2679 200
OUT -235 3875 -21 -11 174 3 0
OUT 13015 2644 -16 -138 116 0 0
OUT 13252 3904 -101 -201 256 0 1
OUT 7450 8261 679 -130 325 0 1
Round 145 of 218
tags: ENGINE_COOLDOWN SHIELD
IN -235 3875 -21 -11 174 3 0
IN 13015 2644 -16 -138 116 0 0
IN 13252 3904 -101 -201 256 0 1
IN 7450 8261 679 -130 325 0 1
MOV -2191 3459 SHIELD
MOV 12737 4625 39
MOV 13950 -6072 0
MOV 15740 2669 200
OUT -256 3864 -17 -9 192 3 0
OUT 12994 2545 -18 -84 98 0 0
OUT 13151 3703 -85 -170 274 0 1
OUT 8295 8019 718 -205 326 0 1
Round 146 of 218
tags: ENGINE_COOLDOWN ONLY_HIGH_IMPACT SHIELD SINGLE_COLLISION
IN -256 3864 -17 -9 192 3 0
IN 12994 2545 -18 -84 98 0 0
IN 13151 3703 -85 -170 274 0 1
IN 8295 8019 718 -205 326 0 1
MOV -2209 3435 SHIELD
MOV 13341 4515 200
MOV 16897 -5569 200
MOV 16385 2141 200
OUT -273 3855 -14 -7 192 3 0
OUT 12994 2561 -53 -294 80 0 0
OUT 13158 3444 58 88 292 0 1
OUT 9175 7696 747 -274 324 0 1
Round 147 of 218
tags: ENGINE_COOLDOWN
IN -273 3855 -14 -7 192 3 0
IN 12994 2561 -53 -294 80 0 0
IN 13158 3444 58 88 292 0 1
IN 9175 7696 747 -274 324 0 1
MOV -2005 2855 129
MOV 13933 4327 76
MOV 17542 -5544 60
MOV 16246 625 200
OUT -287 3848 -11 -5 210 2 0
OUT 12977 2334 -14 -192 62 0 0
OUT 13242 3478 71 28 296 0 1
OUT 10063 7281 755 -353 315 0 1
Round 148 of 218
tags: ENGINE_COOLDOWN
IN -287 3848 -11 -5 210 2 0
IN 12977 2334 -14 -192 62 0 0
IN 13242 3478 71 28 296 0 1
IN 10063 7281 755 -353 315 0 1
MOV -1625 2362 0
MOV 13324 4304 200
MOV 17782 -5432 57
MOV 17256 334 200
OUT -298 3843 -9 -4 228 1 0
OUT 12998 2339 17 4 80 0 0
OUT 13339 3455 82 -19 297 0 1
OUT 10962 6789 764 -418 316 0 1
Round 149 of 218
tags: ENGINE_COOLDOWN
IN -298 3843 -9 -4 228 1 0
IN 12998 2339 17 4 80 0 0
IN 13339 3455 82 -19 297 0 1
IN 10962 6789 764 -418 316 0 1
MOV -1111 2016 94
MOV 13937 4105 200
MOV 14903 -6422 0
MOV 16980 -1197 200
OUT -307 3839 -7 -3 246 0 0
OUT 13109 2520 94 153 62 0 0
OUT 13421 3436 69 -16 279 0 1
OUT 11846 6211 751 -491 307 0 1
Round 150 of 218
tags: ONLY_HIGH_IMPACT SHIELD SINGLE_COLLISION
IN -307 3839 -7 -3 246 0 0
IN 13109 2520 94 153 62 0 0
IN 13421 3436 69 -16 279 0 1
IN 11846 6211 751 -491 307 0 1
MOV -516 1850 108
MOV 14534 3923 27
MOV 14466 -6509 SHIELD
MOV 15266 -3186 108
OUT -325 3729 -15 -93 264 0 0
OUT 13207 2650 -5 -132 45 0 0
OUT 13492 3424 68 14 276 3 1
OUT 12634 5619 669 -503 290 0 1
Round 151 of 218
tags: ENGINE_COOLDOWN
IN -325 3729 -15 -93 264 0 0
IN 13207 2650 -5 -132 45 0 0
IN 13492 3424 68 14 276 3 1
IN 12634 5619 669 -503 290 0 1
MOV 91 1773 200
MOV 14760 3910 162
MOV 11413 -6357 200
MOV 12983 -4375 200
OUT -298 3440 22 -245 282 0 0
OUT 13328 2620 102 -25 39 0 0
OUT 13560 3438 57 11 258 2 1
OUT 13310 4916 574 -597 272 0 1
Round 152 of 218
tags: ENGINE_COOLDOWN SHIELD
IN -298 3440 22 -245 282 0 0
IN 13328 2620 102 -25 39 0 0
IN 13560 3438 57 11 258 2 1
IN 13310 4916 574 -597 272 0 1
MOV 702 1708 200
MOV 14417 4297 0
MOV 14605 -6507 185
MOV 10554 -4697 SHIELD
OUT -176 3022 103 -355 300 0 0
OUT 13430 2595 86 -21 57 0 0
OUT 13617 3449 48 9 276 1 1
OUT 13884 4319 487 -507 254 3 1
Round 153 of 218
tags: ENGINE_COOLDOWN HAS_LOW_IMPACT MULTI_COLLISION
IN -176 3022 103 -355 300 0 0
IN 13430 2595 86 -21 57 0 0
IN 13617 3449 48 9 276 1 1
IN 13884 4319 487 -507 254 3 1
MOV 1310 1684 200
MOV 13948 4527 200
MOV 16036 -6254 0
MOV 8292 -3971 182
OUT 76 2533 213 -415 318 0 0
OUT 13526 2546 57 -168 75 0 0
OUT 13584 3499 -76 62 284 0 1
OUT 14494 3992 591 -171 236 2 1
Round 154 of 218
tags: ENGINE_COOLDOWN HAS_LOW_IMPACT SINGLE_COLLISION
IN 76 2533 213 -415 318 0 0
IN 13526 2546 57 -168 75 0 0
IN 13584 3499 -76 62 284 0 1
IN 14494 3992 591 -171 236 2 1
MOV 1903 1720 200
MOV 13735 4535 200
MOV 16508 -6064 200
MOV 6614 -2165 19
OUT 472 2037 336 -421 336 0 0
OUT 13604 2569 73 -141 84 0 0
OUT 13566 3378 -21 58 287 0 1
OUT 15085 3821 502 -145 218 1 1
Round 155 of 218
tags: ENGINE_COOLDOWN HAS_LOW_IMPACT SINGLE_COLLISION
IN 472 2037 336 -421 336 0 0
IN 13604 2569 73 -141 84 0 0
IN 13566 3378 -21 58 287 0 1
IN 15085 3821 502 -145 218 1 1
MOV 2461 1826 200
MOV 13199 4528 200
MOV 19302 -4814 200
MOV 6698 -1625 0
OUT 1007 1595 454 -375 354 0 0
OUT 13645 2435 34 -124 102 0 0
OUT 13652 3461 72 81 305 0 1
OUT 15587 3676 426 -123 213 0 1
Round 156 of 218
tags: MOVE_ONLY
IN 1007 1595 454 -375 354 0 0
IN 13645 2435 34 -124 102 0 0
IN 13652 3461 72 81 305 0 1
IN 15587 3676 426 -123 213 0 1
MOV 2979 1929 200
MOV 12984 4323 200
MOV 16576 -6102 1
MOV 5928 1088 200
OUT 1658 1253 553 -290 10 0 0
OUT 13613 2500 -27 55 109 0 0
OUT 13724 3541 61 68 287 0 1
OUT 15820 3501 197 -148 195 0 1
Round 157 of 218
tags: MOVE_ONLY
IN 1658 1253 553 -290 10 0 0
IN 13613 2500 -27 55 109 0 0
IN 13724 3541 61 68 287 0 1
IN 15820 3501 197 -148 195 0 1
MOV 3525 1971 200
MOV 13471 4495 73
MOV 13549 -6457 0
MOV 5834 4024 200
OUT 2398 1035 628 -185 21 0 0
OUT 13581 2628 -27 108 94 0 0
OUT 13785 3609 51 57 269 0 1
OUT 15817 3363 -2 -116 177 0 1
Round 158 of 218
tags: ONLY_HIGH_IMPACT SINGLE_COLLISION
IN 2398 1035 628 -185 21 0 0
IN 13581 2628 -27 108 94 0 0
IN 13785 3609 51 57 269 0 1
IN 15817 3363 -2 -116 177 0 1
MOV 4154 1993 200
MOV 13982 4587 200
MOV 10529 -5846 80
MOV 5969 5099 200
OUT 3202 946 683 -75 29 0 0
OUT 13566 2828 -58 5 78 0 0
OUT 13839 3694 90 236 251 0 1
OUT 15618 3282 -169 -69 170 0 1
Round 159 of 218
tags: HAS_LOW_IMPACT SINGLE_COLLISION
IN 3202 946 683 -75 29 0 0
IN 13566 2828 -58 5 78 0 0
IN 13839 3694 90 236 251 0 1
IN 15618 3282 -169 -69 170 0 1
MOV 5043 1728 200
MOV 14511 4591 200
MOV 7821 -4292 200
MOV 5915 5701 200
OUT 4069 949 737 2 23 0 0
OUT 13598 2992 -9 6 62 0 0
OUT 13813 3787 14 211 233 0 1
OUT 15255 3261 -308 -17 166 0 1
Round 160 of 218
tags: MOVE_ONLY
IN 4069 949 737 2 23 0 0
IN 13598 2992 -9 6 62 0 0
IN 13813 3787 14 211 233 0 1
IN 15255 3261 -308 -17 166 0 1
MOV 6022 1378 200
MOV 15037 4381 200
MOV 5827 -2231 52
MOV 5407 4997 200
OUT 5001 994 792 38 12 0 0
OUT 13733 3137 114 123 44 0 0
OUT 13785 3967 -23 152 217 0 1
OUT 14750 3279 -429 15 170 0 1
Round 161 of 218
tags: ONLY_HIGH_IMPACT SHIELD SINGLE_COLLISION
IN 5001 994 792 38 12 0 0
IN 13733 3137 114 123 44 0 0
IN 13785 3967 -23 152 217 0 1
IN 14750 3279 -429 15 170 0 1
MOV 6733 1994 200
MOV 14672 4903 SHIELD
MOV 7628 -3913 126
MOV 5921 7974 SHIELD
OUT 5966 1132 820 117 30 0 0
OUT 13524 3220 -368 47 62 3 0
OUT 13684 4020 -85 44 232 0 1
OUT 14644 3334 101 70 152 3 1
Round 162 of 218
tags: ENGINE_COOLDOWN HAS_LOW_IMPACT SINGLE_COLLISION
IN 5966 1132 820 117 30 0 0
IN 13524 3220 -368 47 62 3 0
IN 13684 4020 -85 44 232 0 1
IN 14644 3334 101 70 152 3 1
MOV 7701 2127 131
MOV 14936 4637 200
MOV 10264 -5377 167
MOV 6257 8780 200
OUT 6900 1314 793 154 30 0 0
OUT 13121 3126 -347 -100 45 2 0
OUT 13577 4048 -85 44 250 0 1
OUT 14745 3404 85 59 147 2 1
Round 163 of 218
tags: ENGINE_COOLDOWN
IN 6900 1314 793 154 30 0 0
IN 13121 3126 -347 -100 45 2 0
IN 13577 4048 -85 44 250 0 1
IN 14745 3404 85 59 147 2 1
MOV 8856 1730 200
MOV 14029 4908 15
MOV 7420 -3832 200
MOV 5290 6660 17
OUT 7889 1510 840 166 12 0 0
OUT 12774 3026 -294 -85 63 1 0
OUT 13369 3934 -176 -96 232 0 1
OUT 14830 3463 72 50 161 1 1
Round 164 of 218
tags: ENGINE_COOLDOWN
IN 7889 1510 840 166 12 0 0
IN 12774 3026 -294 -85 63 1 0
IN 13369 3934 -176 -96 232 0 1
IN 14830 3463 72 50 161 1 1
MOV 9621 2510 200
MOV 13904 4676 79
MOV 8985 -5054 0
MOV 4832 3638 200
OUT 8902 1776 861 226 30 0 0
OUT 12480 2941 -249 -72 56 0 0
OUT 13193 3838 -149 -81 244 0 1
OUT 14902 3513 61 42 179 0 1
Round 165 of 218
tags: MOVE_ONLY
IN 8902 1776 861 226 30 0 0
IN 12480 2941 -249 -72 56 0 0
IN 13193 3838 -149 -81 244 0 1
IN 14902 3513 61 42 179 0 1
MOV 10858 2192 200
MOV 14047 4183 200
MOV 6246 -3355 115
MOV 5199 1094 200
OUT 9959 2044 898 227 12 0 0
OUT 12388 2993 -78 44 38 0 0
OUT 12964 3674 -194 -139 226 0 1
OUT 14769 3507 -113 -5 194 0 1
Round 166 of 218
tags: ONLY_HIGH_IMPACT SHIELD SINGLE_COLLISION
IN 9959 2044 898 227 12 0 0
IN 12388 2993 -78 44 38 0 0
IN 12964 3674 -194 -139 226 0 1
IN 14769 3507 -113 -5 194 0 1
MOV 11730 2974 200
MOV 13812 4397 200
MOV 8580 -5314 SHIELD
MOV 5634 -560 200
OUT 11034 2364 913 271 28 0 0
OUT 12073 2732 -359 -330 45 0 0
OUT 12808 3580 -123 -69 244 3 1
OUT 14473 3421 -251 -73 204 0 1
Round 167 of 218
tags: ENGINE_COOLDOWN MULTI_COLLISION ONLY_HIGH_IMPACT SHIELD
IN 11034 2364 913 271 28 0 0
IN 12073 2732 -359 -330 45 0 0
IN 12808 3580 -123 -69 244 3 1
IN 14473 3421 -251 -73 204 0 1
MOV 12423 3803 SHIELD
MOV 12981 4514 SHIELD
MOV 10729 -6201 0
MOV 5485 -963 200
OUT 10905 2310 -354 -121 46 3 0
OUT 12756 2723 824 40 63 3 0
OUT 12687 3547 -90 252 258 2 1
OUT 14042 3260 -366 -136 206 0 1
Round 168 of 218
tags: ENGINE_COOLDOWN ONLY_HIGH_IMPACT SHIELD SINGLE_COLLISION
IN 10905 2310 -354 -121 46 3 0
IN 12756 2723 824 40 63 3 0
IN 12687 3547 -90 252 258 2 1
IN 14042 3260 -366 -136 206 0 1
MOV 11782 4108 0
MOV 14170 4137 SHIELD
MOV 13732 -6398 53
MOV 4531 170 SHIELD
OUT 10551 2189 -300 -102 64 2 0
OUT 13148 2474 -67 -479 45 3 0
OUT 12597 3799 -76 214 276 1 1
OUT 14108 3413 456 398 198 3 1
Round 169 of 218
tags: ENGINE_COOLDOWN
IN 10551 2189 -300 -102 64 2 0
IN 13148 2474 -67 -479 45 3 0
IN 12597 3799 -76 214 276 1 1
IN 14108 3413 456 398 198 3 1
MOV 11940 3628 200
MOV 14056 4256 200
MOV 16664 -5336 0
MOV 4495 657 160
OUT 10251 2087 -255 -86 46 1 0
OUT 13081 1995 -56 -407 63 2 0
OUT 12521 4013 -64 181 294 0 1
OUT 14564 3811 387 338 196 2 1
Round 170 of 218
tags: ENGINE_COOLDOWN
IN 10251 2087 -255 -86 46 1 0
IN 13081 1995 -56 -407 63 2 0
IN 12521 4013 -64 181 294 0 1
IN 14564 3811 387 338 196 2 1
MOV 11973 3105 200
MOV 13430 3964 200
MOV 18257 -4179 200
MOV 5292 65 0
OUT 9996 2001 -216 -73 31 0 0
OUT 13025 1588 -47 -345 80 1 0
OUT 12572 4030 43 14 305 0 1
OUT 14951 4149 328 287 202 1 1
Round 171 of 218
tags: ENGINE_COOLDOWN
IN 9996 2001 -216 -73 31 0 0
IN 13025 1588 -47 -345 80 1 0
IN 12572 4030 43 14 305 0 1
IN 14951 4149 328 287 202 1 1
MOV 11889 2648 200
MOV 13385 3555 200
MOV 17267 -4799 200
MOV 5006 3104 99
OUT 9969 1993 -22 -7 19 0 0
OUT 12978 1243 -39 -293 80 0 0
OUT 12709 3867 116 -138 298 0 1
OUT 15279 4436 278 243 186 0 1
Round 172 of 218
tags: MOVE_ONLY
IN 9969 1993 -22 -7 19 0 0
IN 12978 1243 -39 -293 80 0 0
IN 12709 3867 116 -138 298 0 1
IN 15279 4436 278 243 186 0 1
MOV 11711 2975 200
MOV 12700 3224 200
MOV 14617 -5949 200
MOV 6144 369 200
OUT 10121 2084 129 77 29 0 0
OUT 12912 1148 -55 -80 98 0 0
OUT 12863 3533 131 -284 281 0 1
OUT 15374 4598 80 137 204 0 1
Round 173 of 218
tags: MOVE_ONLY
IN 10121 2084 129 77 29 0 0
IN 12912 1148 -55 -80 98 0 0
IN 12863 3533 131 -284 281 0 1
IN 15374 4598 80 137 204 0 1
MOV 11878 3039 200
MOV 12035 2946 200
MOV 11644 -6392 200
MOV 6802 -552 200
OUT 10426 2257 259 146 29 0 0
OUT 12770 1248 -120 85 116 0 0
OUT 12970 3050 90 -410 263 0 1
OUT 15283 4632 -77 28 211 0 1
Round 174 of 218
tags: MOVE_ONLY
IN 10426 2257 259 146 29 0 0
IN 12770 1248 -120 85 116 0 0
IN 12970 3050 90 -410 263 0 1
IN 15283 4632 -77 28 211 0 1
MOV 12201 3178 200
MOV 11475 2772 200
MOV 8744 -6013 191
MOV 6711 -518 200
OUT 10863 2495 371 202 27 0 0
OUT 12520 1485 -212 201 130 0 0
OUT 12979 2467 7 -495 245 0 1
OUT 15035 4557 -211 -63 211 0 1
Round 175 of 218
tags: ONLY_HIGH_IMPACT SINGLE_COLLISION
IN 10863 2495 371 202 27 0 0
IN 12520 1485 -212 201 130 0 0
IN 12979 2467 7 -495 245 0 1
IN 15035 4557 -211 -63 211 0 1
MOV 12286 3901 200
MOV 11755 3333 200
MOV 6159 -4847 200
MOV 5900 490 200
OUT 11376 2838 436 291 45 0 0
OUT 11950 1538 -619 -114 112 0 0
OUT 13131 2158 264 -102 227 0 1
OUT 14641 4413 -334 -122 204 0 1
Round 176 of 218
tags: MOVE_ONLY
IN 11376 2838 436 291 45 0 0
IN 11950 1538 -619 -114 112 0 0
IN 13131 2158 264 -102 227 0 1
IN 14641 4413 -334 -122 204 0 1
MOV 12995 4012 200
MOV 11810 3533 200
MOV 4385 -2690 0
MOV 5305 829 200
OUT 11974 3246 508 347 36 0 0
OUT 11315 1623 -539 72 94 0 0
OUT 13395 2056 224 -86 209 0 1
OUT 14120 4219 -442 -164 201 0 1
Round 177 of 218
tags: MOVE_ONLY
IN 11974 3246 508 347 36 0 0
IN 11315 1623 -539 72 94 0 0
IN 13395 2056 224 -86 209 0 1
IN 14120 4219 -442 -164 201 0 1
MOV 13875 3867 200
MOV 11793 3565 200
MOV 3579 148 0
MOV 5460 -781 200
OUT 12672 3655 593 347 18 0 0
OUT 10823 1889 -418 226 76 0 0
OUT 13619 1970 190 -73 191 0 1
OUT 13505 3955 -522 -224 210 0 1
Round 178 of 218
tags: ONLY_HIGH_IMPACT SHIELD SINGLE_COLLISION
IN 12672 3655 593 347 18 0 0
IN 10823 1889 -418 226 76 0 0
IN 13619 1970 190 -73 191 0 1
IN 13505 3955 -522 -224 210 0 1
MOV 14290 4831 SHIELD
MOV 11883 3585 200
MOV 3694 3189 0
MOV 5519 -2063 SHIELD
OUT 12173 3626 -492 -48 36 3 0
OUT 10510 2286 -266 337 58 0 0
OUT 13809 1897 161 -62 173 0 1
OUT 14075 4107 552 153 217 3 1
Round 179 of 218
tags: ENGINE_COOLDOWN
IN 12173 3626 -492 -48 36 3 0
IN 10510 2286 -266 337 58 0 0
IN 13809 1897 161 -62 173 0 1
IN 14075 4107 552 153 217 3 1
MOV 14072 4255 200
MOV 11924 3700 200
MOV 4746 6123 139
MOV 6761 -2713 200
OUT 11681 3578 -418 -40 18 2 0
OUT 10385 2764 -105 406 45 0 0
OUT 13844 1894 29 -2 155 0 1
OUT 14627 4260 469 130 223 2 1
Round 180 of 218
tags: ENGINE_COOLDOWN
IN 11681 3578 -418 -40 18 2 0
IN 10385 2764 -105 406 45 0 0
IN 13844 1894 29 -2 155 0 1
IN 14627 4260 469 130 223 2 1
MOV 13681 3578 200
MOV 12167 3672 52
MOV 6530 8714 200
MOV 5881 -588 113
OUT 11263 3538 -355 -34 0 1 0
OUT 10326 3194 -49 365 27 0 0
OUT 13727 2028 -99 114 137 0 1
OUT 15096 4390 398 110 209 1 1
Round 181 of 218
tags: ENGINE_COOLDOWN ONLY_HIGH_IMPACT SINGLE_COLLISION
IN 11263 3538 -355 -34 0 1 0
IN 10326 3194 -49 365 27 0 0
IN 13727 2028 -99 114 137 0 1
IN 15096 4390 398 110 209 1 1
MOV 13165 2920 200
MOV 12298 3529 200
MOV 8879 10774 200
MOV 6709 -1056 47
OUT 11298 3607 188 100 342 0 0
OUT 10084 3490 -364 209 10 0 0
OUT 13531 2317 -166 245 119 0 1
OUT 15494 4500 338 93 213 0 1
Round 182 of 218
tags: MOVE_ONLY
IN 11298 3607 188 100 342 0 0
IN 10084 3490 -364 209 10 0 0
IN 13531 2317 -166 245 119 0 1
IN 15494 4500 338 93 213 0 1
MOV 13041 2627 200
MOV 12045 3883 200
MOV 6217 9137 200
MOV 6584 -40 200
OUT 11660 3609 307 1 331 0 0
OUT 9916 3738 -142 211 11 0 0
OUT 13219 2698 -265 324 137 0 1
OUT 15654 4502 135 1 207 0 1
Round 183 of 218
tags: ONLY_HIGH_IMPACT SINGLE_COLLISION
IN 11660 3609 307 1 331 0 0
IN 9916 3738 -142 211 11 0 0
IN 13219 2698 -265 324 137 0 1
IN 15654 4502 135 1 207 0 1
MOV 13024 2146 199
MOV 11916 3697 200
MOV 7920 11178 200
MOV 7668 -1516 200
OUT 12097 3467 -408 166 313 0 0
OUT 9974 3945 49 175 359 0 0
OUT 12854 3189 469 129 122 0 1
OUT 15629 4383 -21 -101 217 0 1
Round 184 of 218
tags: MOVE_ONLY
IN 12097 3467 -408 166 313 0 0
IN 9974 3945 49 175 359 0 0
IN 12854 3189 469 129 122 0 1
IN 15629 4383 -21 -101 217 0 1
MOV 13840 2486 200
MOV 11918 4415 200
MOV 5783 10260 200
MOV 6174 1127 200
OUT 11863 3535 -198 57 331 0 0
OUT 10217 4167 206 188 14 0 0
OUT 13182 3459 278 229 135 0 1
OUT 15419 4217 -178 -141 199 0 1
Round 185 of 218
tags: MOVE_ONLY
IN 11863 3535 -198 57 331 0 0
IN 10217 4167 206 188 14 0 0
IN 13182 3459 278 229 135 0 1
IN 15419 4217 -178 -141 199 0 1
MOV 13565 2485 200
MOV 12215 4255 200
MOV 4272 7999 200
MOV 6083 633 200
OUT 11835 3487 -23 -40 328 0 0
OUT 10623 4364 344 167 3 0 0
OUT 13282 3779 84 271 153 0 1
OUT 15054 4004 -310 -180 201 0 1
Round 186 of 218
tags: MOVE_ONLY
IN 11835 3487 -23 -40 328 0 0
IN 10623 4364 344 167 3 0 0
IN 13282 3779 84 271 153 0 1
IN 15054 4004 -310 -180 201 0 1
MOV 13499 2377 200
MOV 12620 4475 200
MOV 3719 6703 200
MOV 7174 -2153 200
OUT 11978 3336 121 -128 326 0 0
OUT 11167 4542 462 151 3 0 0
OUT 13175 4108 -91 280 163 0 1
OUT 14586 3701 -397 -257 218 0 1
Round 187 of 218
tags: MOVE_ONLY
IN 11978 3336 121 -128 326 0 0
IN 11167 4542 462 151 3 0 0
IN 13175 4108 -91 280 163 0 1
IN 14586 3701 -397 -257 218 0 1
MOV 13783 2475 200
MOV 13150 4278 200
MOV 3562 6864 200
MOV 8708 -4389 200
OUT 12280 3122 256 -181 334 0 0
OUT 11827 4667 561 105 352 0 0
OUT 12892 4443 -240 284 164 0 1
OUT 14071 3282 -437 -355 234 0 1
Round 188 of 218
tags: ONLY_HIGH_IMPACT SHIELD SINGLE_COLLISION
IN 12280 3122 256 -181 334 0 0
IN 11827 4667 561 105 352 0 0
IN 12892 4443 -240 284 164 0 1
IN 14071 3282 -437 -355 234 0 1
MOV 14261 2844 200
MOV 13625 3790 SHIELD
MOV 4602 10035 SHIELD
MOV 10815 -6173 200
OUT 12734 2913 385 -177 352 0 0
OUT 11867 4879 -206 229 334 3 0
OUT 13173 4620 479 100 146 3 1
OUT 13569 2738 -426 -462 251 0 1
Round 189 of 218
tags: ENGINE_COOLDOWN ONLY_HIGH_IMPACT SHIELD SINGLE_COLLISION
IN 12734 2913 385 -177 352 0 0
IN 11867 4879 -206 229 334 3 0
IN 13173 4620 479 100 146 3 1
IN 13569 2738 -426 -462 251 0 1
MOV 14532 2036 SHIELD
MOV 13306 3490 140
MOV 3560 7376 13
MOV 7551 -5248 SHIELD
OUT 12475 2899 -263 -1 334 3 0
OUT 11661 5108 -175 194 316 2 0
OUT 13652 4720 407 85 164 2 1
OUT 13787 2113 228 -541 233 3 1
Round 190 of 218
tags: ENGINE_COOLDOWN
IN 12475 2899 -263 -1 334 3 0
IN 11661 5108 -175 194 316 2 0
IN 13652 4720 407 85 164 2 1
IN 13787 2113 228 -541 233 3 1
MOV 13914 1510 200
MOV 13459 4231 152
MOV 4992 9720 68
MOV 5595 -3623 0
OUT 12212 2898 -223 0 316 2 0
OUT 11486 5302 -148 164 334 1 0
OUT 14059 4805 345 72 150 1 1
OUT 14015 1572 193 -459 215 2 1
Round 191 of 218
tags: ENGINE_COOLDOWN SHIELD
IN 12212 2898 -223 0 316 2 0
IN 11486 5302 -148 164 334 1 0
IN 14059 4805 345 72 150 1 1
IN 14015 1572 193 -459 215 2 1
MOV 13151 1132 SHIELD
MOV 13467 5024 200
MOV 4278 6884 200
MOV 4452 -1352 200
OUT 11989 2898 -189 0 298 3 0
OUT 11338 5466 -125 139 352 0 0
OUT 14404 4877 293 61 168 0 1
OUT 14208 1113 164 -390 197 1 1
Round 192 of 218
tags: ENGINE_COOLDOWN
IN 11989 2898 -189 0 298 3 0
IN 11338 5466 -125 139 352 0 0
IN 14404 4877 293 61 168 0 1
IN 14208 1113 164 -390 197 1 1
MOV 12336 928 165
MOV 13136 4589 156
MOV 4410 4528 200
MOV 4210 1288 61
OUT 11800 2898 -160 0 280 2 0
OUT 11353 5537 12 60 334 0 0
OUT 14497 4931 79 45 182 0 1
OUT 14372 723 139 -331 179 0 1
Round 193 of 218
tags: ENGINE_COOLDOWN
IN 11800 2898 -160 0 280 2 0
IN 11353 5537 12 60 334 0 0
IN 14497 4931 79 45 182 0 1
IN 14372 723 139 -331 179 0 1
MOV 11736 899 200
MOV 13334 5259 200
MOV 4535 5803 200
MOV 4917 3979 200
OUT 11640 2898 -136 0 268 1 0
OUT 11563 5569 178 27 352 0 0
OUT 14377 4993 -102 53 175 0 1
OUT 14322 457 -42 -226 161 0 1
Round 194 of 218
tags: ENGINE_COOLDOWN
IN 11640 2898 -136 0 268 1 0
IN 11563 5569 178 27 352 0 0
IN 14377 4993 -102 53 175 0 1
IN 14322 457 -42 -226 161 0 1
MOV 12055 942 200
MOV 13428 4846 200
MOV 4415 5865 200
MOV 5117 4364 200
OUT 11504 2898 -115 0 282 0 0
OUT 11927 5524 309 -38 339 0 0
OUT 14076 5063 -256 59 175 0 1
OUT 14096 309 -192 -125 157 0 1
Round 195 of 218
tags: MOVE_ONLY
IN 11504 2898 -115 0 282 0 0
IN 11927 5524 309 -38 339 0 0
IN 14076 5063 -256 59 175 0 1
IN 14096 309 -192 -125 157 0 1
MOV 12146 1004 187
MOV 13481 4265 200
MOV 4082 4714 200
MOV 6549 6870 200
OUT 11449 2721 -46 -150 289 0 0
OUT 12391 5360 394 -139 321 0 0
OUT 13620 5115 -387 44 182 0 1
OUT 13753 315 -291 5 139 0 1
Round 196 of 218
tags: ONLY_HIGH_IMPACT SHIELD SINGLE_COLLISION
IN 11449 2721 -46 -150 289 0 0
IN 12391 5360 394 -139 321 0 0
IN 13620 5115 -387 44 182 0 1
IN 13753 315 -291 5 139 0 1
MOV 12653 1124 200
MOV 13480 3683 SHIELD
MOV 4007 7871 SHIELD
MOV 6439 7135 200
OUT 11523 2411 62 -263 307 0 0
OUT 12442 5283 -335 2 303 3 0
OUT 13576 5097 341 -83 164 3 1
OUT 13316 456 -371 120 137 0 1
Round 197 of 218
tags: ENGINE_COOLDOWN
IN 11523 2411 62 -263 307 0 0
IN 12442 5283 -335 2 303 3 0
IN 13576 5097 341 -83 164 3 1
IN 13316 456 -371 120 137 0 1
MOV 12174 520 116
MOV 13996 4024 200
MOV 4179 8517 0
MOV 4406 4996 54
OUT 11623 2038 84 -316 289 0 0
OUT 12107 5285 -284 1 321 2 0
OUT 13917 5014 289 -70 160 2 1
OUT 12897 601 -356 122 153 0 1
Round 198 of 218
tags: ENGINE_COOLDOWN
IN 11623 2038 84 -316 289 0 0
IN 12107 5285 -284 1 321 2 0
IN 13917 5014 289 -70 160 2 1
IN 12897 601 -356 122 153 0 1
MOV 12827 441 200
MOV 13270 3658 200
MOV 4520 8434 6
MOV 5826 7672 200
OUT 11827 1562 173 -404 307 0 0
OUT 11823 5286 -241 0 306 1 0
OUT 14206 4944 245 -59 160 1 1
OUT 12400 864 -422 223 135 0 1
Round 199 of 218
tags: ENGINE_COOLDOWN ONLY_HIGH_IMPACT SHIELD SINGLE_COLLISION
IN 11827 1562 173 -404 307 0 0
IN 11823 5286 -241 0 306 1 0
IN 14206 4944 245 -59 160 1 1
IN 12400 864 -422 223 135 0 1
MOV 13465 415 SHIELD
MOV 13441 4110 200
MOV 4695 8034 107
MOV 4208 6600 SHIELD
OUT 11524 1749 -312 226 325 3 0
OUT 11582 5286 -204 0 324 0 0
OUT 14451 4885 208 -50 162 0 1
OUT 12454 496 100 -380 145 3 1
Round 200 of 218
tags: ENGINE_COOLDOWN
IN 11524 1749 -312 226 325 3 0
IN 11582 5286 -204 0 324 0 0
IN 14451 4885 208 -50 162 0 1
IN 12454 496 100 -380 145 3 1
MOV 13006 406 200
MOV 13250 4182 121
MOV 4451 4885 200
MOV 5893 8043 200
OUT 11212 1975 -265 192 318 2 0
OUT 11479 5219 -87 -56 327 0 0
OUT 14459 4835 6 -42 180 0 1
OUT 12554 116 85 -323 131 2 1
Round 201 of 218
tags: ENGINE_COOLDOWN
IN 11212 1975 -265 192 318 2 0
IN 11479 5219 -87 -56 327 0 0
IN 14459 4835 6 -42 180 0 1
IN 12554 116 85 -323 131 2 1
MOV 12212 243 200
MOV 13411 4701 65
MOV 4534 3616 200
MOV 7859 8945 0
OUT 10947 2167 -225 163 300 1 0
OUT 11455 5146 -20 -62 345 0 0
OUT 14266 4769 -163 -56 187 0 1
OUT 12639 -207 72 -274 118 1 1
Round 202 of 218
tags: ENGINE_COOLDOWN
IN 10947 2167 -225 163 300 1 0
IN 11455 5146 -20 -62 345 0 0
IN 14266 4769 -163 -56 187 0 1
IN 12639 -207 72 -274 118 1 1
MOV 12328 720 200
MOV 13232 4228 200
MOV 4450 6677 36
MOV 5819 7107 200
OUT 10722 2330 -191 138 314 0 0
OUT 11613 4992 134 -130 333 0 0
OUT 14068 4720 -168 -41 169 0 1
OUT 12711 -481 61 -232 133 0 1
Round 203 of 218
tags: MOVE_ONLY
IN 10722 2330 -191 138 314 0 0
IN 11613 4992 134 -130 333 0 0
IN 14068 4720 -168 -41 169 0 1
IN 12711 -481 61 -232 133 0 1
MOV 12122 902 200
MOV 13588 4679 200
MOV 4933 8787 200
MOV 8485 8582 200
OUT 10671 2325 -43 -4 314 0 0
OUT 11944 4830 281 -138 351 0 0
OUT 13717 4760 -298 34 156 0 1
OUT 12687 -532 -19 -43 115 0 1
Round 204 of 218
tags: MOVE_ONLY
IN 10671 2325 -43 -4 314 0 0
IN 11944 4830 281 -138 351 0 0
IN 13717 4760 -298 34 156 0 1
IN 12687 -532 -19 -43 115 0 1
MOV 11560 534 200
MOV 13919 5143 200
MOV 3814 6152 200
MOV 6951 7660 200
OUT 10717 2142 39 -155 296 0 0
OUT 12423 4722 406 -91 9 0 0
OUT 13221 4822 -421 52 172 0 1
OUT 12553 -411 -113 102 125 0 1
Round 205 of 218
tags: ONLY_HIGH_IMPACT SHIELD SINGLE_COLLISION
IN 10717 2142 39 -155 296 0 0
IN 12423 4722 406 -91 9 0 0
IN 13221 4822 -421 52 172 0 1
IN 12553 -411 -113 102 125 0 1
MOV 12106 703 200
MOV 14360 5221 SHIELD
MOV 3344 6386 SHIELD
MOV 4567 5607 200
OUT 10895 1843 151 -254 314 0 0
OUT 12037 4530 -331 -163 14 3 0
OUT 13592 4975 318 130 171 3 1
OUT 12280 -189 -231 189 143 0 1
Round 206 of 218
tags: ENGINE_COOLDOWN
IN 10895 1843 151 -254 314 0 0
IN 12037 4530 -331 -163 14 3 0
IN 13592 4975 318 130 171 3 1
IN 12280 -189 -231 189 143 0 1
MOV 11772 45 200
MOV 13733 5590 200
MOV 3811 7054 36
MOV 6544 8003 200
OUT 11134 1409 202 -368 296 0 0
OUT 11706 4367 -281 -138 32 2 0
OUT 13910 5105 270 110 168 2 1
OUT 11934 164 -293 299 125 0 1
Round 207 of 218
tags: ENGINE_COOLDOWN ONLY_HIGH_IMPACT SHIELD SINGLE_COLLISION
IN 11134 1409 202 -368 296 0 0
IN 11706 4367 -281 -138 32 2 0
IN 13910 5105 270 110 168 2 1
IN 11934 164 -293 299 125 0 1
MOV 12109 -337 SHIELD
MOV 13647 4851 45
MOV 3924 5628 0
MOV 9010 9727 SHIELD
OUT 11264 1169 -172 297 299 3 0
OUT 11425 4229 -238 -117 14 1 0
OUT 14180 5215 229 93 177 1 1
OUT 11713 335 95 -355 107 3 1
Round 208 of 218
tags: ENGINE_COOLDOWN
IN 11264 1169 -172 297 299 3 0
IN 11425 4229 -238 -117 14 1 0
IN 14180 5215 229 93 177 1 1
IN 11713 335 95 -355 107 3 1
MOV 11646 -794 196
MOV 13121 5289 137
MOV 4521 2627 102
MOV 10841 10297 200
OUT 11092 1466 -146 252 281 2 0
OUT 11187 4112 -202 -99 32 0 0
OUT 14409 5308 194 79 195 0 1
OUT 11808 -20 80 -301 95 2 1
Round 209 of 218
tags: ENGINE_COOLDOWN
IN 11092 1466 -146 252 281 2 0
IN 11187 4112 -202 -99 32 0 0
IN 14409 5308 194 79 195 0 1
IN 11808 -20 80 -301 95 2 1
MOV 12062 -283 160
MOV 12649 5477 82
MOV 4561 3572 192
MOV 11459 9974 0
OUT 10946 1718 -124 214 299 1 0
OUT 11045 4069 -120 -36 43 0 0
OUT 14414 5354 4 38 190 0 1
OUT 11888 -321 68 -255 92 1 1
Round 210 of 218
tags: ENGINE_COOLDOWN
IN 10946 1718 -124 214 299 1 0
IN 11045 4069 -120 -36 43 0 0
IN 14414 5354 4 38 190 0 1
IN 11888 -321 68 -255 92 1 1
MOV 12035 40 200
MOV 12461 5482 200
MOV 5585 659 200
MOV 9809 9460 191
OUT 10822 1932 -105 181 303 0 0
OUT 11067 4174 18 89 45 0 0
OUT 14241 5298 -146 -47 208 0 1
OUT 11956 -576 57 -216 102 0 1
Round 211 of 218
tags: MOVE_ONLY
IN 10822 1932 -105 181 303 0 0
IN 11067 4174 18 89 45 0 0
IN 14241 5298 -146 -47 208 0 1
IN 11956 -576 57 -216 102 0 1
MOV 12348 639 200
MOV 12758 5242 200
MOV 5412 603 177
MOV 8210 8696 200
OUT 10870 1984 40 43 320 0 0
OUT 11254 4370 159 166 32 0 0
OUT 13939 5168 -256 -110 208 0 1
OUT 11938 -607 -15 -25 112 0 1
Round 212 of 218
tags: MOVE_ONLY
IN 10870 1984 40 43 320 0 0
IN 11254 4370 159 166 32 0 0
IN 13939 5168 -256 -110 208 0 1
IN 11938 -607 -15 -25 112 0 1
MOV 11930 288 200
MOV 13195 4854 200
MOV 4123 3260 200
MOV 8518 8790 200
OUT 11016 1857 124 -107 302 0 0
OUT 11607 4585 299 183 14 0 0
OUT 13487 5020 -384 -125 191 0 1
OUT 11855 -444 -70 138 110 0 1
Round 213 of 218
tags: MOVE_ONLY
IN 11016 1857 124 -107 302 0 0
IN 11607 4585 299 183 14 0 0
IN 13487 5020 -384 -125 191 0 1
IN 11855 -444 -70 138 110 0 1
MOV 11500 -84 200
MOV 13603 4453 200
MOV 3562 6239 200
MOV 5977 7646 200
OUT 11188 1556 146 -255 284 0 0
OUT 12106 4755 423 144 356 0 0
OUT 12904 4919 -495 -85 173 0 1
OUT 11667 -144 -159 254 126 0 1
Round 214 of 218
tags: ONLY_HIGH_IMPACT SHIELD SINGLE_COLLISION
IN 11188 1556 146 -255 284 0 0
IN 12106 4755 423 144 356 0 0
IN 12904 4919 -495 -85 173 0 1
IN 11667 -144 -159 254 126 0 1
MOV 11463 -425 200
MOV 14084 5051 SHIELD
MOV 3088 3011 SHIELD
MOV 6221 8243 200
OUT 11362 1103 147 -385 278 0 0
OUT 11617 4712 -427 -38 9 3 0
OUT 13321 5021 366 88 191 3 1
OUT 11399 278 -227 358 123 0 1
Round 215 of 218
tags: ENGINE_COOLDOWN ONLY_HIGH_IMPACT SINGLE_COLLISION
IN 11362 1103 147 -385 278 0 0
IN 11617 4712 -427 -38 9 3 0
IN 13321 5021 366 88 191 3 1
IN 11399 278 -227 358 123 0 1
MOV 11297 -896 200
MOV 13444 5526 200
MOV 3505 3113 0
MOV 5953 8665 0
OUT 11471 1447 91 313 268 0 0
OUT 11190 4674 -362 -32 24 2 0
OUT 13687 5109 311 74 191 2 1
OUT 11203 -292 -165 -506 123 0 1
Round 216 of 218
tags: ENGINE_COOLDOWN
IN 11471 1447 91 313 268 0 0
IN 11190 4674 -362 -32 24 2 0
IN 13687 5109 311 74 191 2 1
IN 11203 -292 -165 -506 123 0 1
MOV 11487 -553 200
MOV 12794 5869 200
MOV 3871 3201 0
MOV 5757 8095 0
OUT 11564 1560 78 96 270 0 0
OUT 10828 4642 -307 -27 37 1 0
OUT 13998 5183 264 62 191 1 1
OUT 11038 -798 -140 -430 123 0 1
Round 217 of 218
tags: ENGINE_COOLDOWN
IN 11564 1560 78 96 270 0 0
IN 10828 4642 -307 -27 37 1 0
IN 13998 5183 264 62 191 1 1
IN 11038 -798 -140 -430 123 0 1
MOV 11242 -414 200
MOV 12686 5382 200
MOV 4182 3275 0
MOV 5592 7589 0
OUT 11610 1459 38 -86 261 0 0
OUT 10521 4615 -260 -22 22 0 0
OUT 14262 5245 224 52 191 0 1
OUT 10898 -1228 -119 -365 123 0 1
Round 218 of 218
tags: MOVE_ONLY
IN 11610 1459 38 -86 261 0 0
IN 10521 4615 -260 -22 22 0 0
IN 14262 5245 224 52 191 0 1
IN 10898 -1228 -119 -365 123 0 1
MOV 11224 -503 200
MOV 12090 5855 200
MOV 4446 3337 0
MOV 5452 7159 0
OUT 11609 1177 0 -239 259 0 0
OUT 10418 4717 -87 86 38 0 0
OUT 14486 5297 190 44 191 0 1
OUT 10779 -1593 -101 -310 123 0 1
