Replay between Magus and sethorizer
where Magus wins!
Round 1 of 225
tags: BOOST
IN 6131 2731 0 0 114 0 0
IN 5179 2423 0 0 102 0 0
IN 7082 3040 0 0 106 0 0
IN 4228 2114 0 0 109 0 0
MOV 4089 7397 BOOST
MOV 4089 7397 BOOST
MOV 6514 4958 200
MOV 3589 4009 192
OUT 5870 3326 -221 506 114 0 1
OUT 5040 3058 -118 539 102 0 1
OUT 7025 3232 -48 163 106 0 0
OUT 4167 2296 -52 154 109 0 0
Round 2 of 225
tags: HAS_LOW_IMPACT SHIELD SINGLE_COLLISION
IN 5870 3326 -221 506 114 0 1
IN 5040 3058 -118 539 102 0 1
IN 7025 3232 -48 163 106 0 0
IN 4167 2296 -52 154 109 0 0
MOV -774 10800 100
MOV 1398 12371 0
MOV 6497 5161 SHIELD
MOV 4132 4296 130
OUT 5673 3942 -92 552 132 0 1
OUT 4832 3562 -252 399 111 0 1
OUT 6977 3395 -40 138 105 3 0
OUT 4113 2580 -46 241 91 0 0
Round 3 of 225
tags: ENGINE_COOLDOWN
IN 5673 3942 -92 552 132 0 1
IN 4832 3562 -252 399 111 0 1
IN 6977 3395 -40 138 105 3 0
IN 4113 2580 -46 241 91 0 0
MOV -2955 8997 100
MOV 2691 13330 0
MOV 6699 5376 200
MOV 4002 4577 200
OUT 5495 4545 -151 512 150 0 1
OUT 4580 3961 -214 339 102 0 1
OUT 6937 3533 -34 117 98 2 0
OUT 4056 3021 -48 374 93 0 0
Round 4 of 225
tags: ENGINE_COOLDOWN ONLY_HIGH_IMPACT SHIELD SINGLE_COLLISION
IN 5495 4545 -151 512 150 0 1
IN 4580 3961 -214 339 102 0 1
IN 6937 3533 -34 117 98 2 0
IN 4056 3021 -48 374 93 0 0
MOV -4273 6686 200
MOV 5563 13913 0
MOV 6060 5331 SHIELD
MOV 4574 4953 200
OUT 5149 5100 -294 471 168 0 1
OUT 4376 4323 -79 518 84 0 1
OUT 6903 3650 -28 99 116 3 0
OUT 4049 3565 -99 251 75 0 0
Round 5 of 225
tags: ENGINE_COOLDOWN SHIELD
IN 5149 5100 -294 471 168 0 1
IN 4376 4323 -79 518 84 0 1
IN 6903 3650 -28 99 116 3 0
IN 4049 3565 -99 251 75 0 0
MOV -4803 4118 0
MOV 8386 13484 100
MOV 6625 5631 170
MOV 5138 5242 SHIELD
OUT 4855 5571 -249 400 186 0 1
OUT 4337 4933 -33 518 66 0 1
OUT 6875 3749 -23 84 98 2 0
OUT 3950 3816 -84 213 57 3 0
Round 6 of 225
tags: ENGINE_COOLDOWN ONLY_HIGH_IMPACT SHIELD SINGLE_COLLISION
IN 4855 5571 -249 400 186 0 1
IN 4337 4933 -33 518 66 0 1
IN 6875 3749 -23 84 98 2 0
IN 3950 3816 -84 213 57 3 0
MOV -4821 3044 SHIELD
MOV 10981 12406 200
MOV 7222 5719 160
MOV 4468 5748 200
OUT 4652 6028 -170 391 195 3 1
OUT 3976 5026 -327 52 48 0 1
OUT 6852 3833 -19 71 80 1 0
OUT 3866 4029 -71 181 75 2 0
Round 7 of 225
tags: ENGINE_COOLDOWN
IN 4652 6028 -170 391 195 3 1
IN 3976 5026 -327 52 48 0 1
IN 6852 3833 -19 71 80 1 0
IN 3866 4029 -71 181 75 2 0
MOV -5331 6615 100
MOV 9370 13447 0
MOV 6574 5814 200
MOV 4556 5906 200
OUT 4482 6419 -144 332 177 2 1
OUT 3649 5078 -277 44 57 0 1
OUT 6833 3904 -16 60 98 0 0
OUT 3795 4210 -60 153 70 1 0
Round 8 of 225
tags: ENGINE_COOLDOWN
IN 4482 6419 -144 332 177 2 1
IN 3649 5078 -277 44 57 0 1
IN 6833 3904 -16 60 98 0 0
IN 3795 4210 -60 153 70 1 0
MOV -5194 3892 100
MOV 11381 11420 200
MOV 6021 5732 200
MOV 3877 6208 200
OUT 4338 6751 -122 282 195 1 1
OUT 3527 5249 -104 145 39 0 1
OUT 6736 4147 -82 206 114 0 0
OUT 3735 4363 -51 130 88 0 0
Round 9 of 225
tags: ENGINE_COOLDOWN
IN 4338 6751 -122 282 195 1 1
IN 3527 5249 -104 145 39 0 1
IN 6736 4147 -82 206 114 0 0
IN 3735 4363 -51 130 88 0 0
MOV -4083 1358 0
MOV 11259 11591 200
MOV 5398 5633 148
MOV 3482 6347 200
OUT 4216 7033 -103 239 213 0 1
OUT 3578 5521 43 231 39 0 1
OUT 6555 4463 -153 268 132 0 0
OUT 3659 4691 -64 279 97 0 0
Round 10 of 225
tags: ONLY_HIGH_IMPACT SINGLE_COLLISION
IN 4216 7033 -103 239 213 0 1
IN 3578 5521 43 231 39 0 1
IN 6555 4463 -153 268 132 0 0
IN 3659 4691 -64 279 97 0 0
MOV -2126 -698 100
MOV 12891 9163 0
MOV 4823 5463 200
MOV 3912 6675 200
OUT 4050 7195 -141 137 231 0 1
OUT 3602 5970 17 410 21 0 1
OUT 6229 4831 -277 312 150 0 0
OUT 3639 4951 -14 191 83 0 0
Round 11 of 225
tags: MOVE_ONLY
IN 4050 7195 -141 137 231 0 1
IN 3602 5970 17 410 21 0 1
IN 6229 4831 -277 312 150 0 0
IN 3639 4951 -14 191 83 0 0
MOV 407 -2118 0
MOV 13370 8111 200
MOV 4891 6317 200
MOV 3536 6948 0
OUT 3909 7332 -119 116 249 0 1
OUT 3814 6423 180 384 12 0 1
OUT 5818 5292 -349 391 132 0 0
OUT 3625 5142 -11 162 93 0 0
Round 12 of 225
tags: ONLY_HIGH_IMPACT SINGLE_COLLISION
IN 3909 7332 -119 116 249 0 1
IN 3814 6423 180 384 12 0 1
IN 5818 5292 -349 391 132 0 0
IN 3625 5142 -11 162 93 0 0
MOV 3322 -2651 0
MOV 13797 7009 0
MOV 4242 6523 200
MOV 4143 7074 192
OUT 3785 7600 -108 317 267 0 1
OUT 3999 6655 160 107 3 0 1
OUT 5311 5806 -430 436 142 0 0
OUT 3664 5489 32 295 75 0 0
Round 13 of 225
tags: ONLY_HIGH_IMPACT SINGLE_COLLISION
IN 3785 7600 -108 317 267 0 1
IN 3999 6655 160 107 3 0 1
IN 5311 5806 -430 436 142 0 0
IN 3664 5489 32 295 75 0 0
MOV 6312 -2076 200
MOV 13767 8796 100
MOV 4193 7464 200
MOV 4242 7404 157
OUT 3728 7723 -48 104 285 0 1
OUT 4122 6878 -425 561 12 0 1
OUT 4904 6313 183 58 124 0 0
OUT 3741 5934 65 378 73 0 0
Round 14 of 225
tags: MULTI_COLLISION ONLY_HIGH_IMPACT SHIELD
IN 3728 7723 -48 104 285 0 1
IN 4122 6878 -425 561 12 0 1
IN 4904 6313 183 58 124 0 0
IN 3741 5934 65 378 73 0 0
MOV 6255 -1953 SHIELD
MOV 12751 11932 100
MOV 4353 8236 200
MOV 4294 7856 99
OUT 3646 7902 -77 170 285 3 1
OUT 4255 7103 313 312 30 0 1
OUT 5032 6563 108 212 106 0 0
OUT 3697 6048 -154 -211 74 0 0
Round 15 of 225
tags: ENGINE_COOLDOWN ONLY_HIGH_IMPACT SINGLE_COLLISION
IN 3646 7902 -77 170 285 3 1
IN 4255 7103 313 312 30 0 1
IN 5032 6563 108 212 106 0 0
IN 3697 6048 -154 -211 74 0 0
MOV 6173 -1774 0
MOV 13568 10745 200
MOV 5072 8563 200
MOV 4233 7975 200
OUT 3569 8072 -65 144 285 2 1
OUT 4627 7599 226 500 21 0 1
OUT 5271 6864 292 176 89 0 0
OUT 3597 6030 -85 -15 74 0 0
Round 16 of 225
tags: ENGINE_COOLDOWN
IN 3569 8072 -65 144 285 2 1
IN 4627 7599 226 500 21 0 1
IN 5271 6864 292 176 89 0 0
IN 3597 6030 -85 -15 74 0 0
MOV 8962 -349 100
MOV 14610 8185 200
MOV 5922 8755 200
MOV 3680 8028 200
OUT 3504 8216 -55 122 303 1 1
OUT 5053 8111 361 434 3 0 1
OUT 5628 7229 303 310 71 0 0
OUT 3520 6215 -65 157 88 0 0
Round 17 of 225
tags: ENGINE_COOLDOWN
IN 3504 8216 -55 122 303 1 1
IN 5053 8111 361 434 3 0 1
IN 5628 7229 303 310 71 0 0
IN 3520 6215 -65 157 88 0 0
MOV 10148 742 0
MOV 14821 10252 200
MOV 6703 8916 200
MOV 4204 8094 200
OUT 3449 8338 -46 103 312 0 1
OUT 5609 8588 472 405 12 0 1
OUT 6038 7708 348 406 57 0 0
OUT 3523 6560 2 293 70 0 0
Round 18 of 225
tags: ONLY_HIGH_IMPACT SINGLE_COLLISION
IN 3449 8338 -46 103 312 0 1
IN 5609 8588 472 405 12 0 1
IN 6038 7708 348 406 57 0 0
IN 3523 6560 2 293 70 0 0
MOV 11180 1996 0
MOV 15561 7605 200
MOV 6736 9582 158
MOV 4754 8136 200
OUT 3403 8441 -39 87 321 0 1
OUT 6258 9043 508 523 354 0 1
OUT 6463 8192 404 274 70 0 0
OUT 3648 7011 106 383 52 0 0
Round 19 of 225
tags: MOVE_ONLY
IN 3403 8441 -39 87 321 0 1
IN 6258 9043 508 523 354 0 1
IN 6463 8192 404 274 70 0 0
IN 3648 7011 106 383 52 0 0
MOV 12031 3386 100
MOV 16210 8060 200
MOV 7694 9768 200
MOV 5306 8129 114
OUT 3450 8477 40 30 330 0 1
OUT 6965 9546 600 427 354 0 1
OUT 6990 8624 448 366 52 0 0
OUT 3849 7458 170 379 34 0 0
Round 20 of 225
tags: HAS_LOW_IMPACT MULTI_COLLISION
IN 3450 8477 40 30 330 0 1
IN 6965 9546 600 427 354 0 1
IN 6990 8624 448 366 52 0 0
IN 3849 7458 170 379 34 0 0
MOV 12078 3422 100
MOV 16126 5536 200
MOV 8110 10281 200
MOV 5772 8009 84
OUT 3572 8461 -25 137 330 0 1
OUT 7757 9945 693 455 336 0 1
OUT 7541 9103 448 291 56 0 0
OUT 4104 7855 345 186 16 0 0
Round 21 of 225
tags: MOVE_ONLY
IN 3572 8461 -25 137 330 0 1
IN 7757 9945 693 455 336 0 1
IN 7541 9103 448 291 56 0 0
IN 4104 7855 345 186 16 0 0
MOV 11303 2119 200
MOV 16178 4551 200
MOV 9117 10334 200
MOV 6103 7785 200
OUT 3702 8471 110 8 321 0 1
OUT 8618 10292 732 295 327 0 1
OUT 8147 9517 514 351 38 0 0
OUT 4649 8034 463 152 358 0 0
Round 22 of 225
tags: MOVE_ONLY
IN 3702 8471 110 8 321 0 1
IN 8618 10292 732 295 327 0 1
IN 8147 9517 514 351 38 0 0
IN 4649 8034 463 152 358 0 0
MOV 12330 3416 200
MOV 16091 3648 200
MOV 10026 10201 162
MOV 6528 7350 200
OUT 3985 8378 240 -79 330 0 1
OUT 9499 10454 749 137 318 0 1
OUT 8813 9923 566 345 20 0 0
OUT 5300 8118 553 71 340 0 0
Round 23 of 225
tags: HAS_LOW_IMPACT SINGLE_COLLISION
IN 3985 8378 240 -79 330 0 1
IN 9499 10454 749 137 318 0 1
IN 8813 9923 566 345 20 0 0
IN 5300 8118 553 71 340 0 0
MOV 11716 2036 200
MOV 14553 1825 200
MOV 10812 9993 200
MOV 6876 6887 200
OUT 4380 8172 335 -174 321 0 1
OUT 10418 10449 847 25 300 0 1
OUT 9510 10244 526 243 2 0 0
OUT 6011 8066 604 -44 322 0 0
Round 24 of 225
tags: MOVE_ONLY
IN 4380 8172 335 -174 321 0 1
IN 10418 10449 847 25 300 0 1
IN 9510 10244 526 243 2 0 0
IN 6011 8066 604 -44 322 0 0
MOV 13008 3117 200
MOV 12559 681 200
MOV 11433 9693 200
MOV 7539 6775 200
OUT 4888 7897 431 -233 330 0 1
OUT 11308 10279 756 -144 282 0 1
OUT 10228 10432 610 159 344 0 0
OUT 6768 7893 643 -147 320 0 0
Round 25 of 225
tags: SHIELD
IN 4888 7897 431 -233 330 0 1
IN 11308 10279 756 -144 282 0 1
IN 10228 10432 610 159 344 0 0
IN 6768 7893 643 -147 320 0 0
MOV 12619 1555 200
MOV 11894 296 200
MOV 12227 10502 SHIELD
MOV 7828 6197 200
OUT 5474 7537 497 -305 321 0 1
OUT 12076 9935 652 -292 273 0 1
OUT 10838 10591 518 135 2 3 0
OUT 7517 7576 636 -269 302 0 0
Round 26 of 225
tags: ENGINE_COOLDOWN
IN 5474 7537 497 -305 321 0 1
IN 12076 9935 652 -292 273 0 1
IN 10838 10591 518 135 2 3 0
IN 7517 7576 636 -269 302 0 0
MOV 13205 1195 200
MOV 11093 -17 200
MOV 12761 10040 200
MOV 8467 5816 200
OUT 6126 7105 553 -367 321 0 1
OUT 12708 9444 537 -417 264 0 1
OUT 11356 10726 440 114 344 2 0
OUT 8248 7131 621 -378 298 0 0
Round 27 of 225
tags: ENGINE_COOLDOWN
IN 6126 7105 553 -367 321 0 1
IN 12708 9444 537 -417 264 0 1
IN 11356 10726 440 114 344 2 0
IN 8248 7131 621 -378 298 0 0
MOV 14754 2050 200
MOV 11725 -508 200
MOV 13308 10290 200
MOV 9307 5434 200
OUT 6852 6637 616 -397 330 0 1
OUT 13225 8828 439 -523 264 0 1
OUT 11796 10840 374 96 347 1 0
OUT 8975 6583 617 -465 302 0 0
Round 28 of 225
tags: ENGINE_COOLDOWN
IN 6852 6637 616 -397 330 0 1
IN 13225 8828 439 -523 264 0 1
IN 11796 10840 374 96 347 1 0
IN 8975 6583 617 -465 302 0 0
MOV 16620 4496 200
MOV 10698 -847 200
MOV 13632 10047 200
MOV 10507 5297 200
OUT 7663 6197 689 -373 348 0 1
OUT 13613 8111 330 -609 255 0 1
OUT 12170 10936 317 81 337 0 0
OUT 9745 5989 654 -504 320 0 0
Round 29 of 225
tags: MOVE_ONLY
IN 7663 6197 689 -373 348 0 1
IN 13613 8111 330 -609 255 0 1
IN 12170 10936 317 81 337 0 0
IN 9745 5989 654 -504 320 0 0
MOV 16291 1142 200
MOV 8219 -310 200
MOV 14091 10378 200
MOV 10893 4351 200
OUT 8525 5723 732 -402 330 0 1
OUT 13835 7334 188 -660 237 0 1
OUT 12679 10961 432 21 344 0 0
OUT 10514 5321 653 -567 305 0 0
Round 30 of 225
tags: MOVE_ONLY
IN 8525 5723 732 -402 330 0 1
IN 13835 7334 188 -660 237 0 1
IN 12679 10961 432 21 344 0 0
IN 10514 5321 653 -567 305 0 0
MOV 16256 -619 200
MOV 6103 992 100
MOV 14678 11031 95
MOV 12049 4039 100
OUT 9412 5194 753 -449 321 0 1
OUT 13946 6611 94 -614 219 0 1
OUT 13206 10985 447 20 2 0 0
OUT 11244 4690 620 -536 320 0 0
Round 31 of 225
tags: SHIELD
IN 9412 5194 753 -449 321 0 1
IN 13946 6611 94 -614 219 0 1
IN 13206 10985 447 20 2 0 0
IN 11244 4690 620 -536 320 0 0
MOV 18040 139 200
MOV 8552 -1810 100
MOV 15085 11669 0
MOV 13098 3941 SHIELD
OUT 10338 4644 786 -467 330 0 1
OUT 13986 5913 34 -593 237 0 1
OUT 13653 11005 379 17 20 0 0
OUT 11864 4154 527 -455 338 3 0
Round 32 of 225
tags: ENGINE_COOLDOWN SHIELD
IN 10338 4644 786 -467 330 0 1
IN 13986 5913 34 -593 237 0 1
IN 13653 11005 379 17 20 0 0
IN 11864 4154 527 -455 338 3 0
MOV 20106 2503 0
MOV 6254 -429 0
MOV 15652 11075 142
MOV 13859 4014 SHIELD
OUT 11124 4177 668 -396 348 0 1
OUT 14020 5320 28 -504 219 0 1
OUT 14174 11027 442 18 2 0 0
OUT 12391 3699 447 -386 356 3 0
Round 33 of 225
tags: ENGINE_COOLDOWN
IN 11124 4177 668 -396 348 0 1
IN 14020 5320 28 -504 219 0 1
IN 14174 11027 442 18 2 0 0
IN 12391 3699 447 -386 356 3 0
MOV 21076 5159 0
MOV 8626 -3101 0
MOV 16097 10476 82
MOV 14332 4183 162
OUT 11792 3781 567 -336 6 0 1
OUT 14048 4816 23 -428 237 0 1
OUT 14695 11022 442 -3 344 0 0
OUT 12838 3313 379 -328 14 2 0
Round 34 of 225
tags: ENGINE_COOLDOWN
IN 11792 3781 567 -336 6 0 1
IN 14048 4816 23 -428 237 0 1
IN 14695 11022 442 -3 344 0 0
IN 12838 3313 379 -328 14 2 0
MOV 20953 7790 0
MOV 8654 -3605 0
MOV 16353 9904 200
MOV 14536 4370 200
OUT 12359 3445 481 -285 24 0 1
OUT 14071 4388 19 -363 237 0 1
OUT 15303 10907 516 -97 326 0 0
OUT 13217 2985 322 -278 32 1 0
Round 35 of 225
tags: ENGINE_COOLDOWN HAS_LOW_IMPACT SINGLE_COLLISION
IN 12359 3445 481 -285 24 0 1
IN 14071 4388 19 -363 237 0 1
IN 15303 10907 516 -97 326 0 0
IN 13217 2985 322 -278 32 1 0
MOV 21520 7454 100
MOV 11544 -5287 200
MOV 17226 10356 200
MOV 14503 4517 158
OUT 12915 3213 346 -99 24 0 1
OUT 14039 3831 -26 -473 255 0 1
OUT 16011 10755 602 -129 344 0 0
OUT 13556 2694 414 -345 50 0 0
Round 36 of 225
tags: MULTI_COLLISION ONLY_HIGH_IMPACT
IN 12915 3213 346 -99 24 0 1
IN 14039 3831 -26 -473 255 0 1
IN 16011 10755 602 -129 344 0 0
IN 13556 2694 414 -345 50 0 0
MOV 21336 8606 0
MOV 14625 -6152 100
MOV 17967 10338 200
MOV 14305 4548 167
OUT 13246 3110 6 -156 33 0 1
OUT 14037 3309 289 -67 273 0 1
OUT 16809 10584 677 -145 348 0 0
OUT 14030 2456 386 -508 68 0 0
Round 37 of 225
tags: SHIELD
IN 13246 3110 6 -156 33 0 1
IN 14037 3309 289 -67 273 0 1
IN 16809 10584 677 -145 348 0 0
IN 14030 2456 386 -508 68 0 0
MOV 20720 9754 0
MOV 17679 -6004 200
MOV 18541 9584 SHIELD
MOV 14170 4451 155
OUT 13252 2954 5 -132 42 0 1
OUT 14399 3056 307 -215 291 0 1
OUT 17486 10439 575 -123 330 3 0
OUT 14427 2103 337 -300 86 0 0
Round 38 of 225
tags: ENGINE_COOLDOWN
IN 13252 2954 5 -132 42 0 1
IN 14399 3056 307 -215 291 0 1
IN 17486 10439 575 -123 330 3 0
IN 14427 2103 337 -300 86 0 0
MOV 20726 9598 100
MOV 19453 -5573 0
MOV 18824 8953 200
MOV 13943 4044 200
OUT 13332 2888 67 -55 42 0 1
OUT 14706 2841 260 -182 300 0 1
OUT 18061 10316 488 -104 312 2 0
OUT 14716 1997 245 -89 104 0 0
Round 39 of 225
tags: ENGINE_COOLDOWN ONLY_HIGH_IMPACT SINGLE_COLLISION
IN 13332 2888 67 -55 42 0 1
IN 14706 2841 260 -182 300 0 1
IN 18061 10316 488 -104 312 2 0
IN 14716 1997 245 -89 104 0 0
MOV 18387 11516 200
MOV 16847 -6927 200
MOV 18874 8489 0
MOV 13656 3693 200
OUT 13500 3006 142 99 60 0 1
OUT 15012 2877 260 67 282 0 1
OUT 18549 10212 414 -88 294 1 0
OUT 14852 1665 115 -319 122 0 0
Round 40 of 225
tags: ENGINE_COOLDOWN
IN 13500 3006 142 99 60 0 1
IN 15012 2877 260 67 282 0 1
IN 18549 10212 414 -88 294 1 0
IN 14852 1665 115 -319 122 0 0
MOV 15641 12774 200
MOV 14029 -7075 0
MOV 18758 8223 200
MOV 13760 3341 200
OUT 13685 3300 157 250 78 0 1
OUT 15272 2944 221 56 264 0 1
OUT 18963 10124 351 -74 276 0 0
OUT 14858 1514 4 -128 123 0 0
Round 41 of 225
tags: MOVE_ONLY
IN 13685 3300 157 250 78 0 1
IN 15272 2944 221 56 264 0 1
IN 18963 10124 351 -74 276 0 0
IN 14858 1514 4 -128 123 0 0
MOV 12703 13252 200
MOV 11262 -6217 0
MOV 18547 8168 200
MOV 13835 3233 200
OUT 13822 3749 116 381 96 0 1
OUT 15493 3000 187 47 246 0 1
OUT 19272 9854 263 -229 258 0 0
OUT 14760 1558 -83 37 121 0 0
Round 42 of 225
tags: MOVE_ONLY
IN 13822 3749 116 381 96 0 1
IN 15493 3000 187 47 246 0 1
IN 19272 9854 263 -229 258 0 0
IN 14760 1558 -83 37 121 0 0
MOV 9813 12910 200
MOV 8849 -4473 0
MOV 18272 8122 200
MOV 13991 3404 200
OUT 13858 4313 30 479 114 0 1
OUT 15680 3047 158 39 228 0 1
OUT 19435 9452 138 -341 240 0 0
OUT 14600 1780 -135 188 113 0 0
Round 43 of 225
tags: MOVE_ONLY
IN 13858 4313 30 479 114 0 1
IN 15680 3047 158 39 228 0 1
IN 19435 9452 138 -341 240 0 0
IN 14600 1780 -135 188 113 0 0
MOV 8465 12734 200
MOV 7051 -2007 0
MOV 19019 7496 200
MOV 14339 3763 200
OUT 13780 4960 -66 550 123 0 1
OUT 15838 3086 134 33 210 0 1
OUT 19531 8915 81 -456 258 0 0
OUT 14439 2166 -136 328 97 0 0
Round 44 of 225
tags: MOVE_ONLY
IN 13780 4960 -66 550 123 0 1
IN 15838 3086 134 33 210 0 1
IN 19531 8915 81 -456 258 0 0
IN 14439 2166 -136 328 97 0 0
MOV 6049 11302 200
MOV 6070 945 200
MOV 19655 6919 200
MOV 14606 4159 200
OUT 13559 5637 -187 575 141 0 1
OUT 15777 3076 -52 -8 192 0 1
OUT 19624 8259 79 -557 274 0 0
OUT 14320 2693 -101 448 85 0 0
Round 45 of 225
tags: SHIELD
IN 13559 5637 -187 575 141 0 1
IN 15777 3076 -52 -8 192 0 1
IN 19624 8259 79 -557 274 0 0
IN 14320 2693 -101 448 85 0 0
MOV 4246 9280 200
MOV 5825 4059 200
MOV 20365 6401 SHIELD
MOV 14212 4690 200
OUT 13186 6285 -317 550 159 0 1
OUT 15526 3088 -213 9 174 0 1
OUT 19703 7702 67 -473 292 3 0
OUT 14208 3341 -95 550 93 0 0
Round 46 of 225
tags: ENGINE_COOLDOWN
IN 13186 6285 -317 550 159 0 1
IN 15526 3088 -213 9 174 0 1
IN 19703 7702 67 -473 292 3 0
IN 14208 3341 -95 550 93 0 0
MOV 3203 6872 200
MOV 5758 947 200
MOV 20376 5819 200
MOV 13608 5249 200
OUT 12669 6847 -439 477 177 0 1
OUT 15118 3054 -347 -28 192 0 1
OUT 19770 7229 56 -402 290 2 0
OUT 14053 4082 -131 629 107 0 0
Round 47 of 225
tags: ENGINE_COOLDOWN SHIELD
IN 12669 6847 -439 477 177 0 1
IN 15118 3054 -347 -28 192 0 1
IN 19770 7229 56 -402 290 2 0
IN 14053 4082 -131 629 107 0 0
MOV 2993 4320 200
MOV 5135 2468 200
MOV 21001 5653 SHIELD
MOV 12906 5720 200
OUT 12036 7273 -537 362 195 0 1
OUT 14571 3014 -464 -33 183 0 1
OUT 19826 6827 47 -341 308 3 0
OUT 13807 4875 -208 673 125 0 0
Round 48 of 225
tags: ENGINE_COOLDOWN
IN 12036 7273 -537 362 195 0 1
IN 14571 3014 -464 -33 183 0 1
IN 19826 6827 47 -341 308 3 0
IN 13807 4875 -208 673 125 0 0
MOV 3615 1880 200
MOV 4588 2428 200
MOV 21227 5400 6
MOV 12210 6079 102
OUT 11331 7527 -599 216 213 0 1
OUT 13907 2969 -564 -38 183 0 1
OUT 19873 6486 39 -289 314 2 0
OUT 13518 5609 -246 624 143 0 0
Round 49 of 225
tags: ENGINE_COOLDOWN SHIELD
IN 11331 7527 -599 216 213 0 1
IN 13907 2969 -564 -38 183 0 1
IN 19873 6486 39 -289 314 2 0
IN 13518 5609 -246 624 143 0 0
MOV 4989 -204 200
MOV 4139 828 200
MOV 21639 5547 SHIELD
MOV 11627 6260 200
OUT 10605 7588 -616 52 231 0 1
OUT 13148 2888 -645 -68 192 0 1
OUT 19912 6197 33 -245 332 3 0
OUT 13083 6298 -369 585 161 0 0
Round 50 of 225
tags: ENGINE_COOLDOWN SHIELD
IN 10605 7588 -616 52 231 0 1
IN 13148 2888 -645 -68 192 0 1
IN 19912 6197 33 -245 332 3 0
IN 13083 6298 -369 585 161 0 0
MOV 5550 -1040 200
MOV 3165 2302 200
MOV 21882 5850 SHIELD
MOV 11083 6333 200
OUT 9888 7467 -609 -102 240 0 1
OUT 12303 2808 -717 -67 183 0 1
OUT 19945 5952 28 -208 350 3 0
OUT 12514 6887 -483 500 179 0 0
Round 51 of 225
tags: ENGINE_COOLDOWN SHIELD
IN 9888 7467 -609 -102 240 0 1
IN 12303 2808 -717 -67 183 0 1
IN 19945 5952 28 -208 350 3 0
IN 12514 6887 -483 500 179 0 0
MOV 6245 -1846 200
MOV 2351 3791 200
MOV 21926 6230 SHIELD
MOV 10601 6302 194
OUT 9206 7179 -579 -245 249 0 1
OUT 11387 2761 -778 -40 174 0 1
OUT 19973 5744 23 -176 8 3 0
OUT 11845 7330 -568 376 197 0 0
Round 52 of 225
tags: ENGINE_COOLDOWN
IN 9206 7179 -579 -245 249 0 1
IN 11387 2761 -778 -40 174 0 1
IN 19973 5744 23 -176 8 3 0
IN 11845 7330 -568 376 197 0 0
MOV 5563 -2134 200
MOV 1435 3744 200
MOV 21771 6621 0
MOV 10207 6183 200
OUT 8554 6748 -554 -366 249 0 1
OUT 10410 2741 -830 -17 174 0 1
OUT 19996 5568 19 -149 26 2 0
OUT 11113 7591 -622 222 215 0 0
Round 53 of 225
tags: ENGINE_COOLDOWN SHIELD
IN 8554 6748 -554 -366 249 0 1
IN 10410 2741 -830 -17 174 0 1
IN 19996 5568 19 -149 26 2 0
IN 11113 7591 -622 222 215 0 0
MOV 3499 -1880 200
MOV 642 600 200
MOV 21435 6957 SHIELD
MOV 9909 5994 200
OUT 7899 6209 -556 -457 240 0 1
OUT 9385 2681 -871 -50 192 0 1
OUT 20015 5419 16 -126 44 3 0
OUT 10371 7653 -631 52 233 0 0
Round 54 of 225
tags: ENGINE_COOLDOWN
IN 7899 6209 -556 -457 240 0 1
IN 9385 2681 -871 -50 192 0 1
IN 20015 5419 16 -126 44 3 0
IN 10371 7653 -631 52 233 0 0
MOV 5758 -3559 200
MOV 72 -961 0
MOV 21813 6296 0
MOV 9720 5762 200
OUT 7300 5557 -509 -554 258 0 1
OUT 8514 2631 -740 -42 201 0 1
OUT 20031 5293 13 -107 26 2 0
OUT 9675 7516 -591 -116 251 0 0
Round 55 of 225
tags: ENGINE_COOLDOWN
IN 7300 5557 -509 -554 258 0 1
IN 8514 2631 -740 -42 201 0 1
IN 20031 5293 13 -107 26 2 0
IN 9675 7516 -591 -116 251 0 0
MOV 5159 -4211 200
MOV -1254 490 100
MOV 22012 5571 0
MOV 9640 5516 200
OUT 6748 4808 -469 -636 258 0 1
OUT 7676 2568 -712 -53 192 0 1
OUT 20044 5186 11 -90 8 1 0
OUT 9080 7200 -505 -268 269 0 0
Round 56 of 225
tags: ENGINE_COOLDOWN SHIELD
IN 6748 4808 -469 -636 258 0 1
IN 7676 2568 -712 -53 192 0 1
IN 20044 5186 11 -90 8 1 0
IN 9080 7200 -505 -268 269 0 0
MOV 6161 -5175 100
MOV -2092 427 200
MOV 22014 4839 SHIELD
MOV 8753 5227 173
OUT 6273 4072 -403 -625 267 0 1
OUT 6769 2472 -771 -81 192 0 1
OUT 20055 5096 9 -76 350 3 0
OUT 8547 6761 -453 -372 261 0 0
Round 57 of 225
tags: ENGINE_COOLDOWN
IN 6273 4072 -403 -625 267 0 1
IN 6769 2472 -771 -81 192 0 1
IN 20055 5096 9 -76 350 3 0
IN 8547 6761 -453 -372 261 0 0
MOV 7255 -5880 200
MOV -3183 3455 100
MOV 22052 5211 0
MOV 7639 4979 200
OUT 5890 3248 -325 -700 276 0 1
OUT 5898 2401 -739 -60 174 0 1
OUT 20064 5020 7 -64 3 2 0
OUT 8003 6211 -462 -467 243 0 0
Round 58 of 225
tags: ENGINE_COOLDOWN ONLY_HIGH_IMPACT SINGLE_COLLISION
IN 5890 3248 -325 -700 276 0 1
IN 5898 2401 -739 -60 174 0 1
IN 20064 5020 7 -64 3 2 0
IN 8003 6211 -462 -467 243 0 0
MOV 9899 -5913 200
MOV -3263 6411 200
MOV 21996 4502 44
MOV 7674 4238 200
OUT 5674 3198 -182 -3 294 0 1
OUT 4947 1588 -809 -729 156 0 1
OUT 20071 4956 5 -54 345 1 0
OUT 7508 5547 -420 -564 261 0 0
Round 59 of 225
tags: ENGINE_COOLDOWN
IN 5674 3198 -182 -3 294 0 1
IN 4947 1588 -809 -729 156 0 1
IN 20071 4956 5 -54 345 1 0
IN 7508 5547 -420 -564 261 0 0
MOV 11067 -5223 0
MOV -2526 8232 0
MOV 21748 3867 0
MOV 7821 3572 0
OUT 5492 3195 -154 -2 303 0 1
OUT 4138 859 -687 -619 138 0 1
OUT 20076 4902 4 -45 327 0 0
OUT 7088 4983 -357 -479 279 0 0
Round 60 of 225
tags: MOVE_ONLY
IN 5492 3195 -154 -2 303 0 1
IN 4138 859 -687 -619 138 0 1
IN 20076 4902 4 -45 327 0 0
IN 7088 4983 -357 -479 279 0 0
MOV 13223 -3147 0
MOV -916 9488 0
MOV 21335 3348 0
MOV 7996 3201 0
OUT 5338 3193 -130 -1 321 0 1
OUT 3451 240 -583 -526 120 0 1
OUT 20080 4857 3 -38 309 0 0
OUT 6731 4504 -303 -407 297 0 0
Round 61 of 225
tags: MOVE_ONLY
IN 5338 3193 -130 -1 321 0 1
IN 3451 240 -583 -526 120 0 1
IN 20080 4857 3 -38 309 0 0
IN 6731 4504 -303 -407 297 0 0
MOV 14651 -450 100
MOV 1310 10008 200
MOV 20797 2990 0
MOV 8145 3090 0
OUT 5301 3156 -31 -31 339 0 1
OUT 2825 -91 -531 -281 102 0 1
OUT 20083 4819 2 -32 291 0 0
OUT 6428 4097 -257 -345 315 0 0
Round 62 of 225
tags: MOVE_ONLY
IN 5301 3156 -31 -31 339 0 1
IN 2825 -91 -531 -281 102 0 1
IN 20083 4819 2 -32 291 0 0
IN 6428 4097 -257 -345 315 0 0
MOV 15284 2569 200
MOV 3808 9861 200
MOV 20188 2822 105
MOV 8210 3189 0
OUT 5470 3113 143 -36 357 0 1
OUT 2314 -173 -434 -69 84 0 1
OUT 20091 4682 6 -116 273 0 0
OUT 6171 3752 -218 -293 333 0 0
Round 63 of 225
tags: ONLY_HIGH_IMPACT SHIELD SINGLE_COLLISION
IN 5470 3113 143 -36 357 0 1
IN 2314 -173 -434 -69 84 0 1
IN 20091 4682 6 -116 273 0 0
IN 6171 3752 -218 -293 333 0 0
MOV 15422 4095 SHIELD
MOV 6324 8988 200
MOV 19573 2750 93
MOV 8146 3439 SHIELD
OUT 5403 2877 -148 -287 6 3 1
OUT 1960 -59 -300 97 66 0 1
OUT 20073 4476 -14 -175 255 0 0
OUT 6163 3659 84 8 351 3 0
Round 64 of 225
tags: ENGINE_COOLDOWN
IN 5403 2877 -148 -287 6 3 1
IN 1960 -59 -300 97 66 0 1
IN 20073 4476 -14 -175 255 0 0
IN 6163 3659 84 8 351 3 0
MOV 14564 6886 0
MOV 8604 7414 200
MOV 18984 2799 200
MOV 8140 3962 200
OUT 5255 2590 -125 -243 24 2 1
OUT 1793 187 -142 209 48 0 1
OUT 19951 4133 -103 -291 237 0 0
OUT 6247 3667 71 6 9 2 0
Round 65 of 225
tags: ENGINE_COOLDOWN
IN 5255 2590 -125 -243 24 2 1
IN 1793 187 -142 209 48 0 1
IN 19951 4133 -103 -291 237 0 0
IN 6247 3667 71 6 9 2 0
MOV 12729 9234 100
MOV 10422 5241 200
MOV 18397 2874 200
MOV 8037 4560 200
OUT 5130 2347 -106 -206 42 1 1
OUT 1824 497 25 263 30 0 1
OUT 19693 3715 -219 -355 219 0 0
OUT 6318 3673 60 5 27 1 0
Round 66 of 225
tags: ENGINE_COOLDOWN SHIELD
IN 5130 2347 -106 -206 42 1 1
IN 1824 497 25 263 30 0 1
IN 19693 3715 -219 -355 219 0 0
IN 6318 3673 60 5 27 1 0
MOV 10185 10975 200
MOV 11592 2638 200
MOV 17826 2998 200
MOV 7732 5087 SHIELD
OUT 5024 2141 -90 -175 60 0 1
OUT 2044 803 187 259 12 0 1
OUT 19288 3287 -344 -363 201 0 0
OUT 6378 3678 51 4 45 3 0
Round 67 of 225
tags: ENGINE_COOLDOWN SHIELD
IN 5024 2141 -90 -175 60 0 1
IN 2044 803 187 259 12 0 1
IN 19288 3287 -344 -363 201 0 0
IN 6378 3678 51 4 45 3 0
MOV 7165 11909 200
MOV 11357 4445 200
MOV 17291 3182 200
MOV 7286 5460 SHIELD
OUT 4977 2161 -40 17 78 0 1
OUT 2417 1135 317 282 21 0 1
OUT 18744 2913 -462 -318 183 0 0
OUT 6429 3682 43 3 63 3 0
Round 68 of 225
tags: ENGINE_COOLDOWN SHIELD
IN 4977 2161 -40 17 78 0 1
IN 2417 1135 317 282 21 0 1
IN 18744 2913 -462 -318 183 0 0
IN 6429 3682 43 3 63 3 0
MOV 3995 12113 200
MOV 11730 4777 200
MOV 16812 3431 200
MOV 6742 5657 SHIELD
OUT 4917 2377 -50 183 96 0 1
OUT 2920 1490 427 301 21 0 1
OUT 18089 2646 -557 -227 165 0 0
OUT 6472 3685 36 2 81 3 0
Round 69 of 225
tags: ENGINE_COOLDOWN
IN 4917 2377 -50 183 96 0 1
IN 2920 1490 427 301 21 0 1
IN 18089 2646 -557 -227 165 0 0
IN 6472 3685 36 2 81 3 0
MOV 2390 12053 200
MOV 12903 2076 0
MOV 16091 2726 200
MOV 6159 5660 11
OUT 4816 2754 -85 320 105 0 1
OUT 3347 1791 362 255 3 0 1
OUT 17332 2427 -643 -186 178 0 0
OUT 6508 3687 30 1 99 2 0
Round 70 of 225
tags: ENGINE_COOLDOWN
IN 4816 2754 -85 320 105 0 1
IN 3347 1791 362 255 3 0 1
IN 17332 2427 -643 -186 178 0 0
IN 6508 3687 30 1 99 2 0
MOV 2289 12430 200
MOV 13022 -736 100
MOV 15453 3111 200
MOV 5616 5477 200
OUT 4680 3268 -115 436 105 0 1
OUT 3806 2021 389 195 345 0 1
OUT 16501 2309 -706 -99 160 0 0
OUT 6538 3688 25 0 116 1 0
Round 71 of 225
tags: ENGINE_COOLDOWN SHIELD
IN 4680 3268 -115 436 105 0 1
IN 3806 2021 389 195 345 0 1
IN 16501 2309 -706 -99 160 0 0
IN 6538 3688 25 0 116 1 0
MOV 3698 13220 200
MOV 13789 2607 0
MOV 14925 3540 200
MOV 5153 5131 SHIELD
OUT 4545 3903 -114 539 96 0 1
OUT 4195 2216 330 165 3 0 1
OUT 15637 2333 -734 20 142 0 0
OUT 6563 3688 21 0 134 3 0
Round 72 of 225
tags: ENGINE_COOLDOWN SHIELD
IN 4545 3903 -114 539 96 0 1
IN 4195 2216 330 165 3 0 1
IN 15637 2333 -734 20 142 0 0
IN 6563 3688 21 0 134 3 0
MOV 2018 13579 100
MOV 13508 5858 100
MOV 13758 3017 153
MOV 4797 4627 SHIELD
OUT 4406 4539 -118 540 105 0 1
OUT 4618 2417 359 171 21 0 1
OUT 14759 2405 -746 61 160 0 0
OUT 6584 3688 17 0 152 3 0
Round 73 of 225
tags: ENGINE_COOLDOWN SHIELD
IN 4406 4539 -118 540 105 0 1
IN 4618 2417 359 171 21 0 1
IN 14759 2405 -746 61 160 0 0
IN 6584 3688 17 0 152 3 0
MOV 4993 14522 0
MOV 13247 7471 200
MOV 13183 3636 SHIELD
MOV 4614 4035 36
OUT 4288 5079 -100 459 87 0 1
OUT 5150 2689 451 231 30 0 1
OUT 14013 2466 -634 51 142 3 0
OUT 6601 3688 14 0 170 2 0
Round 74 of 225
tags: ENGINE_COOLDOWN
IN 4288 5079 -100 459 87 0 1
IN 5150 2689 451 231 30 0 1
IN 14013 2466 -634 51 142 3 0
IN 6601 3688 14 0 170 2 0
MOV 7931 14392 200
MOV 12882 9031 200
MOV 12895 4124 200
MOV 4620 3410 200
OUT 4261 5724 -23 548 69 0 1
OUT 5756 3047 514 304 39 0 1
OUT 13379 2517 -538 43 124 2 0
OUT 6615 3688 11 0 188 1 0
Round 75 of 225
tags: ENGINE_COOLDOWN ONLY_HIGH_IMPACT SHIELD SINGLE_COLLISION
IN 4261 5724 -23 548 69 0 1
IN 5756 3047 514 304 39 0 1
IN 13379 2517 -538 43 124 2 0
IN 6615 3688 11 0 188 1 0
MOV 10603 13455 0
MOV 12400 10520 SHIELD
MOV 11880 3841 SHIELD
MOV 4817 2811 200
OUT 4238 6272 -19 465 51 0 1
OUT 6226 3316 366 202 48 3 1
OUT 12841 2560 -457 36 139 3 0
OUT 7068 4042 712 562 206 0 0
Round 76 of 225
tags: ENGINE_COOLDOWN
IN 4238 6272 -19 465 51 0 1
IN 6226 3316 366 202 48 3 1
IN 12841 2560 -457 36 139 3 0
IN 7068 4042 712 562 206 0 0
MOV 12659 11665 200
MOV 14855 8370 100
MOV 11699 4202 200
MOV 5629 2653 200
OUT 4387 6845 127 486 33 0 1
OUT 6592 3518 311 171 30 2 1
OUT 12384 2596 -388 30 125 2 0
OUT 7636 4466 482 359 224 0 0
Round 77 of 225
tags: ENGINE_COOLDOWN
IN 4387 6845 127 486 33 0 1
IN 6592 3518 311 171 30 2 1
IN 12384 2596 -388 30 125 2 0
IN 7636 4466 482 359 224 0 0
MOV 14063 9372 200
MOV 16360 5659 0
MOV 11101 4130 200
MOV 6672 2714 200
OUT 4708 7382 272 456 15 0 1
OUT 6903 3689 264 145 12 1 1
OUT 11996 2626 -329 25 130 1 0
OUT 8022 4650 327 156 241 0 0
Round 78 of 225
tags: ENGINE_COOLDOWN
IN 4708 7382 272 456 15 0 1
IN 6903 3689 264 145 12 1 1
IN 11996 2626 -329 25 130 1 0
IN 8022 4650 327 156 241 0 0
MOV 14691 6795 200
MOV 16671 5830 100
MOV 10307 3698 200
MOV 7640 2687 200
OUT 5180 7826 400 377 357 0 1
OUT 7167 3834 224 123 12 0 1
OUT 11667 2651 -279 21 148 0 0
OUT 8311 4610 245 -34 259 0 0
Round 79 of 225
tags: MOVE_ONLY
IN 5180 7826 400 377 357 0 1
IN 7167 3834 224 123 12 0 1
IN 11667 2651 -279 21 148 0 0
IN 8311 4610 245 -34 259 0 0
MOV 14493 4183 200
MOV 17150 4420 200
MOV 10040 3815 200
MOV 8555 2625 200
OUT 5766 8130 498 258 339 0 1
OUT 7591 3969 360 114 3 0 1
OUT 11225 2788 -375 116 144 0 0
OUT 8580 4377 228 -197 277 0 0
Round 80 of 225
tags: ONLY_HIGH_IMPACT SINGLE_COLLISION
IN 5766 8130 498 258 339 0 1
IN 7591 3969 360 114 3 0 1
IN 11225 2788 -375 116 144 0 0
IN 8580 4377 228 -197 277 0 0
MOV 13497 1788 200
MOV 17266 1442 200
MOV 9751 4140 200
MOV 8198 2414 40
OUT 6419 8261 554 111 321 0 1
OUT 8011 3996 142 -36 345 0 1
OUT 10703 3039 -444 213 137 0 0
OUT 8934 4178 515 -110 259 0 0
Round 81 of 225
tags: MOVE_ONLY
IN 6419 8261 554 111 321 0 1
IN 8011 3996 142 -36 345 0 1
IN 10703 3039 -444 213 137 0 0
IN 8934 4178 515 -110 259 0 0
MOV 13063 787 200
MOV 17686 1469 200
MOV 9498 4635 200
MOV 8943 2178 26
OUT 7106 8223 583 -32 312 0 1
OUT 8347 3909 285 -73 345 0 1
OUT 10138 3412 -479 316 127 0 0
OUT 9449 4042 437 -115 270 0 0
Round 82 of 225
tags: ONLY_HIGH_IMPACT SHIELD SINGLE_COLLISION
IN 7106 8223 583 -32 312 0 1
IN 8347 3909 285 -73 345 0 1
IN 10138 3412 -479 316 127 0 0
IN 9449 4042 437 -115 270 0 0
MOV 13750 749 200
MOV 18330 4495 SHIELD
MOV 9487 5303 200
MOV 10067 2140 113
OUT 7822 8042 608 -154 312 0 1
OUT 8632 3836 242 -62 3 3 1
OUT 10394 3156 299 -296 109 0 0
OUT 9121 4581 -360 536 288 0 0
Round 83 of 225
tags: ENGINE_COOLDOWN
IN 7822 8042 608 -154 312 0 1
IN 8632 3836 242 -62 3 3 1
IN 10394 3156 299 -296 109 0 0
IN 9121 4581 -360 536 288 0 0
MOV 11831 -1119 200
MOV 17945 7478 200
MOV 10359 5156 3
MOV 9121 2581 200
OUT 8510 7705 584 -286 294 0 1
OUT 8874 3774 205 -52 21 2 1
OUT 10693 2863 254 -249 91 0 0
OUT 8761 4917 -305 285 270 0 0
Round 84 of 225
tags: ENGINE_COOLDOWN
IN 8510 7705 584 -286 294 0 1
IN 8874 3774 205 -52 21 2 1
IN 10693 2863 254 -249 91 0 0
IN 8761 4917 -305 285 270 0 0
MOV 11037 -1971 200
MOV 16606 10116 0
MOV 10042 4754 200
MOV 8641 2921 200
OUT 9145 7225 539 -407 285 0 1
OUT 9079 3722 174 -44 39 1 1
OUT 10882 2803 160 -50 109 0 0
OUT 8444 5002 -269 72 267 0 0
Round 85 of 225
tags: ENGINE_COOLDOWN
IN 9145 7225 539 -407 285 0 1
IN 9079 3722 174 -44 39 1 1
IN 10882 2803 160 -50 109 0 0
IN 8444 5002 -269 72 267 0 0
MOV 8558 -2758 100
MOV 14473 12143 0
MOV 10684 4793 200
MOV 8128 3027 200
OUT 9678 6718 453 -430 267 0 1
OUT 9253 3678 147 -37 57 0 1
OUT 11022 2952 119 126 96 0 0
OUT 8143 4877 -255 -106 261 0 0
Round 86 of 225
tags: MOVE_ONLY
IN 9678 6718 453 -430 267 0 1
IN 9253 3678 147 -37 57 0 1
IN 11022 2952 119 126 96 0 0
IN 8143 4877 -255 -106 261 0 0
MOV 6035 -2595 200
MOV 11780 13353 200
MOV 10730 4931 200
MOV 7235 3095 200
OUT 10058 6102 323 -523 249 0 1
OUT 9451 3835 167 133 75 0 1
OUT 11112 3276 76 275 98 0 0
OUT 7797 4593 -293 -241 243 0 0
Round 87 of 225
tags: MOVE_ONLY
IN 10058 6102 323 -523 249 0 1
IN 9451 3835 167 133 75 0 1
IN 11112 3276 76 275 98 0 0
IN 7797 4593 -293 -241 243 0 0
MOV 5003 -2526 200
MOV 8865 13818 100
MOV 10452 5164 200
MOV 6383 3179 194
OUT 10280 5406 188 -591 240 0 1
OUT 9612 4068 136 197 93 0 1
OUT 11122 3740 8 394 109 0 0
OUT 7367 4215 -365 -321 225 0 0
Round 88 of 225
tags: ONLY_HIGH_IMPACT SHIELD SINGLE_COLLISION
IN 10280 5406 188 -591 240 0 1
IN 9612 4068 136 197 93 0 1
IN 11122 3740 8 394 109 0 0
IN 7367 4215 -365 -321 225 0 0
MOV 2806 -1238 SHIELD
MOV 9026 14051 200
MOV 9918 5337 200
MOV 5585 3307 116
OUT 10462 4821 48 -387 222 3 1
OUT 9736 4465 105 337 93 0 1
OUT 11071 4230 1012 -676 127 0 0
OUT 6899 3841 -398 -317 207 0 0
Round 89 of 225
tags: ENGINE_COOLDOWN ONLY_HIGH_IMPACT SINGLE_COLLISION
IN 10462 4821 48 -387 222 3 1
IN 9736 4465 105 337 93 0 1
IN 11071 4230 1012 -676 127 0 0
IN 6899 3841 -398 -317 207 0 0
MOV 5407 -3807 0
MOV 12263 14140 200
MOV 10035 5941 200
MOV 4924 3528 0
OUT 10943 4638 415 -152 240 2 1
OUT 9458 4792 -242 274 75 0 1
OUT 11979 3725 772 -429 121 0 0
OUT 6501 3524 -338 -269 189 0 0
Round 90 of 225
tags: ENGINE_COOLDOWN
IN 10943 4638 415 -152 240 2 1
IN 9458 4792 -242 274 75 0 1
IN 11979 3725 772 -429 121 0 0
IN 6501 3524 -338 -269 189 0 0
MOV 8802 -5130 200
MOV 8872 14775 0
MOV 10470 5037 200
MOV 4526 3837 17
OUT 11358 4486 352 -129 258 1 1
OUT 9216 5066 -205 232 93 0 1
OUT 12600 3427 527 -253 139 0 0
OUT 6146 3258 -301 -226 171 0 0
Round 91 of 225
tags: ENGINE_COOLDOWN
IN 11358 4486 352 -129 258 1 1
IN 9216 5066 -205 232 93 0 1
IN 12600 3427 527 -253 139 0 0
IN 6146 3258 -301 -226 171 0 0
MOV 12340 -5466 0
MOV 5574 14379 200
MOV 10759 4208 200
MOV 4364 4166 200
OUT 11710 4357 299 -109 276 0 1
OUT 8938 5484 -236 355 111 0 1
OUT 12943 3252 291 -148 157 0 0
OUT 5667 3123 -407 -114 153 0 0
Round 92 of 225
tags: MOVE_ONLY
IN 11710 4357 299 -109 276 0 1
IN 8938 5484 -236 355 111 0 1
IN 12943 3252 291 -148 157 0 0
IN 5667 3123 -407 -114 153 0 0
MOV 15719 -4804 200
MOV 2596 13216 200
MOV 10973 3598 200
MOV 4253 4537 200
OUT 12089 4065 322 -248 294 0 1
OUT 8575 5994 -308 433 129 0 1
OUT 13037 3139 79 -96 170 0 0
OUT 5119 3150 -466 23 135 0 0
Round 93 of 225
tags: ONLY_HIGH_IMPACT SINGLE_COLLISION
IN 12089 4065 322 -248 294 0 1
IN 8575 5994 -308 433 129 0 1
IN 13037 3139 79 -96 170 0 0
IN 5119 3150 -466 23 135 0 0
MOV 18733 -3409 200
MOV 154 11388 200
MOV 11271 4078 173
MOV 4211 4932 200
OUT 12470 3755 40 74 312 0 1
OUT 8099 6535 -404 459 147 0 1
OUT 13037 3037 283 -424 152 0 0
OUT 4562 3351 -473 171 117 0 0
Round 94 of 225
tags: MOVE_ONLY
IN 12470 3755 40 74 312 0 1
IN 8099 6535 -404 459 147 0 1
IN 13037 3037 283 -424 152 0 0
IN 4562 3351 -473 171 117 0 0
MOV 16479 -5406 0
MOV -1576 9062 100
MOV 11648 4476 200
MOV 4249 5326 123
OUT 12510 3829 34 62 294 0 1
OUT 7598 7019 -425 411 165 0 1
OUT 13181 2757 122 -238 134 0 0
OUT 4070 3643 -418 248 99 0 0
Round 95 of 225
tags: MOVE_ONLY
IN 12510 3829 34 62 294 0 1
IN 7598 7019 -425 411 165 0 1
IN 13181 2757 122 -238 134 0 0
IN 4070 3643 -418 248 99 0 0
MOV 16519 -5332 200
MOV -2385 6433 100
MOV 12297 4551 200
MOV 4383 5618 200
OUT 12624 3708 97 -103 294 0 1
OUT 7073 7424 -446 344 183 0 1
OUT 13215 2698 28 -49 116 0 0
OUT 3683 4089 -328 378 81 0 0
Round 96 of 225
tags: ONLY_HIGH_IMPACT SINGLE_COLLISION
IN 12624 3708 97 -103 294 0 1
IN 7073 7424 -446 344 183 0 1
IN 13215 2698 28 -49 116 0 0
IN 3683 4089 -328 378 81 0 0
MOV 15151 -5968 200
MOV -2240 3782 200
MOV 12312 4482 200
MOV 4591 5871 200
OUT 12717 3498 -88 87 285 0 1
OUT 6441 7695 -537 230 201 0 1
OUT 13207 2741 161 -229 117 0 0
OUT 3446 4645 -201 472 63 0 0
Round 97 of 225
tags: MOVE_ONLY
IN 12717 3498 -88 87 285 0 1
IN 6441 7695 -537 230 201 0 1
IN 13207 2741 161 -229 117 0 0
IN 3446 4645 -201 472 63 0 0
MOV 16726 -5663 200
MOV -2188 2641 200
MOV 12171 4452 200
MOV 4860 6059 200
OUT 12709 3402 -6 -81 294 0 1
OUT 5731 7824 -603 109 210 0 1
OUT 13264 2683 48 -49 121 0 0
OUT 3386 5258 -50 521 45 0 0
Round 98 of 225
tags: ONLY_HIGH_IMPACT SINGLE_COLLISION
IN 12709 3402 -6 -81 294 0 1
IN 5731 7824 -603 109 210 0 1
IN 13264 2683 48 -49 121 0 0
IN 3386 5258 -50 521 45 0 0
MOV 16718 -5759 200
MOV -913 351 200
MOV 12050 4273 200
MOV 5168 6166 200
OUT 12607 3348 -145 24 294 0 1
OUT 4995 7784 -625 -34 228 0 1
OUT 13367 2583 145 -155 127 0 0
OUT 3514 5870 108 520 27 0 0
Round 99 of 225
tags: MOVE_ONLY
IN 12607 3348 -145 24 294 0 1
IN 4995 7784 -625 -34 228 0 1
IN 13367 2583 145 -155 127 0 0
IN 3514 5870 108 520 27 0 0
MOV 18000 -5073 200
MOV 985 -1377 200
MOV 11861 3899 200
MOV 5489 6183 200
OUT 12570 3204 -31 -122 303 0 1
OUT 4290 7567 -599 -184 246 0 1
OUT 13361 2560 -4 -19 139 0 0
OUT 3820 6421 259 468 9 0 0
Round 100 of 225
tags: MULTI_COLLISION ONLY_HIGH_IMPACT SHIELD
IN 12570 3204 -31 -122 303 0 1
IN 4290 7567 -599 -184 246 0 1
IN 13361 2560 -4 -19 139 0 0
IN 3820 6421 259 468 9 0 0
MOV 20301 -3138 200
MOV -2354 94 SHIELD
MOV 11520 3341 200
MOV 5602 7329 SHIELD
OUT 12523 3087 -187 14 321 0 1
OUT 3697 7696 -498 410 228 3 1
OUT 13344 2488 133 -175 157 0 0
OUT 4073 6576 209 -169 27 3 0
Round 101 of 225
tags: ENGINE_COOLDOWN
IN 12523 3087 -187 14 321 0 1
IN 3697 7696 -498 410 228 3 1
IN 13344 2488 133 -175 157 0 0
IN 4073 6576 209 -169 27 3 0
MOV 17916 -5334 200
MOV -313 -1465 200
MOV 11835 3800 200
MOV 5487 7990 125
OUT 12444 2933 -67 -131 303 0 1
OUT 3199 8106 -423 348 246 2 1
OUT 13326 2444 -15 -37 139 0 0
OUT 4282 6407 177 -143 45 2 0
Round 102 of 225
tags: ENGINE_COOLDOWN ONLY_HIGH_IMPACT SHIELD SINGLE_COLLISION
IN 12444 2933 -67 -131 303 0 1
IN 3199 8106 -423 348 246 2 1
IN 13326 2444 -15 -37 139 0 0
IN 4282 6407 177 -143 45 2 0
MOV 20175 -3409 200
MOV 2216 -1846 200
MOV 11485 3225 200
MOV 5190 8189 SHIELD
OUT 12368 2749 -223 -84 321 0 1
OUT 2776 8454 -359 295 264 1 1
OUT 13290 2411 128 -99 157 0 0
OUT 4459 6264 150 -121 63 3 0
Round 103 of 225
tags: ENGINE_COOLDOWN
IN 12368 2749 -223 -84 321 0 1
IN 2776 8454 -359 295 264 1 1
IN 13290 2411 128 -99 157 0 0
IN 4459 6264 150 -121 63 3 0
MOV 20996 -2306 200
MOV 4917 -1314 200
MOV 11298 2585 200
MOV 4772 8239 0
OUT 12318 2564 -42 -157 330 0 1
OUT 2417 8749 -305 250 282 0 1
OUT 13219 2329 -60 -69 175 0 0
OUT 4609 6143 127 -102 81 2 0
Round 104 of 225
tags: ENGINE_COOLDOWN ONLY_HIGH_IMPACT SINGLE_COLLISION
IN 12318 2564 -42 -157 330 0 1
IN 2417 8749 -305 250 282 0 1
IN 13219 2329 -60 -69 175 0 0
IN 4609 6143 127 -102 81 2 0
MOV 22086 423 100
MOV 7471 120 200
MOV 11277 2808 200
MOV 4296 8118 65
OUT 12172 2430 -231 -89 348 0 1
OUT 2213 8826 -173 65 300 0 1
OUT 13166 2263 63 -80 166 0 0
OUT 4736 6041 107 -86 99 1 0
Round 105 of 225
tags: ENGINE_COOLDOWN
IN 12172 2430 -231 -89 348 0 1
IN 2213 8826 -173 65 300 0 1
IN 13166 2263 63 -80 166 0 0
IN 4736 6041 107 -86 99 1 0
MOV 21485 -1213 200
MOV 9686 2182 200
MOV 11166 2255 200
MOV 3828 7823 177
OUT 12127 2268 -38 -137 339 0 1
OUT 2189 8758 -20 -57 318 0 1
OUT 13029 2182 -116 -68 180 0 0
OUT 4843 5955 90 -73 117 0 0
Round 106 of 225
tags: ONLY_HIGH_IMPACT SINGLE_COLLISION
IN 12127 2268 -38 -137 339 0 1
IN 2189 8758 -20 -57 318 0 1
IN 13029 2182 -116 -68 180 0 0
IN 4843 5955 90 -73 117 0 0
MOV 20755 -2787 200
MOV 11350 4748 200
MOV 11127 2800 200
MOV 3707 7601 107
OUT 11917 2044 -267 -186 330 0 1
OUT 2352 8621 138 -116 336 0 1
OUT 13067 2161 121 -21 162 0 0
OUT 4872 5970 24 12 125 0 0
Round 107 of 225
tags: MOVE_ONLY
IN 11917 2044 -267 -186 330 0 1
IN 2352 8621 138 -116 336 0 1
IN 13067 2161 121 -21 162 0 0
IN 4872 5970 24 12 125 0 0
MOV 21230 -1599 200
MOV 12304 7638 200
MOV 11067 2161 155
MOV 4287 7883 120
OUT 11836 1785 -68 -220 339 0 1
OUT 2689 8485 286 -115 354 0 1
OUT 13033 2140 -28 -17 180 0 0
OUT 4861 6097 -9 107 107 0 0
Round 108 of 225
tags: SHIELD
IN 11836 1785 -68 -220 339 0 1
IN 2689 8485 286 -115 354 0 1
IN 13033 2140 -28 -17 180 0 0
IN 4861 6097 -9 107 107 0 0
MOV 21604 -356 200
MOV 12457 10626 200
MOV 11117 1566 62
MOV 4896 8097 SHIELD
OUT 11963 1522 108 -223 348 0 1
OUT 3170 8413 409 -61 12 0 1
OUT 12946 2105 -74 -29 197 0 0
OUT 4852 6204 -7 90 89 3 0
Round 109 of 225
tags: ENGINE_COOLDOWN
IN 11963 1522 108 -223 348 0 1
IN 3170 8413 409 -61 12 0 1
IN 12946 2105 -74 -29 197 0 0
IN 4852 6204 -7 90 89 3 0
MOV 21915 2504 200
MOV 13122 7430 200
MOV 11308 958 157
MOV 4267 8117 75
OUT 12270 1319 260 -172 6 0 1
OUT 3778 8332 516 -68 354 0 1
OUT 12743 1987 -172 -100 215 0 0
OUT 4845 6294 -5 76 107 2 0
Round 110 of 225
tags: ENGINE_COOLDOWN ONLY_HIGH_IMPACT SHIELD SINGLE_COLLISION
IN 12270 1319 260 -172 6 0 1
IN 3778 8332 516 -68 354 0 1
IN 12743 1987 -172 -100 215 0 0
IN 4845 6294 -5 76 107 2 0
MOV 21431 5328 SHIELD
MOV 12939 4322 200
MOV 11539 390 200
MOV 4880 8294 30
OUT 12493 1092 188 -195 24 3 1
OUT 4477 8184 594 -125 336 0 1
OUT 12818 2275 79 268 233 0 0
OUT 4840 6370 -4 64 89 1 0
Round 111 of 225
tags: ENGINE_COOLDOWN
IN 12493 1092 188 -195 24 3 1
IN 4477 8184 594 -125 336 0 1
IN 12818 2275 79 268 233 0 0
IN 4840 6370 -4 64 89 1 0
MOV 19967 7736 0
MOV 12898 2790 200
MOV 12167 384 143
MOV 4293 8294 200
OUT 12681 897 159 -165 42 2 1
OUT 5239 7951 648 -197 327 0 1
OUT 12850 2408 26 113 251 0 0
OUT 4836 6434 -3 54 106 0 0
Round 112 of 225
tags: ENGINE_COOLDOWN
IN 12681 897 159 -165 42 2 1
IN 5239 7951 648 -197 327 0 1
IN 12850 2408 26 113 251 0 0
IN 4836 6434 -3 54 106 0 0
MOV 21102 6290 0
MOV 12712 1307 200
MOV 12763 410 94
MOV 4184 8325 200
OUT 12840 732 135 -140 33 1 1
OUT 6036 7621 677 -280 318 0 1
OUT 12872 2427 18 16 268 0 0
OUT 4768 6677 -57 206 109 0 0
Round 113 of 225
tags: ENGINE_COOLDOWN
IN 12840 732 135 -140 33 1 1
IN 6036 7621 677 -280 318 0 1
IN 12872 2427 18 16 268 0 0
IN 4768 6677 -57 206 109 0 0
MOV 19182 8463 200
MOV 13509 977 200
MOV 13423 504 200
MOV 4733 8677 0
OUT 12975 592 114 -119 51 0 1
OUT 6862 7208 702 -350 318 0 1
OUT 12943 2250 60 -150 286 0 0
OUT 4711 6883 -48 175 91 0 0
Round 114 of 225
tags: MOVE_ONLY
IN 12975 592 114 -119 51 0 1
IN 6862 7208 702 -350 318 0 1
IN 12943 2250 60 -150 286 0 0
IN 4711 6883 -48 175 91 0 0
MOV 16618 9905 200
MOV 15283 1814 200
MOV 14061 592 200
MOV 5296 8796 0
OUT 13162 659 158 57 69 0 1
OUT 7732 6750 739 -389 327 0 1
OUT 13113 1933 144 -269 304 0 0
OUT 4663 7058 -40 148 73 0 0
Round 115 of 225
tags: ONLY_HIGH_IMPACT SINGLE_COLLISION
IN 13162 659 158 57 69 0 1
IN 7732 6750 739 -389 327 0 1
IN 13113 1933 144 -269 304 0 0
IN 4663 7058 -40 148 73 0 0
MOV 15303 10427 200
MOV 15205 106 200
MOV 13664 10 200
MOV 5810 8696 5
OUT 13378 674 208 -389 78 0 1
OUT 8620 6228 755 -443 318 0 1
OUT 13297 1709 131 212 286 0 0
OUT 4626 7210 -31 129 55 0 0
Round 116 of 225
tags: SHIELD
IN 13378 674 208 -389 78 0 1
IN 8620 6228 755 -443 318 0 1
IN 13297 1709 131 212 286 0 0
IN 4626 7210 -31 129 55 0 0
MOV 18433 9302 200
MOV 14962 -1504 200
MOV 14415 51 SHIELD
MOV 6223 8414 200
OUT 13687 458 262 -183 60 0 1
OUT 9502 5630 749 -507 309 0 1
OUT 13428 1921 111 180 304 3 0
OUT 4755 7459 109 212 37 0 0
Round 117 of 225
tags: ENGINE_COOLDOWN
IN 13687 458 262 -183 60 0 1
IN 9502 5630 749 -507 309 0 1
IN 13428 1921 111 180 304 3 0
IN 4755 7459 109 212 37 0 0
MOV 18742 9086 200
MOV 17923 236 100
MOV 13979 -2 75
MOV 6646 8110 200
OUT 14050 448 308 -8 60 0 1
OUT 10335 5069 708 -476 327 0 1
OUT 13539 2101 94 153 286 2 0
OUT 5053 7736 253 235 19 0 0
Round 118 of 225
tags: ENGINE_COOLDOWN
IN 14050 448 308 -8 60 0 1
IN 10335 5069 708 -476 327 0 1
IN 13539 2101 94 153 286 2 0
IN 5053 7736 253 235 19 0 0
MOV 17693 9761 200
MOV 16677 -2663 100
MOV 13469 102 3
MOV 7053 7771 200
OUT 14431 626 323 151 69 0 1
OUT 11106 4516 655 -470 309 0 1
OUT 13633 2254 79 130 268 1 0
OUT 5506 7975 385 202 1 0 0
Round 119 of 225
tags: ENGINE_COOLDOWN
IN 14431 626 323 151 69 0 1
IN 11106 4516 655 -470 309 0 1
IN 13633 2254 79 130 268 1 0
IN 5506 7975 385 202 1 0 0
MOV 15018 10609 200
MOV 14748 -4797 0
MOV 12949 375 156
MOV 7419 7390 200
OUT 14766 977 284 298 87 0 1
OUT 11761 4046 556 -399 291 0 1
OUT 13712 2384 67 110 250 0 0
OUT 6082 8119 489 122 343 0 0
Round 120 of 225
tags: SHIELD
IN 14766 977 284 298 87 0 1
IN 11761 4046 556 -399 291 0 1
IN 13712 2384 67 110 250 0 0
IN 6082 8119 489 122 343 0 0
MOV 12239 10653 0
MOV 12347 -5937 0
MOV 13642 385 SHIELD
MOV 7720 6972 200
OUT 15050 1275 241 253 105 0 1
OUT 12317 3647 472 -339 273 0 1
OUT 13779 2494 56 93 268 3 0
OUT 6735 8126 554 6 325 0 0
Round 121 of 225
tags: ENGINE_COOLDOWN
IN 15050 1275 241 253 105 0 1
IN 12317 3647 472 -339 273 0 1
IN 13779 2494 56 93 268 3 0
IN 6735 8126 554 6 325 0 0
MOV 9657 9696 0
MOV 9790 -6028 100
MOV 14330 571 0
MOV 7939 6529 200
OUT 15291 1528 204 215 123 0 1
OUT 12764 3211 379 -370 255 0 1
OUT 13835 2587 47 79 286 2 0
OUT 7409 7972 573 -130 307 0 0
Round 122 of 225
tags: ENGINE_COOLDOWN
IN 15291 1528 204 215 123 0 1
IN 12764 3211 379 -370 255 0 1
IN 13835 2587 47 79 286 2 0
IN 7409 7972 573 -130 307 0 0
MOV 9898 9949 200
MOV 7370 -5210 200
MOV 14953 929 168
MOV 8452 6266 200
OUT 15387 1911 81 325 123 0 1
OUT 13035 2673 230 -457 237 0 1
OUT 13882 2666 39 67 304 1 0
OUT 8086 7671 575 -255 301 0 0
Round 123 of 225
tags: ENGINE_COOLDOWN HAS_LOW_IMPACT SHIELD SINGLE_COLLISION
IN 15387 1911 81 325 123 0 1
IN 13035 2673 230 -457 237 0 1
IN 13882 2666 39 67 304 1 0
IN 8086 7671 575 -255 301 0 0
MOV 7656 8253 0
MOV 5303 -3669 SHIELD
MOV 15458 1435 200
MOV 9292 6076 200
OUT 15468 2236 68 276 141 0 1
OUT 13253 2213 180 -391 219 3 1
OUT 14039 2759 186 91 322 0 0
OUT 8782 7256 591 -352 307 0 0
Round 124 of 225
tags: ENGINE_COOLDOWN
IN 15468 2236 68 276 141 0 1
IN 13253 2213 180 -391 219 3 1
IN 14039 2759 186 91 322 0 0
IN 8782 7256 591 -352 307 0 0
MOV 6840 7291 100
MOV 3940 -1429 0
MOV 15739 1706 200
MOV 9653 5456 200
OUT 15450 2563 -15 277 150 0 1
OUT 13433 1822 153 -332 201 2 1
OUT 14395 2745 302 -12 328 0 0
OUT 9460 6724 576 -452 296 0 0
Round 125 of 225
tags: ENGINE_COOLDOWN ONLY_HIGH_IMPACT SHIELD SINGLE_COLLISION
IN 15450 2563 -15 277 150 0 1
IN 13433 1822 153 -332 201 2 1
IN 14395 2745 302 -12 328 0 0
IN 9460 6724 576 -452 296 0 0
MOV 8806 10037 SHIELD
MOV 3450 1236 0
MOV 16336 2261 200
MOV 10262 4892 200
OUT 15482 2839 67 234 132 3 1
OUT 13586 1490 130 -282 183 1 1
OUT 14421 2693 -376 -37 346 0 0
OUT 10116 6089 557 -539 294 0 0
Round 126 of 225
tags: ENGINE_COOLDOWN
IN 15482 2839 67 234 132 3 1
IN 13586 1490 130 -282 183 1 1
IN 14421 2693 -376 -37 346 0 0
IN 10116 6089 557 -539 294 0 0
MOV 10089 11260 200
MOV 3911 4017 0
MOV 16210 1799 104
MOV 11320 4492 200
OUT 15549 3073 56 198 123 2 1
OUT 13716 1208 110 -239 165 0 1
OUT 14138 2610 -240 -70 333 0 0
OUT 10793 5390 575 -593 307 0 0
Round 127 of 225
tags: ENGINE_COOLDOWN
IN 15549 3073 56 198 123 2 1
IN 13716 1208 110 -239 165 0 1
IN 14138 2610 -240 -70 333 0 0
IN 10793 5390 575 -593 307 0 0
MOV 7818 9415 0
MOV 5295 6602 200
MOV 16113 2297 200
MOV 12380 4173 200
OUT 15605 3271 47 168 141 1 1
OUT 13658 1077 -49 -111 147 0 1
OUT 14096 2509 -36 -86 351 0 0
OUT 11527 4675 623 -607 323 0 0
Round 128 of 225
tags: ENGINE_COOLDOWN SHIELD
IN 15605 3271 47 168 141 1 1
IN 13658 1077 -49 -111 147 0 1
IN 14096 2509 -36 -86 351 0 0
IN 11527 4675 623 -607 323 0 0
MOV 6292 6914 100
MOV 6185 7721 200
MOV 16071 2822 SHIELD
MOV 13418 4024 0
OUT 15652 3439 39 142 159 0 1
OUT 13460 1099 -168 18 138 0 1
OUT 14060 2423 -30 -73 9 3 0
OUT 12150 4068 529 -515 341 0 0
Round 129 of 225
tags: ENGINE_COOLDOWN
IN 15652 3439 39 142 159 0 1
IN 13460 1099 -168 18 138 0 1
IN 14060 2423 -30 -73 9 3 0
IN 12150 4068 529 -515 341 0 0
MOV 5669 4026 200
MOV 8406 9728 200
MOV 15842 3331 41
MOV 13822 2971 200
OUT 15491 3593 -136 130 177 0 1
OUT 13191 1290 -228 161 120 0 1
OUT 14030 2350 -25 -62 27 2 0
OUT 12846 3443 591 -531 327 0 0
Round 130 of 225
tags: ENGINE_COOLDOWN ONLY_HIGH_IMPACT SINGLE_COLLISION
IN 15491 3593 -136 130 177 0 1
IN 13191 1290 -228 161 120 0 1
IN 14030 2350 -25 -62 27 2 0
IN 12846 3443 591 -531 327 0 0
MOV 5815 1066 0
MOV 11050 11058 200
MOV 15709 3436 73
MOV 14778 2925 62
OUT 15355 3723 -115 110 195 0 1
OUT 12920 1646 -230 302 102 0 1
OUT 14010 2282 419 -577 33 1 0
OUT 13492 2902 112 59 345 0 0
Round 131 of 225
tags: ENGINE_COOLDOWN
IN 15355 3723 -115 110 195 0 1
IN 12920 1646 -230 302 102 0 1
IN 14010 2282 419 -577 33 1 0
IN 13492 2902 112 59 345 0 0
MOV 6194 -286 200
MOV 13903 11598 200
MOV 15269 3836 0
MOV 15489 3007 0
OUT 15057 3753 -253 25 204 0 1
OUT 12710 2147 -178 425 84 0 1
OUT 14429 1705 356 -490 51 0 0
OUT 13604 2961 95 50 3 0 0
Round 132 of 225
tags: MOVE_ONLY
IN 15057 3753 -253 25 204 0 1
IN 12710 2147 -178 425 84 0 1
IN 14429 1705 356 -490 51 0 0
IN 13604 2961 95 50 3 0 0
MOV 7583 -2891 200
MOV 15237 11822 200
MOV 15146 3572 78
MOV 15471 3678 0
OUT 14655 3645 -342 -91 222 0 1
OUT 12583 2766 -108 525 75 0 1
OUT 14813 1288 326 -354 69 0 0
OUT 13699 3011 80 42 21 0 0
Round 133 of 225
tags: ONLY_HIGH_IMPACT SHIELD SINGLE_COLLISION
IN 14655 3645 -342 -91 222 0 1
IN 12583 2766 -108 525 75 0 1
IN 14813 1288 326 -354 69 0 0
IN 13699 3011 80 42 21 0 0
MOV 6234 -1748 SHIELD
MOV 17977 11187 0
MOV 14918 3285 200
MOV 15253 4270 200
OUT 14352 3584 -215 -19 213 3 1
OUT 12475 3291 -91 446 57 0 1
OUT 15150 1134 286 -131 87 0 0
OUT 13545 2877 -551 -439 39 0 0
Round 134 of 225
tags: ENGINE_COOLDOWN
IN 14352 3584 -215 -19 213 3 1
IN 12475 3291 -91 446 57 0 1
IN 15150 1134 286 -131 87 0 0
IN 13545 2877 -551 -439 39 0 0
MOV 8010 -4147 100
MOV 16485 12452 200
MOV 14632 3066 200
MOV 14634 4554 200
OUT 14137 3565 -182 -16 231 2 1
OUT 12464 3920 -9 534 66 0 1
OUT 15385 1196 199 52 105 0 0
OUT 13104 2605 -375 -231 57 0 0
Round 135 of 225
tags: ENGINE_COOLDOWN
IN 14137 3565 -182 -16 231 2 1
IN 12464 3920 -9 534 66 0 1
IN 15385 1196 199 52 105 0 0
IN 13104 2605 -375 -231 57 0 0
MOV 7795 -4166 0
MOV 16474 13081 100
MOV 14310 2883 200
MOV 13713 4510 200
OUT 13955 3549 -154 -13 231 1 1
OUT 12495 4546 26 531 66 0 1
OUT 15477 1417 77 187 123 0 0
OUT 12790 2565 -266 -34 72 0 0
Round 136 of 225
tags: ENGINE_COOLDOWN
IN 13955 3549 -154 -13 231 1 1
IN 12495 4546 26 531 66 0 1
IN 15477 1417 77 187 123 0 0
IN 12790 2565 -266 -34 72 0 0
MOV 6481 -3095 100
MOV 16505 13707 0
MOV 14190 2948 200
MOV 13324 4492 200
OUT 13801 3536 -130 -11 222 0 1
OUT 12521 5077 22 451 66 0 1
OUT 15425 1757 -43 289 130 0 0
OUT 12577 2724 -180 134 75 0 0
Round 137 of 225
tags: MOVE_ONLY
IN 13801 3536 -130 -11 222 0 1
IN 12521 5077 22 451 66 0 1
IN 15425 1757 -43 289 130 0 0
IN 12577 2724 -180 134 75 0 0
MOV 7459 -4195 200
MOV 19165 12550 0
MOV 14209 3345 200
MOV 12503 4723 200
OUT 13544 3370 -218 -140 231 0 1
OUT 12543 5528 18 383 48 0 1
OUT 15260 2205 -139 380 127 0 0
OUT 12390 3058 -159 283 92 0 0
Round 138 of 225
tags: MOVE_ONLY
IN 13544 3370 -218 -140 231 0 1
IN 12543 5528 18 383 48 0 1
IN 15260 2205 -139 380 127 0 0
IN 12390 3058 -159 283 92 0 0
MOV 9901 -5943 0
MOV 21172 10582 0
MOV 13879 3652 200
MOV 12923 4986 91
OUT 13326 3230 -185 -119 249 0 1
OUT 12561 5911 15 325 30 0 1
OUT 14983 2730 -235 445 134 0 0
OUT 12255 3429 -114 315 75 0 0
Round 139 of 225
tags: MOVE_ONLY
IN 13326 3230 -185 -119 249 0 1
IN 12561 5911 15 325 30 0 1
IN 14983 2730 -235 445 134 0 0
IN 12255 3429 -114 315 75 0 0
MOV 12739 -6753 0
MOV 21190 10965 0
MOV 13705 4268 200
MOV 12953 5303 200
OUT 13141 3111 -157 -101 267 0 1
OUT 12576 6236 12 276 30 0 1
OUT 14620 3329 -308 509 130 0 0
OUT 12211 3931 -37 427 70 0 0
Round 140 of 225
tags: MOVE_ONLY
IN 13141 3111 -157 -101 267 0 1
IN 12576 6236 12 276 30 0 1
IN 14620 3329 -308 509 130 0 0
IN 12211 3931 -37 427 70 0 0
MOV 15668 -6565 0
MOV 22344 8377 0
MOV 13474 4968 1
MOV 12281 5930 117
OUT 12984 3010 -133 -85 285 0 1
OUT 12588 6512 10 234 12 0 1
OUT 14311 3839 -262 433 125 0 0
OUT 12179 4475 -27 462 88 0 0
Round 141 of 225
tags: MOVE_ONLY
IN 12984 3010 -133 -85 285 0 1
IN 12588 6512 10 234 12 0 1
IN 14311 3839 -262 433 125 0 0
IN 12179 4475 -27 462 88 0 0
MOV 18377 -5411 0
MOV 22540 5529 0
MOV 12714 5043 0
MOV 12863 6354 122
OUT 12851 2925 -113 -72 303 0 1
OUT 12598 6746 8 198 354 0 1
OUT 14049 4272 -222 368 143 0 0
OUT 12194 5052 12 490 70 0 0
Round 142 of 225
tags: SHIELD
IN 12851 2925 -113 -72 303 0 1
IN 12598 6746 8 198 354 0 1
IN 14049 4272 -222 368 143 0 0
IN 12194 5052 12 490 70 0 0
MOV 19495 -4549 0
MOV 21759 2736 0
MOV 12158 4923 SHIELD
MOV 13425 6628 SHIELD
OUT 12738 2853 -96 -61 312 0 1
OUT 12606 6944 6 168 336 0 1
OUT 13827 4640 -188 312 161 3 0
OUT 12206 5542 10 416 52 3 0
Round 143 of 225
tags: ENGINE_COOLDOWN SHIELD
IN 12738 2853 -96 -61 312 0 1
IN 12606 6944 6 168 336 0 1
IN 13827 4640 -188 312 161 3 0
IN 12206 5542 10 416 52 3 0
MOV 21366 -2202 0
MOV 20079 300 200
MOV 11827 4675 164
MOV 13298 7218 SHIELD
OUT 12642 2792 -81 -51 330 0 1
OUT 12761 6979 132 29 318 0 1
OUT 13639 4952 -159 265 179 2 0
OUT 12216 5958 8 353 57 3 0
Round 144 of 225
tags: ENGINE_COOLDOWN
IN 12642 2792 -81 -51 330 0 1
IN 12761 6979 132 29 318 0 1
IN 13639 4952 -159 265 179 2 0
IN 12216 5958 8 353 57 3 0
MOV 22410 651 0
MOV 17815 -1650 0
MOV 11726 4367 140
MOV 13770 7217 200
OUT 12561 2741 -68 -43 348 0 1
OUT 12893 7008 112 24 300 0 1
OUT 13480 5217 -135 225 197 1 0
OUT 12224 6311 6 300 39 2 0
Round 145 of 225
tags: ENGINE_COOLDOWN
IN 12561 2741 -68 -43 348 0 1
IN 12893 7008 112 24 300 0 1
IN 13480 5217 -135 225 197 1 0
IN 12224 6311 6 300 39 2 0
MOV 22513 3723 200
MOV 15034 -2760 200
MOV 11841 4071 200
MOV 14091 7028 200
OUT 12692 2718 111 -19 6 0 1
OUT 13048 6837 131 -145 282 0 1
OUT 13345 5442 -114 191 215 0 0
OUT 12230 6611 5 255 21 1 0
Round 146 of 225
tags: ENGINE_COOLDOWN
IN 12692 2718 111 -19 6 0 1
IN 13048 6837 131 -145 282 0 1
IN 13345 5442 -114 191 215 0 0
IN 12230 6611 5 255 21 1 0
MOV 21853 6727 200
MOV 12065 -3115 0
MOV 12141 3845 93
MOV 14227 6716 40
OUT 12986 2779 250 52 24 0 1
OUT 13179 6692 111 -123 264 0 1
OUT 13175 5559 -144 99 233 0 0
OUT 12235 6866 4 216 3 0 0
Round 147 of 225
tags: MOVE_ONLY
IN 12986 2779 250 52 24 0 1
IN 13179 6692 111 -123 264 0 1
IN 13175 5559 -144 99 233 0 0
IN 12235 6866 4 216 3 0 0
MOV 20460 9423 0
MOV 9169 -2469 200
MOV 12524 3668 194
MOV 14167 6348 0
OUT 13236 2831 212 44 42 0 1
OUT 13210 6386 26 -260 246 0 1
OUT 12968 5475 -176 -71 251 0 0
OUT 12239 7082 3 183 345 0 0
Round 148 of 225
tags: MOVE_ONLY
IN 13236 2831 212 44 42 0 1
IN 13210 6386 26 -260 246 0 1
IN 12968 5475 -176 -71 251 0 0
IN 12239 7082 3 183 345 0 0
MOV 18291 11459 200
MOV 6566 -1087 200
MOV 12933 3475 187
MOV 13916 5993 58
OUT 13549 3048 266 184 60 0 1
OUT 13103 5977 -90 -348 228 0 1
OUT 12789 5217 -152 -219 269 0 0
OUT 12291 7233 43 128 327 0 0
Round 149 of 225
tags: ONLY_HIGH_IMPACT SHIELD SINGLE_COLLISION
IN 13549 3048 266 184 60 0 1
IN 13103 5977 -90 -348 228 0 1
IN 12789 5217 -152 -219 269 0 0
IN 12291 7233 43 128 327 0 0
MOV 15690 12816 200
MOV 4474 923 200
MOV 12138 3326 SHIELD
MOV 13550 5679 0
OUT 13858 3427 262 322 78 0 1
OUT 13001 5919 -73 -17 210 0 1
OUT 12621 4959 -144 -222 251 3 0
OUT 12334 7361 36 108 309 0 0
Round 150 of 225
tags: ENGINE_COOLDOWN SHIELD
IN 13858 3427 262 322 78 0 1
IN 13001 5919 -73 -17 210 0 1
IN 12621 4959 -144 -222 251 3 0
IN 12334 7361 36 108 309 0 0
MOV 15999 13195 100
MOV 3688 2277 200
MOV 12586 2959 SHIELD
MOV 13051 5494 197
OUT 14141 3847 240 356 78 0 1
OUT 12742 5829 -220 -76 201 0 1
OUT 12477 4737 -122 -188 269 3 0
OUT 12441 7285 90 -64 291 0 0
Round 151 of 225
tags: ENGINE_COOLDOWN SHIELD
IN 14141 3847 240 356 78 0 1
IN 12742 5829 -220 -76 201 0 1
IN 12477 4737 -122 -188 269 3 0
IN 12441 7285 90 -64 291 0 0
MOV 13159 13799 200
MOV 3429 2187 200
MOV 12306 2744 SHIELD
MOV 12546 5288 154
OUT 14361 4402 187 471 96 0 1
OUT 12336 5680 -345 -126 201 0 1
OUT 12355 4549 -103 -159 265 3 0
OUT 12539 7067 83 -185 273 0 0
Round 152 of 225
tags: ENGINE_COOLDOWN
IN 14361 4402 187 471 96 0 1
IN 12336 5680 -345 -126 201 0 1
IN 12355 4549 -103 -159 265 3 0
IN 12539 7067 83 -185 273 0 0
MOV 10352 13563 0
MOV 3707 626 200
MOV 12505 2555 0
MOV 12021 5135 200
OUT 14548 4873 158 400 114 0 1
OUT 11818 5453 -439 -193 210 0 1
OUT 12252 4390 -87 -135 274 2 0
OUT 12570 6689 26 -321 255 0 0
Round 153 of 225
tags: ENGINE_COOLDOWN SHIELD
IN 14548 4873 158 400 114 0 1
IN 11818 5453 -439 -193 210 0 1
IN 12252 4390 -87 -135 274 2 0
IN 12570 6689 26 -321 255 0 0
MOV 7904 12347 200
MOV 2050 3312 200
MOV 13001 2536 SHIELD
MOV 11481 5012 200
OUT 14573 5422 21 467 132 0 1
OUT 11184 5217 -539 -200 192 0 1
OUT 12165 4255 -73 -114 292 3 0
OUT 12487 6200 -70 -415 237 0 0
Round 154 of 225
tags: ENGINE_COOLDOWN
IN 14573 5422 21 467 132 0 1
IN 11184 5217 -539 -200 192 0 1
IN 12165 4255 -73 -114 292 3 0
IN 12487 6200 -70 -415 237 0 0
MOV 5945 10477 200
MOV 2555 163 200
MOV 13432 2708 52
MOV 10933 4941 200
OUT 14421 5990 -128 482 150 0 1
OUT 10472 4916 -604 -255 210 0 1
OUT 12092 4141 -62 -96 309 2 0
OUT 12262 5659 -191 -459 219 0 0
Round 155 of 225
tags: ENGINE_COOLDOWN SHIELD
IN 14421 5990 -128 482 150 0 1
IN 10472 4916 -604 -255 210 0 1
IN 12092 4141 -62 -96 309 2 0
IN 12262 5659 -191 -459 219 0 0
MOV 4653 8131 200
MOV 1843 -138 200
MOV 13427 2652 SHIELD
MOV 10395 4942 200
OUT 14098 6515 -274 446 168 0 1
OUT 9695 4560 -660 -302 210 0 1
OUT 12030 4045 -52 -81 312 3 0
OUT 11884 5128 -321 -451 201 0 0
Round 156 of 225
tags: ENGINE_COOLDOWN SHIELD
IN 14098 6515 -274 446 168 0 1
IN 9695 4560 -660 -302 210 0 1
IN 12030 4045 -52 -81 312 3 0
IN 11884 5128 -321 -451 201 0 0
MOV 4146 5533 200
MOV -73 2419 100
MOV 13762 3045 SHIELD
MOV 9887 5023 200
OUT 13625 6941 -402 362 186 0 1
OUT 8937 4237 -644 -274 192 0 1
OUT 11978 3964 -44 -68 330 3 0
OUT 11363 4666 -442 -392 183 0 0
Round 157 of 225
tags: ENGINE_COOLDOWN
IN 13625 6941 -402 362 186 0 1
IN 8937 4237 -644 -274 192 0 1
IN 11978 3964 -44 -68 330 3 0
IN 11363 4666 -442 -392 183 0 0
MOV 4464 2932 200
MOV 308 -817 0
MOV 13934 3548 11
MOV 9364 4618 200
OUT 13040 7223 -497 239 204 0 1
OUT 8293 3963 -547 -232 210 0 1
OUT 11934 3896 -37 -57 348 2 0
OUT 10721 4269 -545 -337 181 0 0
Round 158 of 225
tags: ENGINE_COOLDOWN
IN 13040 7223 -497 239 204 0 1
IN 8293 3963 -547 -232 210 0 1
IN 11934 3896 -37 -57 348 2 0
IN 10721 4269 -545 -337 181 0 0
MOV 5566 579 200
MOV 1649 -3510 0
MOV 13927 4066 136
MOV 8737 4525 200
OUT 12394 7329 -549 90 222 0 1
OUT 7746 3731 -464 -197 228 0 1
OUT 11897 3839 -31 -48 5 1 0
OUT 9978 3958 -631 -264 173 0 0
Round 159 of 225
tags: ENGINE_COOLDOWN SHIELD
IN 12394 7329 -549 90 222 0 1
IN 7746 3731 -464 -197 228 0 1
IN 11897 3839 -31 -48 5 1 0
IN 9978 3958 -631 -264 173 0 0
MOV 4920 685 200
MOV 3736 -5430 0
MOV 13846 3389 SHIELD
MOV 8015 3576 138
OUT 11696 7286 -593 -36 222 0 1
OUT 7282 3534 -394 -167 246 0 1
OUT 11866 3791 -26 -40 347 3 0
OUT 9211 3669 -651 -246 191 0 0
Round 160 of 225
tags: ENGINE_COOLDOWN
IN 11696 7286 -593 -36 222 0 1
IN 7282 3534 -394 -167 246 0 1
IN 11866 3791 -26 -40 347 3 0
IN 9211 3669 -651 -246 191 0 0
MOV 4222 642 200
MOV 6299 -6418 0
MOV 13858 3965 200
MOV 7246 3298 154
OUT 10954 7117 -631 -143 222 0 1
OUT 6888 3367 -334 -141 264 0 1
OUT 11840 3751 -22 -34 5 2 0
OUT 8409 3394 -681 -233 191 0 0
Round 161 of 225
tags: ENGINE_COOLDOWN
IN 10954 7117 -631 -143 222 0 1
IN 6888 3367 -334 -141 264 0 1
IN 11840 3751 -22 -34 5 2 0
IN 8409 3394 -681 -233 191 0 0
MOV 5899 -1511 200
MOV 2878 -5794 200
MOV 13681 4532 0
MOV 6409 3363 200
OUT 10222 6801 -622 -268 240 0 1
OUT 6474 3043 -352 -275 246 0 1
OUT 11818 3717 -18 -28 23 1 0
OUT 7528 3158 -748 -200 181 0 0
Round 162 of 225
tags: ENGINE_COOLDOWN ONLY_HIGH_IMPACT SHIELD SINGLE_COLLISION
IN 10222 6801 -622 -268 240 0 1
IN 6474 3043 -352 -275 246 0 1
IN 11818 3717 -18 -28 23 1 0
IN 7528 3158 -748 -200 181 0 0
MOV 5167 -1827 200
MOV 5491 -6909 100
MOV 13810 3891 SHIELD
MOV 5615 3743 200
OUT 9499 6360 -614 -374 240 0 1
OUT 5879 2598 -702 -437 264 0 1
OUT 11800 3689 -15 -23 5 3 0
OUT 6822 3087 -403 -1 163 0 0
Round 163 of 225
tags: ENGINE_COOLDOWN
IN 9499 6360 -614 -374 240 0 1
IN 5879 2598 -702 -437 264 0 1
IN 11800 3689 -15 -23 5 3 0
IN 6822 3087 -403 -1 163 0 0
MOV 3157 -1371 200
MOV 8020 -7170 0
MOV 13641 4470 25
MOV 4851 3428 200
OUT 8758 5831 -629 -449 231 0 1
OUT 5177 2161 -596 -371 282 0 1
OUT 11785 3666 -12 -19 23 2 0
OUT 6222 3120 -510 28 170 0 0
Round 164 of 225
tags: ENGINE_COOLDOWN SHIELD
IN 8758 5831 -629 -449 231 0 1
IN 5177 2161 -596 -371 282 0 1
IN 11785 3666 -12 -19 23 2 0
IN 6222 3120 -510 28 170 0 0
MOV 5115 -3482 200
MOV 10231 -6468 0
MOV 13294 4978 SHIELD
MOV 4456 4059 0
OUT 8056 5196 -596 -539 249 0 1
OUT 4581 1790 -506 -315 300 0 1
OUT 11773 3647 -10 -16 41 3 0
OUT 5712 3148 -433 23 152 0 0
Round 165 of 225
tags: ENGINE_COOLDOWN SHIELD
IN 8056 5196 -596 -539 249 0 1
IN 4581 1790 -506 -315 300 0 1
IN 11773 3647 -10 -16 41 3 0
IN 5712 3148 -433 23 152 0 0
MOV 3001 -3432 0
MOV 12054 -4854 0
MOV 13614 4428 SHIELD
MOV 4323 4587 200
OUT 7460 4657 -506 -458 240 0 1
OUT 4075 1475 -430 -267 318 0 1
OUT 11763 3631 -8 -13 23 3 0
OUT 5140 3314 -486 141 134 0 0
Round 166 of 225
tags: ENGINE_COOLDOWN SHIELD
IN 7460 4657 -506 -458 240 0 1
IN 4075 1475 -430 -267 318 0 1
IN 11763 3631 -8 -13 23 3 0
IN 5140 3314 -486 141 134 0 0
MOV -14 -1987 0
MOV 13236 -2535 0
MOV 13755 3805 SHIELD
MOV 4263 5112 32
OUT 6954 4199 -430 -389 222 0 1
OUT 3645 1208 -365 -226 336 0 1
OUT 11755 3618 -6 -11 5 3 0
OUT 4640 3484 -425 144 116 0 0
Round 167 of 225
tags: ENGINE_COOLDOWN
IN 6954 4199 -430 -389 222 0 1
IN 3645 1208 -365 -226 336 0 1
IN 11755 3618 -6 -11 5 3 0
IN 4640 3484 -425 144 116 0 0
MOV -2207 190 0
MOV 13597 225 200
MOV 13704 3168 0
MOV 4362 5465 200
OUT 6524 3810 -365 -330 204 0 1
OUT 3479 962 -141 -208 354 0 1
OUT 11749 3607 -5 -9 347 2 0
OUT 4187 3826 -385 290 98 0 0
Round 168 of 225
tags: ENGINE_COOLDOWN SHIELD
IN 6524 3810 -365 -330 204 0 1
IN 3479 962 -141 -208 354 0 1
IN 11749 3607 -5 -9 347 2 0
IN 4187 3826 -385 290 98 0 0
MOV -3428 2828 0
MOV 13462 1548 200
MOV 13463 2577 SHIELD
MOV 4534 5796 185
OUT 6159 3480 -310 -280 186 0 1
OUT 3538 766 49 -166 3 0 1
OUT 11744 3598 -4 -7 329 3 0
OUT 3834 4298 -300 401 80 0 0
Round 169 of 225
tags: ENGINE_COOLDOWN SHIELD
IN 6159 3480 -310 -280 186 0 1
IN 3538 766 49 -166 3 0 1
IN 11744 3598 -4 -7 329 3 0
IN 3834 4298 -300 401 80 0 0
MOV -3609 5621 100
MOV 13306 2907 200
MOV 13067 2098 SHIELD
MOV 4773 6064 200
OUT 5751 3221 -346 -219 168 0 1
OUT 3782 643 207 -104 12 0 1
OUT 11740 3591 -3 -5 311 3 0
OUT 3627 4876 -175 491 62 0 0
Round 170 of 225
tags: ENGINE_COOLDOWN SHIELD
IN 5751 3221 -346 -219 168 0 1
IN 3782 643 207 -104 12 0 1
IN 11740 3591 -3 -5 311 3 0
IN 3627 4876 -175 491 62 0 0
MOV -2877 8276 100
MOV 13550 2784 200
MOV 12521 1750 SHIELD
MOV 5066 6265 200
OUT 5319 3053 -367 -143 150 0 1
OUT 4184 582 342 -52 12 0 1
OUT 11737 3586 -2 -4 293 3 0
OUT 3595 5506 -26 535 44 0 0
Round 171 of 225
tags: ENGINE_COOLDOWN
IN 5319 3053 -367 -143 150 0 1
IN 4184 582 342 -52 12 0 1
IN 11737 3586 -2 -4 293 3 0
IN 3595 5506 -26 535 44 0 0
MOV -1325 10527 200
MOV 13952 2723 200
MOV 11911 1594 0
MOV 5393 6383 200
OUT 4819 3059 -424 5 132 0 1
OUT 4721 573 456 -7 12 0 1
OUT 11735 3582 -1 -3 275 2 0
OUT 3748 6129 130 529 26 0 0
Round 172 of 225
tags: ENGINE_COOLDOWN
IN 4819 3059 -424 5 132 0 1
IN 4721 573 456 -7 12 0 1
IN 11735 3582 -1 -3 275 2 0
IN 3748 6129 130 529 26 0 0
MOV 810 12220 200
MOV 14489 2714 200
MOV 11285 1633 0
MOV 5729 6407 200
OUT 4315 3247 -428 159 114 0 1
OUT 5372 609 553 30 12 0 1
OUT 11734 3579 0 -2 257 1 0
OUT 4076 6686 278 473 8 0 0
Round 173 of 225
tags: ENGINE_COOLDOWN
IN 4315 3247 -428 159 114 0 1
IN 5372 609 553 30 12 0 1
IN 11734 3579 0 -2 257 1 0
IN 4076 6686 278 473 8 0 0
MOV 3333 13199 200
MOV 15140 2750 200
MOV 10704 1865 0
MOV 6046 6339 200
OUT 3867 3605 -380 304 96 0 1
OUT 6120 682 636 61 12 0 1
OUT 11734 3577 0 -1 239 0 0
OUT 4551 7125 403 373 350 0 0
Round 174 of 225
tags: MOVE_ONLY
IN 3867 3605 -380 304 96 0 1
IN 6120 682 636 61 12 0 1
IN 11734 3577 0 -1 239 0 0
IN 4551 7125 403 373 350 0 0
MOV 6008 13373 100
MOV 15888 2823 200
MOV 11284 1628 200
MOV 6317 6186 200
OUT 3508 4007 -304 341 78 0 1
OUT 6951 786 706 88 12 0 1
OUT 11689 3381 -38 -166 257 0 0
OUT 5131 7405 492 237 332 0 0
Round 175 of 225
tags: MOVE_ONLY
IN 3508 4007 -304 341 78 0 1
IN 6951 786 706 88 12 0 1
IN 11689 3381 -38 -166 257 0 0
IN 5131 7405 492 237 332 0 0
MOV 8563 12635 200
MOV 15580 5840 200
MOV 10659 1667 46
MOV 6520 5966 200
OUT 3305 4521 -172 436 60 0 1
OUT 7830 975 746 160 30 0 1
OUT 11627 3176 -52 -174 239 0 0
OUT 5762 7499 536 79 314 0 0
Round 176 of 225
tags: MOVE_ONLY
IN 3305 4521 -172 436 60 0 1
IN 7830 975 746 160 30 0 1
IN 11627 3176 -52 -174 239 0 0
IN 5762 7499 536 79 314 0 0
MOV 9647 12252 200
MOV 17598 3116 200
MOV 11177 1227 200
MOV 7121 6031 200
OUT 3260 5112 -38 502 51 0 1
OUT 8771 1178 800 172 12 0 1
OUT 11530 2807 -82 -313 257 0 0
OUT 6434 7431 571 -57 313 0 0
Round 177 of 225
tags: MOVE_ONLY
IN 3260 5112 -38 502 51 0 1
IN 8771 1178 800 172 12 0 1
IN 11530 2807 -82 -313 257 0 0
IN 6434 7431 571 -57 313 0 0
MOV 11681 10505 200
MOV 18084 4820 100
MOV 11692 814 200
MOV 7505 5742 200
OUT 3390 5722 110 518 33 0 1
OUT 9664 1386 759 177 21 0 1
OUT 11464 2295 -55 -435 275 0 0
OUT 7112 7205 576 -192 302 0 0
Round 178 of 225
tags: SHIELD
IN 3390 5722 110 518 33 0 1
IN 9664 1386 759 177 21 0 1
IN 11464 2295 -55 -435 275 0 0
IN 7112 7205 576 -192 302 0 0
MOV 13066 8249 200
MOV 18977 5028 200
MOV 12245 454 SHIELD
MOV 7596 5264 200
OUT 3694 6291 257 483 15 0 1
OUT 10609 1636 803 212 21 0 1
OUT 11409 1860 -46 -369 293 3 0
OUT 7738 6819 531 -327 284 0 0
Round 179 of 225
tags: ENGINE_COOLDOWN ONLY_HIGH_IMPACT SHIELD SINGLE_COLLISION
IN 3694 6291 257 483 15 0 1
IN 10609 1636 803 212 21 0 1
IN 11409 1860 -46 -369 293 3 0
IN 7738 6819 531 -327 284 0 0
MOV 13677 5704 200
MOV 18341 7978 SHIELD
MOV 12721 351 SHIELD
MOV 8798 5123 94
OUT 4151 6762 388 400 357 0 1
OUT 10504 1607 -114 -31 39 3 1
OUT 12271 1732 757 -101 311 3 0
OUT 8319 6412 493 -345 302 0 0
Round 180 of 225
tags: ENGINE_COOLDOWN
IN 4151 6762 388 400 357 0 1
IN 10504 1607 -114 -31 39 3 1
IN 12271 1732 757 -101 311 3 0
IN 8319 6412 493 -345 302 0 0
MOV 13464 3119 200
MOV 18236 7949 200
MOV 13985 702 0
MOV 9144 4590 200
OUT 4725 7089 488 278 339 0 1
OUT 10390 1576 -96 -26 39 2 1
OUT 13028 1631 643 -85 329 2 0
OUT 8894 5885 489 -448 294 0 0
Round 181 of 225
tags: ENGINE_COOLDOWN SHIELD
IN 4725 7089 488 278 339 0 1
IN 10390 1576 -96 -26 39 2 1
IN 13028 1631 643 -85 329 2 0
IN 8894 5885 489 -448 294 0 0
MOV 12456 747 200
MOV 19019 6630 0
MOV 14977 1181 SHIELD
MOV 10232 4399 200
OUT 5368 7240 546 128 321 0 1
OUT 10294 1550 -81 -22 30 1 1
OUT 13671 1546 546 -72 347 3 0
OUT 9517 5288 529 -507 312 0 0
Round 182 of 225
tags: ENGINE_COOLDOWN
IN 5368 7240 546 128 321 0 1
IN 10294 1550 -81 -22 30 1 1
IN 13671 1546 546 -72 347 3 0
IN 9517 5288 529 -507 312 0 0
MOV 13099 898 200
MOV 18923 6604 200
MOV 15663 1720 67
MOV 11249 4288 24
OUT 6069 7241 595 0 321 0 1
OUT 10213 1528 -68 -18 30 0 1
OUT 14217 1474 464 -61 5 2 0
OUT 10067 4769 467 -441 330 0 0
Round 183 of 225
tags: ENGINE_COOLDOWN
IN 6069 7241 595 0 321 0 1
IN 10213 1528 -68 -18 30 0 1
IN 14217 1474 464 -61 5 2 0
IN 10067 4769 467 -441 330 0 0
MOV 13800 899 200
MOV 19526 5170 200
MOV 16058 2255 66
MOV 12023 4353 156
OUT 6819 7114 637 -107 321 0 1
OUT 10331 1583 100 46 21 0 1
OUT 14681 1413 394 -51 23 1 0
OUT 10687 4296 526 -402 348 0 0
Round 184 of 225
tags: ENGINE_COOLDOWN
IN 6819 7114 637 -107 321 0 1
IN 10331 1583 100 46 21 0 1
IN 14681 1413 394 -51 23 1 0
IN 10687 4296 526 -402 348 0 0
MOV 13463 -360 200
MOV 19644 5225 200
MOV 16202 2712 0
MOV 12676 4502 148
OUT 7589 6858 654 -218 312 0 1
OUT 10617 1702 243 101 21 0 1
OUT 15075 1362 334 -43 40 0 0
OUT 11360 3909 572 -328 6 0 0
Round 185 of 225
tags: SHIELD
IN 7589 6858 654 -218 312 0 1
IN 10617 1702 243 101 21 0 1
IN 15075 1362 334 -43 40 0 0
IN 11360 3909 572 -328 6 0 0
MOV 14233 -616 200
MOV 19930 5344 200
MOV 16135 3058 0
MOV 13187 4722 SHIELD
OUT 8376 6491 668 -312 312 0 1
OUT 11046 1876 364 147 21 0 1
OUT 15409 1319 283 -36 58 0 0
OUT 11932 3581 486 -278 24 3 0
Round 186 of 225
tags: ENGINE_COOLDOWN SHIELD
IN 8376 6491 668 -312 312 0 1
IN 11046 1876 364 147 21 0 1
IN 15409 1319 283 -36 58 0 0
IN 11932 3581 486 -278 24 3 0
MOV 16107 149 200
MOV 20359 5518 200
MOV 15893 3260 142
MOV 13457 4875 SHIELD
OUT 9199 6052 699 -373 321 0 1
OUT 11596 2096 467 186 21 0 1
OUT 15726 1421 269 86 76 0 0
OUT 12418 3303 413 -236 40 3 0
Round 187 of 225
tags: ENGINE_COOLDOWN
IN 9199 6052 699 -373 321 0 1
IN 11596 2096 467 186 21 0 1
IN 15726 1421 269 86 76 0 0
IN 12418 3303 413 -236 40 3 0
MOV 15843 -1422 200
MOV 20225 7150 200
MOV 15586 3416 103
MOV 14172 4264 0
OUT 10031 5530 707 -444 312 0 1
OUT 12236 2383 543 244 30 0 1
OUT 15988 1610 222 160 94 0 0
OUT 12831 3067 351 -200 29 2 0
Round 188 of 225
tags: ENGINE_COOLDOWN ONLY_HIGH_IMPACT SHIELD SINGLE_COLLISION
IN 10031 5530 707 -444 312 0 1
IN 12236 2383 543 244 30 0 1
IN 15988 1610 222 160 94 0 0
IN 12831 3067 351 -200 29 2 0
MOV 17762 -812 200
MOV 20865 7437 SHIELD
MOV 15239 3464 196
MOV 14195 4530 SHIELD
OUT 10893 4959 732 -485 321 0 1
OUT 12539 2374 195 -72 30 3 1
OUT 16137 1952 126 290 112 0 0
OUT 13422 3120 564 110 47 3 0
Round 189 of 225
tags: ENGINE_COOLDOWN
IN 10893 4959 732 -485 321 0 1
IN 12539 2374 195 -72 30 3 1
IN 16137 1952 126 290 112 0 0
IN 13422 3120 564 110 47 3 0
MOV 16286 -3462 100
MOV 20271 8716 0
MOV 15956 3944 0
MOV 14267 4933 0
OUT 11679 4390 668 -483 303 0 1
OUT 12734 2302 165 -61 39 2 1
OUT 16263 2242 107 246 95 0 0
OUT 13986 3230 479 93 65 2 0
Round 190 of 225
tags: ENGINE_COOLDOWN SHIELD
IN 11679 4390 668 -483 303 0 1
IN 12734 2302 165 -61 39 2 1
IN 16263 2242 107 246 95 0 0
IN 13986 3230 479 93 65 2 0
MOV 19410 -1952 100
MOV 22047 5944 200
MOV 15838 4196 SHIELD
MOV 14230 5215 SHIELD
OUT 12424 3844 633 -464 321 0 1
OUT 12899 2241 140 -51 21 1 1
OUT 16370 2488 90 209 102 3 0
OUT 14465 3323 407 79 83 3 0
Round 191 of 225
tags: ENGINE_COOLDOWN SHIELD
IN 12424 3844 633 -464 321 0 1
IN 12899 2241 140 -51 21 1 1
IN 16370 2488 90 209 102 3 0
IN 14465 3323 407 79 83 3 0
MOV 20155 -2498 200
MOV 20631 8583 200
MOV 16579 4477 38
MOV 14196 5305 SHIELD
OUT 13212 3253 669 -502 321 0 1
OUT 13039 2190 119 -43 39 0 1
OUT 16460 2697 76 177 84 2 0
OUT 14872 3402 345 67 98 3 0
Round 192 of 225
tags: ENGINE_COOLDOWN SHIELD
IN 13212 3253 669 -502 321 0 1
IN 13039 2190 119 -43 39 0 1
IN 16460 2697 76 177 84 2 0
IN 14872 3402 345 67 98 3 0
MOV 22525 -390 0
MOV 20771 8532 0
MOV 17273 4524 0
MOV 13995 5200 SHIELD
OUT 13881 2751 568 -426 339 0 1
OUT 13158 2147 101 -36 39 0 1
OUT 16536 2874 64 150 66 1 0
OUT 15217 3469 293 56 116 3 0
Round 193 of 225
tags: ENGINE_COOLDOWN
IN 13881 2751 568 -426 339 0 1
IN 13158 2147 101 -36 39 0 1
IN 16536 2874 64 150 66 1 0
IN 15217 3469 293 56 116 3 0
MOV 23864 2164 0
MOV 20890 8489 0
MOV 16806 4856 200
MOV 13828 4908 200
OUT 14449 2325 482 -362 357 0 1
OUT 13259 2111 85 -30 39 0 1
OUT 16600 3024 54 127 82 0 0
OUT 15510 3525 249 47 134 2 0
Round 194 of 225
tags: ENGINE_COOLDOWN
IN 14449 2325 482 -362 357 0 1
IN 13259 2111 85 -30 39 0 1
IN 16600 3024 54 127 82 0 0
IN 15510 3525 249 47 134 2 0
MOV 24125 4852 0
MOV 20991 8453 0
MOV 16253 4994 200
MOV 13750 4475 200
OUT 14931 1963 409 -307 15 0 1
OUT 13344 2081 72 -25 39 0 1
OUT 16619 3348 16 275 100 0 0
OUT 15759 3572 211 39 152 1 0
Round 195 of 225
tags: ENGINE_COOLDOWN ONLY_HIGH_IMPACT SINGLE_COLLISION
IN 14931 1963 409 -307 15 0 1
IN 13344 2081 72 -25 39 0 1
IN 16619 3348 16 275 100 0 0
IN 15759 3572 211 39 152 1 0
MOV 23352 7356 0
MOV 18738 10502 200
MOV 16533 5346 200
MOV 13789 3919 200
OUT 15340 1656 347 -260 33 0 1
OUT 13524 2224 152 121 57 0 1
OUT 16795 3805 216 380 92 0 0
OUT 15801 3629 -31 55 170 0 0
Round 196 of 225
tags: MOVE_ONLY
IN 15340 1656 347 -260 33 0 1
IN 13524 2224 152 121 57 0 1
IN 16795 3805 216 380 92 0 0
IN 15801 3629 -31 55 170 0 0
MOV 21682 9387 200
MOV 16051 11899 200
MOV 17304 5739 200
MOV 13816 3385 200
OUT 15814 1551 402 -89 51 0 1
OUT 13727 2539 172 267 75 0 1
OUT 17062 4378 226 487 75 0 0
OUT 15571 3660 -195 26 187 0 0
Round 197 of 225
tags: SHIELD
IN 15814 1551 402 -89 51 0 1
IN 13727 2539 172 267 75 0 1
IN 17062 4378 226 487 75 0 0
IN 15571 3660 -195 26 187 0 0
MOV 19457 10864 200
MOV 19121 10960 0
MOV 18151 6055 SHIELD
MOV 13758 2815 0
OUT 16289 1648 403 82 69 0 1
OUT 13899 2806 146 226 57 0 1
OUT 17288 4865 192 413 57 3 0
OUT 15376 3686 -165 22 205 0 0
Round 198 of 225
tags: ENGINE_COOLDOWN SHIELD
IN 16289 1648 403 82 69 0 1
IN 13899 2806 146 226 57 0 1
IN 17288 4865 192 413 57 3 0
IN 15376 3686 -165 22 205 0 0
MOV 16876 11631 200
MOV 17909 11967 100
MOV 18092 6696 SHIELD
MOV 13913 2322 200
OUT 16704 1930 352 239 87 0 1
OUT 14085 3124 158 269 66 0 1
OUT 17480 5278 163 351 66 3 0
OUT 15065 3572 -264 -97 223 0 0
Round 199 of 225
tags: ENGINE_COOLDOWN ONLY_HIGH_IMPACT SHIELD SINGLE_COLLISION
IN 16704 1930 352 239 87 0 1
IN 14085 3124 158 269 66 0 1
IN 17480 5278 163 351 66 3 0
IN 15065 3572 -264 -97 223 0 0
MOV 14177 11606 200
MOV 16612 12799 SHIELD
MOV 18768 6808 169
MOV 13931 1925 200
OUT 17005 2363 256 367 105 0 1
OUT 14174 3372 35 198 75 3 1
OUT 17643 5629 138 298 50 2 0
OUT 15382 3523 665 80 235 0 0
Round 200 of 225
tags: ENGINE_COOLDOWN
IN 17005 2363 256 367 105 0 1
IN 14174 3372 35 198 75 3 1
IN 17643 5629 138 298 50 2 0
IN 15382 3523 665 80 235 0 0
MOV 14478 12039 200
MOV 19568 11793 100
MOV 19339 6689 28
MOV 14320 1829 0
OUT 17210 2924 174 476 105 0 1
OUT 14209 3570 29 168 57 2 1
OUT 17781 5927 117 253 32 1 0
OUT 16047 3603 565 68 238 0 0
Round 201 of 225
tags: ENGINE_COOLDOWN ONLY_HIGH_IMPACT SHIELD SINGLE_COLLISION
IN 17210 2924 174 476 105 0 1
IN 14209 3570 29 168 57 2 1
IN 17781 5927 117 253 32 1 0
IN 16047 3603 565 68 238 0 0
MOV 17797 12907 200
MOV 21941 9912 100
MOV 19722 6411 SHIELD
MOV 14515 2317 SHIELD
OUT 17420 3597 840 497 87 0 1
OUT 14238 3738 24 142 39 1 1
OUT 17898 6180 99 215 14 3 0
OUT 16610 3671 411 65 220 3 0
Round 202 of 225
tags: ENGINE_COOLDOWN
IN 17420 3597 840 497 87 0 1
IN 14238 3738 24 142 39 1 1
IN 17898 6180 99 215 14 3 0
IN 16610 3671 411 65 220 3 0
MOV 14893 13273 200
MOV 23551 7380 0
MOV 19893 6040 200
MOV 14756 2922 200
OUT 18209 4288 671 586 105 0 1
OUT 14262 3880 20 120 21 0 1
OUT 17997 6395 84 182 356 2 0
OUT 17021 3736 349 55 202 2 0
Round 203 of 225
tags: ENGINE_COOLDOWN
IN 18209 4288 671 586 105 0 1
IN 14262 3880 20 120 21 0 1
IN 17997 6395 84 182 356 2 0
IN 17021 3736 349 55 202 2 0
MOV 12816 12709 200
MOV 24245 4466 0
MOV 19851 5646 200
MOV 15101 3176 200
OUT 18772 5042 478 641 123 0 1
OUT 14282 4000 17 102 3 0 1
OUT 18081 6577 71 154 338 1 0
OUT 17370 3791 296 46 196 1 0
Round 204 of 225
tags: ENGINE_COOLDOWN
IN 18772 5042 478 641 123 0 1
IN 14282 4000 17 102 3 0 1
IN 18081 6577 71 154 338 1 0
IN 17370 3791 296 46 196 1 0
MOV 13379 13463 200
MOV 23957 1473 200
MOV 19983 5959 200
MOV 15681 2720 200
OUT 19142 5851 314 688 123 0 1
OUT 14493 4051 178 43 345 0 1
OUT 18152 6731 60 130 342 0 0
OUT 17666 3837 251 39 212 0 0
Round 205 of 225
tags: MOVE_ONLY
IN 19142 5851 314 688 123 0 1
IN 14493 4051 178 43 345 0 1
IN 18152 6731 60 130 342 0 0
IN 17666 3837 251 39 212 0 0
MOV 13749 14272 200
MOV 22914 -1343 200
MOV 20152 6731 200
MOV 15725 3353 200
OUT 19348 6707 175 727 123 0 1
OUT 14839 3986 294 -55 327 0 1
OUT 18412 6861 220 110 360 0 0
OUT 17723 3826 48 -9 194 0 0
Round 206 of 225
tags: ONLY_HIGH_IMPACT SINGLE_COLLISION
IN 19348 6707 175 727 123 0 1
IN 14839 3986 294 -55 327 0 1
IN 18412 6861 220 110 360 0 0
IN 17723 3826 48 -9 194 0 0
MOV 11617 13049 200
MOV 21181 -3746 200
MOV 20374 7247 200
MOV 15800 3276 200
OUT 19562 7585 274 757 141 0 1
OUT 15260 3776 357 -178 309 0 1
OUT 18634 6985 96 94 11 0 0
OUT 17579 3762 -122 -54 196 0 0
Round 207 of 225
tags: SHIELD
IN 19562 7585 274 757 141 0 1
IN 15260 3776 357 -178 309 0 1
IN 18634 6985 96 94 11 0 0
IN 17579 3762 -122 -54 196 0 0
MOV 10249 11228 200
MOV 23681 -1618 0
MOV 20449 7825 SHIELD
MOV 15580 3832 200
OUT 19650 8415 74 705 159 0 1
OUT 15617 3598 303 -151 327 0 1
OUT 18730 7079 81 79 25 3 0
OUT 17257 3715 -273 -39 178 0 0
Round 208 of 225
tags: ENGINE_COOLDOWN
IN 19650 8415 74 705 159 0 1
IN 15617 3598 303 -151 327 0 1
IN 18730 7079 81 79 25 3 0
IN 17257 3715 -273 -39 178 0 0
MOV 9667 9002 200
MOV 25292 1071 100
MOV 20653 7627 0
MOV 15291 3349 23
OUT 19524 9132 -106 609 177 0 1
OUT 16017 3422 339 -149 345 0 1
OUT 18811 7158 68 67 16 2 0
OUT 16961 3672 -251 -36 191 0 0
Round 209 of 225
tags: ENGINE_COOLDOWN ONLY_HIGH_IMPACT SHIELD SINGLE_COLLISION
IN 19524 9132 -106 609 177 0 1
IN 16017 3422 339 -149 345 0 1
IN 18811 7158 68 67 16 2 0
IN 16961 3672 -251 -36 191 0 0
MOV 9848 6605 200
MOV 25969 2439 SHIELD
MOV 20469 8276 0
MOV 15212 2702 71
OUT 19224 9690 -254 474 195 0 1
OUT 16285 3247 203 -157 354 3 1
OUT 18879 7225 57 56 34 1 0
OUT 17354 3859 584 249 209 0 0
Round 210 of 225
tags: ENGINE_COOLDOWN SHIELD
IN 19224 9690 -254 474 195 0 1
IN 16285 3247 203 -157 354 3 1
IN 18879 7225 57 56 34 1 0
IN 17354 3859 584 249 209 0 0
MOV 10803 4297 200
MOV 26053 5388 0
MOV 20110 8801 SHIELD
MOV 15391 3477 200
OUT 18802 10056 -359 311 213 0 1
OUT 16488 3090 172 -133 12 2 1
OUT 18936 7281 48 47 52 3 0
OUT 17742 4070 329 179 191 0 0
Round 211 of 225
tags: ENGINE_COOLDOWN SHIELD
IN 18802 10056 -359 311 213 0 1
IN 16488 3090 172 -133 12 2 1
IN 18936 7281 48 47 52 3 0
IN 17742 4070 329 179 191 0 0
MOV 11328 3412 200
MOV 25117 8144 0
MOV 20594 8399 SHIELD
MOV 15760 3799 200
OUT 18294 10234 -432 151 222 0 1
OUT 16660 2957 146 -113 30 1 1
OUT 18984 7328 40 39 34 3 0
OUT 17873 4222 111 129 188 0 0
Round 212 of 225
tags: ENGINE_COOLDOWN SHIELD
IN 18294 10234 -432 151 222 0 1
IN 16660 2957 146 -113 30 1 1
IN 18984 7328 40 39 34 3 0
IN 17873 4222 111 129 188 0 0
MOV 10820 3590 200
MOV 23304 10430 0
MOV 20215 8904 SHIELD
MOV 16020 3470 200
OUT 17713 10252 -494 15 222 0 1
OUT 16806 2844 124 -96 48 0 1
OUT 19024 7367 34 33 52 3 0
OUT 17799 4276 -63 45 202 0 0
Round 213 of 225
tags: ENGINE_COOLDOWN
IN 17713 10252 -494 15 222 0 1
IN 16806 2844 124 -96 48 0 1
IN 19024 7367 34 33 52 3 0
IN 17799 4276 -63 45 202 0 0
MOV 10239 3608 200
MOV 20816 12005 0
MOV 19708 9246 200
MOV 15854 3812 200
OUT 17070 10134 -546 -100 222 0 1
OUT 16930 2748 105 -81 66 0 1
OUT 19058 7400 28 28 70 2 0
OUT 17541 4275 -218 -1 193 0 0
Round 214 of 225
tags: ENGINE_COOLDOWN SHIELD
IN 17070 10134 -546 -100 222 0 1
IN 16930 2748 105 -81 66 0 1
IN 19058 7400 28 28 70 2 0
IN 17541 4275 -218 -1 193 0 0
MOV 9596 3490 200
MOV 17913 12700 200
MOV 20289 8976 SHIELD
MOV 15827 3245 200
OUT 16375 9901 -591 -197 222 0 1
OUT 17055 2866 105 100 84 0 1
OUT 19086 7428 23 23 52 3 0
OUT 17152 4171 -331 -88 211 0 0
Round 215 of 225
tags: ENGINE_COOLDOWN
IN 16375 9901 -591 -197 222 0 1
IN 17055 2866 105 100 84 0 1
IN 19086 7428 23 23 52 3 0
IN 17152 4171 -331 -88 211 0 0
MOV 8901 3257 200
MOV 14914 12634 200
MOV 19770 9307 200
MOV 15594 2917 200
OUT 15635 9571 -629 -280 222 0 1
OUT 17117 3161 52 251 102 0 1
OUT 19109 7451 19 19 70 2 0
OUT 16665 3958 -413 -181 219 0 0
Round 216 of 225
tags: ENGINE_COOLDOWN
IN 15635 9571 -629 -280 222 0 1
IN 17117 3161 52 251 102 0 1
IN 19109 7451 19 19 70 2 0
IN 16665 3958 -413 -181 219 0 0
MOV 9293 1840 200
MOV 13475 12474 200
MOV 19179 9450 200
MOV 15149 2654 200
OUT 14879 9136 -642 -369 231 0 1
OUT 17096 3598 -17 371 111 0 1
OUT 19128 7470 16 16 88 1 0
OUT 16100 3647 -479 -264 221 0 0
Round 217 of 225
tags: ENGINE_COOLDOWN
IN 14879 9136 -642 -369 231 0 1
IN 17096 3598 -17 371 111 0 1
IN 19128 7470 16 16 88 1 0
IN 16100 3647 -479 -264 221 0 0
MOV 7405 2492 200
MOV 10754 11330 200
MOV 18577 9393 146
MOV 14259 2866 98
OUT 14088 8634 -672 -426 222 0 1
OUT 16952 4124 -122 446 129 0 1
OUT 19144 7486 13 13 106 0 0
OUT 15531 3345 -483 -256 203 0 0
Round 218 of 225
tags: MOVE_ONLY
IN 14088 8634 -672 -426 222 0 1
IN 16952 4124 -122 446 129 0 1
IN 19144 7486 13 13 106 0 0
IN 15531 3345 -483 -256 203 0 0
MOV 6614 1990 200
MOV 8531 9518 200
MOV 18026 9144 200
MOV 13539 3171 0
OUT 13267 8075 -698 -475 222 0 1
OUT 16662 4678 -246 470 147 0 1
OUT 19045 7665 -83 152 124 0 0
OUT 15048 3089 -410 -217 185 0 0
Round 219 of 225
tags: MOVE_ONLY
IN 13267 8075 -698 -475 222 0 1
IN 16662 4678 -246 470 147 0 1
IN 19045 7665 -83 152 124 0 0
IN 15048 3089 -410 -217 185 0 0
MOV 5793 1431 200
MOV 8241 10072 200
MOV 17469 8896 200
MOV 13099 3539 0
OUT 12420 7467 -720 -516 222 0 1
OUT 16248 5256 -352 491 147 0 1
OUT 18804 7940 -204 233 142 0 0
OUT 14638 2872 -348 -184 167 0 0
Round 220 of 225
tags: MOVE_ONLY
IN 12420 7467 -720 -516 222 0 1
IN 16248 5256 -352 491 147 0 1
IN 18804 7940 -204 233 142 0 0
IN 14638 2872 -348 -184 167 0 0
MOV 4946 823 200
MOV 6573 7783 200
MOV 17085 8962 200
MOV 12924 3902 200
OUT 11551 6818 -739 -551 222 0 1
OUT 15702 5798 -463 460 165 0 1
OUT 18428 8275 -319 284 149 0 0
OUT 14119 2791 -441 -68 149 0 0
Round 221 of 225
tags: SHIELD
IN 11551 6818 -739 -551 222 0 1
IN 15702 5798 -463 460 165 0 1
IN 18428 8275 -319 284 149 0 0
IN 14119 2791 -441 -68 149 0 0
MOV 3130 1425 200
MOV 5750 6781 100
MOV 17116 9784 SHIELD
MOV 12807 4300 200
OUT 10644 6159 -771 -560 213 0 1
OUT 15139 6268 -478 399 174 0 1
OUT 18109 8559 -271 241 131 3 0
OUT 13547 2874 -486 70 131 0 0
Round 222 of 225
tags: ENGINE_COOLDOWN
IN 10644 6159 -771 -560 213 0 1
IN 15139 6268 -478 399 174 0 1
IN 18109 8559 -271 241 131 3 0
IN 13547 2874 -486 70 131 0 0
MOV 2223 766 200
MOV 5371 4127 100
MOV 16395 9589 200
MOV 12766 4715 200
OUT 9705 5491 -798 -567 213 0 1
OUT 14563 6646 -489 320 192 0 1
OUT 17838 8800 -230 204 149 2 0
OUT 12983 3128 -479 215 113 0 0
Round 223 of 225
tags: ENGINE_COOLDOWN
IN 9705 5491 -798 -567 213 0 1
IN 14563 6646 -489 320 192 0 1
IN 17838 8800 -230 204 149 2 0
IN 12983 3128 -479 215 113 0 0
MOV 1284 98 200
MOV 5934 1592 100
MOV 15889 9250 200
MOV 12809 5120 200
OUT 8739 4816 -821 -573 213 0 1
OUT 13988 6915 -488 229 210 0 1
OUT 17608 9004 -195 173 167 1 0
OUT 12487 3542 -421 352 95 0 0
Round 224 of 225
tags: ENGINE_COOLDOWN
IN 8739 4816 -821 -573 213 0 1
IN 13988 6915 -488 229 210 0 1
IN 17608 9004 -195 173 167 1 0
IN 12487 3542 -421 352 95 0 0
MOV 318 -577 200
MOV 7344 -558 100
MOV 15825 9910 200
MOV 11919 5460 200
OUT 7750 4135 -841 -578 213 0 1
OUT 13434 7069 -471 131 228 0 1
OUT 17413 9177 -165 147 153 0 0
OUT 12009 4086 -406 462 106 0 0
Round 225 of 225
tags: MOVE_ONLY
IN 7750 4135 -841 -578 213 0 1
IN 13434 7069 -471 131 228 0 1
IN 17413 9177 -165 147 153 0 0
IN 12009 4086 -406 462 106 0 0
MOV -1926 1608 100
MOV 9424 -2092 100
MOV 15444 9526 200
MOV 11993 6086 200
OUT 6812 3532 -797 -512 195 0 1
OUT 12923 7108 -434 33 246 0 1
OUT 17051 9359 -307 154 170 0 0
OUT 11601 4748 -346 562 90 0 0
