Replay between nikoliazekter and DePhille
where nikoliazekter wins!
CHECKPOINTS 13871 1236 10269 4923 6101 2178 3006 5214 6275 7766 14115 7766
Round 1 of 126
tags: BOOST HAS_LOW_IMPACT SINGLE_COLLISION
IN 14229 1585 0 0 139.87147960279287 1 0 0
IN 13513 887 0 0 128.7911410932941 1 0 0
IN 14944 2284 0 0 164.55562117425438 1 0 0
IN 12798 188 0 0 106.10281590827515 1 0 0
MOV 10269 4923 BOOST
MOV 10269 4923 BOOST
MOV 12052 3083 7
MOV 11966 3070 BOOST
OUT 13732 2004 -422 356 139.87147960279287 1 0 1
OUT 13133 1425 -212 583 128.7911410932941 1 0 1
OUT 14937 2286 -5 1 164.55562117425438 1 0 0
OUT 12590 781 -287 377 106.10281590827515 1 0 1
Round 2 of 126
tags: HAS_LOW_IMPACT MULTI_COLLISION SHIELD
IN 13732 2004 -422 356 139.87147960279287 1 0 1
IN 13133 1425 -212 583 128.7911410932941 1 0 1
IN 14937 2286 -5 1 164.55562117425438 1 0 0
IN 12590 781 -287 377 106.10281590827515 1 0 1
MOV -72659 52369 198
MOV -70734 55889 200
MOV 12003 2910 SHIELD
MOV 11370 3522 200
OUT 13344 2657 -309 574 149.75828634700267 1 0 1
OUT 12639 2039 -400 555 146.7911410932941 1 0 1
OUT 14932 2287 -4 0 167.99329169059254 1 3 0
OUT 12131 1222 -430 321 113.99351311693889 1 0 1
Round 3 of 126
tags: ENGINE_COOLDOWN
IN 13344 2657 -309 574 149.75828634700267 1 0 1
IN 12639 2039 -400 555 146.7911410932941 1 0 1
IN 14932 2287 -4 0 167.99329169059254 1 3 0
IN 12131 1222 -430 321 113.99351311693889 1 0 1
MOV -84471 23448 200
MOV -76417 47525 46
MOV 11932 2287 49
MOV 11405 4133 200
OUT 12840 3273 -428 523 167.75828634700264 1 0 1
OUT 12198 2615 -374 489 152.94399619024205 1 0 1
OUT 14928 2287 -3 0 180.0 1 2 0
OUT 11653 1737 -406 437 104.00382063738643 1 0 1
Round 4 of 126
tags: ENGINE_COOLDOWN SHIELD
IN 12840 3273 -428 523 167.75828634700264 1 0 1
IN 12198 2615 -374 489 152.94399619024205 1 0 1
IN 14928 2287 -3 0 180.0 1 2 0
IN 11653 1737 -406 437 104.00382063738643 1 0 1
MOV -86612 -7180 6
MOV -72687 55478 4
MOV 11983 1715 SHIELD
MOV 10063 4281 200
OUT 12406 3795 -368 444 185.75828634700264 1 0 1
OUT 11821 3106 -320 417 148.08699252544272 1 0 1
OUT 14925 2287 -2 0 190.99156343855233 1 3 0
OUT 11141 2344 -435 515 122.00382063738644 1 0 1
Round 5 of 126
tags: ENGINE_COOLDOWN
IN 12406 3795 -368 444 185.75828634700264 1 0 1
IN 11821 3106 -320 417 148.08699252544272 1 0 1
IN 14925 2287 -2 0 190.99156343855233 1 3 0
IN 11141 2344 -435 515 122.00382063738644 1 0 1
MOV -85409 24586 200
MOV -76527 49952 99
MOV 12106 1261 133
MOV 9095 4538 200
OUT 11842 4281 -479 412 168.00012334065494 1 0 1
OUT 11414 3569 -346 393 152.06549548981906 1 0 1
OUT 14923 2287 -1 0 199.99942406183223 1 2 0
OUT 10570 3005 -485 562 133.00086463455546 1 0 1
Round 6 of 126
tags: ENGINE_COOLDOWN HAS_LOW_IMPACT SHIELD SINGLE_COLLISION
IN 11842 4281 -479 412 168.00012334065494 1 0 1
IN 11414 3569 -346 393 152.06549548981906 1 0 1
IN 14923 2287 -1 0 199.99942406183223 1 2 0
IN 10570 3005 -485 562 133.00086463455546 1 0 1
MOV -87610 -6172 0
MOV -87067 20934 SHIELD
MOV 12559 440 148
MOV 8765 5401 SHIELD
OUT 11385 4739 -351 469 186.00009891754658 1 0 1
OUT 11066 3957 -299 322 169.9999195304355 1 3 1
OUT 14922 2287 0 0 217.9994240618322 1 1 0
OUT 10085 3567 -412 477 126.99213660594944 1 3 1
Round 7 of 126
tags: ENGINE_COOLDOWN SHIELD
IN 11385 4739 -351 469 186.00009891754658 1 0 1
IN 11066 3957 -299 322 169.9999195304355 1 3 1
IN 14922 2287 0 0 217.9994240618322 1 1 0
IN 10085 3567 -412 477 126.99213660594944 1 3 1
MOV -79970 -35935 161
MOV -77229 50904 0
MOV 12103 1261 200
MOV 9108 6404 SHIELD
OUT 10887 5143 -423 342 204.0000698523175 1 0 1
OUT 10767 4279 -254 273 152.00014380890175 1 2 1
OUT 14922 2287 0 0 199.99942406183223 1 0 0
OUT 9673 4044 -350 405 109.00257393596623 1 3 1
Round 8 of 126
tags: ENGINE_COOLDOWN
IN 10887 5143 -423 342 204.0000698523175 1 0 1
IN 10767 4279 -254 273 152.00014380890175 1 2 1
IN 14922 2287 0 0 199.99942406183223 1 0 0
IN 9673 4044 -350 405 109.00257393596623 1 3 1
MOV -88371 -7018 189
MOV -87225 24219 0
MOV 11977 1715 200
MOV 9621 7044 104
OUT 10276 5462 -519 271 186.9850151569252 2 0 1
OUT 10513 4552 -215 232 168.49814592292208 2 1 1
OUT 14726 2249 -166 -32 190.99156343855233 1 0 0
OUT 9323 4449 -297 344 91.00257393596624 1 2 1
Round 9 of 126
tags: ENGINE_COOLDOWN
IN 10276 5462 -519 271 186.9850151569252 2 0 1
IN 10513 4552 -215 232 168.49814592292208 2 1 1
IN 14726 2249 -166 -32 190.99156343855233 1 0 0
IN 9323 4449 -297 344 91.00257393596624 1 2 1
MOV -80355 -36800 200
MOV -88939 -5901 0
MOV 11737 1988 123
MOV 10200 7318 200
OUT 9576 5649 -595 158 204.98501515692516 2 0 1
OUT 10298 4784 -182 197 186.00009891754658 2 0 1
OUT 14437 2206 -245 -36 184.99041945056382 1 0 0
OUT 9026 4793 -252 292 73.00258113079961 1 1 1
Round 10 of 126
tags: ENGINE_COOLDOWN ONLY_HIGH_IMPACT SHIELD SINGLE_COLLISION
IN 9576 5649 -595 158 204.98501515692516 2 0 1
IN 10298 4784 -182 197 186.00009891754658 2 0 1
IN 14437 2206 -245 -36 184.99041945056382 1 0 0
IN 9026 4793 -252 292 73.00258113079961 1 1 1
MOV -64671 -61339 SHIELD
MOV -81057 -35890 0
MOV 11437 2206 200
MOV 10480 7417 36
OUT 8984 5816 -492 169 222.0577801635877 2 3 1
OUT 10116 4981 -154 167 204.0000698523175 2 0 1
OUT 13992 2170 -378 -30 180.0 1 0 0
OUT 8742 4998 -346 -106 61.00846835175992 1 0 1
Round 11 of 126
tags: BOOST ENGINE_COOLDOWN
IN 8984 5816 -492 169 222.0577801635877 2 3 1
IN 10116 4981 -154 167 204.0000698523175 2 0 1
IN 13992 2170 -378 -30 180.0 1 0 0
IN 8742 4998 -346 -106 61.00846835175992 1 0 1
MOV -41016 -80787 0
MOV -64198 -61932 0
MOV 11081 2896 BOOST
MOV 10749 7227 3
OUT 8492 5985 -418 143 240.00013167135256 2 2 1
OUT 9962 5148 -130 141 222.0000698523175 2 0 1
OUT 12983 2297 -857 108 165.9961793626136 1 0 1
OUT 8398 4894 -292 -88 48.00000872671779 1 0 1
Round 12 of 126
tags: ENGINE_COOLDOWN
IN 8492 5985 -418 143 240.00013167135256 2 2 1
IN 9962 5148 -130 141 222.0000698523175 2 0 1
IN 12983 2297 -857 108 165.9961793626136 1 0 1
IN 8398 4894 -292 -88 48.00000872671779 1 0 1
MOV -12299 -91830 0
MOV -78988 -40546 200
MOV 10005 2663 52
MOV 10119 7351 200
OUT 8074 6128 -355 121 258.00012334065497 2 1 1
OUT 9654 5198 -261 42 207.18976192524127 2 0 1
OUT 12074 2411 -772 97 172.99341212963716 1 0 1
OUT 8221 4970 -150 64 54.99076775360331 1 0 1
Round 13 of 126
tags: ENGINE_COOLDOWN
IN 8074 6128 -355 121 258.00012334065497 2 1 1
IN 9654 5198 -261 42 207.18976192524127 2 0 1
IN 12074 2411 -772 97 172.99341212963716 1 0 1
IN 8221 4970 -150 64 54.99076775360331 1 0 1
MOV 18527 -93324 0
MOV -61057 -65513 13
MOV 9273 3486 87
MOV 10617 6775 200
OUT 7719 6249 -301 102 276.00009891754655 2 0 1
OUT 9384 5231 -229 27 225.0 2 0 1
OUT 11221 2539 -725 108 159.0036221489367 1 0 1
OUT 8231 5154 8 156 36.99213660594943 1 0 1
Round 14 of 126
tags: ONLY_HIGH_IMPACT SINGLE_COLLISION
IN 7719 6249 -301 102 276.00009891754655 2 0 1
IN 9384 5231 -229 27 225.0 2 0 1
IN 11221 2539 -725 108 159.0036221489367 1 0 1
IN 8231 5154 8 156 36.99213660594943 1 0 1
MOV 5725 -93731 200
MOV -79717 -40168 198
MOV 8890 4427 65
MOV 9952 7611 200
OUT 7414 6151 -259 -83 268.8574450877386 2 0 1
OUT 9094 5139 0 -140 207.0 2 0 1
OUT 10445 2688 -659 126 141.0036221489367 1 0 1
OUT 8238 5503 -240 359 54.99076775360331 1 0 1
Round 15 of 126
tags: SHIELD
IN 7414 6151 -259 -83 268.8574450877386 2 0 1
IN 9094 5139 0 -140 207.0 2 0 1
IN 10445 2688 -659 126 141.0036221489367 1 0 1
IN 8238 5503 -240 359 54.99076775360331 1 0 1
MOV 68 -93579 197
MOV -89675 -10504 0
MOV 7988 4409 40
MOV 10634 7308 SHIELD
OUT 7141 5872 -232 -237 265.7872650334502 2 0 1
OUT 9094 4999 0 -119 189.0 2 0 1
OUT 9753 2837 -587 126 144.9907677536033 1 0 1
OUT 7998 5862 -204 305 36.99213660594943 1 3 1
Round 16 of 126
tags: ENGINE_COOLDOWN
IN 7141 5872 -232 -237 265.7872650334502 2 0 1
IN 9094 4999 0 -119 189.0 2 0 1
IN 9753 2837 -587 126 144.9907677536033 1 0 1
IN 7998 5862 -204 305 36.99213660594943 1 3 1
MOV 31333 -91158 69
MOV -89675 20642 0
MOV 7669 4995 108
MOV 10570 7407 124
OUT 6925 5568 -183 -258 283.7872650334502 2 0 1
OUT 9094 4880 0 -101 171.0002675513455 2 0 1
OUT 9091 3041 -562 173 134.00059932188213 1 0 1
OUT 7794 6167 -173 259 30.993231351743674 1 2 1
Round 17 of 126
tags: ENGINE_COOLDOWN
IN 6925 5568 -183 -258 283.7872650334502 2 0 1
IN 9094 4880 0 -101 171.0002675513455 2 0 1
IN 9091 3041 -562 173 134.00059932188213 1 0 1
IN 7794 6167 -173 259 30.993231351743674 1 2 1
MOV 6998 -94432 200
MOV -80007 50279 0
MOV 6727 4888 135
MOV 10717 6842 200
OUT 6742 5110 -155 -389 270.04182591161486 2 0 1
OUT 9094 4779 0 -85 153.00026755134547 2 0 1
OUT 8423 3297 -568 217 141.99938627795066 1 0 1
OUT 7621 6426 -147 220 13.003206005251087 1 1 1
Round 18 of 126
tags: ENGINE_COOLDOWN
IN 6742 5110 -155 -389 270.04182591161486 2 0 1
IN 9094 4779 0 -85 153.00026755134547 2 0 1
IN 8423 3297 -568 217 141.99938627795066 1 0 1
IN 7621 6426 -147 220 13.003206005251087 1 1 1
MOV -14797 -92543 108
MOV -61617 75490 0
MOV 5825 4797 200
MOV 10621 6426 200
OUT 6564 4616 -151 -420 257.56161458909656 2 0 1
OUT 9094 4694 0 -72 135.00026755134547 2 0 1
OUT 7682 3614 -630 269 149.99927221917264 1 0 1
OUT 7474 6646 -124 187 0.0 1 0 1
Round 19 of 126
tags: ONLY_HIGH_IMPACT SHIELD SINGLE_COLLISION
IN 6564 4616 -151 -420 257.56161458909656 2 0 1
IN 9094 4694 0 -72 135.00026755134547 2 0 1
IN 7682 3614 -630 269 149.99927221917264 1 0 1
IN 7474 6646 -124 187 0.0 1 0 1
MOV 17017 -94836 SHIELD
MOV -66413 70258 1
MOV 5675 5843 25
MOV 10385 5920 200
OUT 6395 4206 -233 -297 275.56161458909656 2 3 1
OUT 9093 4623 0 -60 139.031667571379 2 0 1
OUT 7215 3799 498 -355 131.9999912732822 1 0 1
OUT 7544 6785 59 117 345.9961793626136 1 0 1
Round 20 of 126
tags: ENGINE_COOLDOWN
IN 6395 4206 -233 -297 275.56161458909656 2 3 1
IN 9093 4623 0 -60 139.031667571379 2 0 1
IN 7215 3799 498 -355 131.9999912732822 1 0 1
IN 7544 6785 59 117 345.9961793626136 1 0 1
MOV 47069 -87149 0
MOV -82957 43696 0
MOV 5021 5845 47
MOV 10363 5759 200
OUT 6162 3909 -198 -252 293.56161458909656 2 2 1
OUT 9093 4563 0 -51 156.9999508620334 2 0 1
OUT 7679 3476 394 -274 136.99913536544457 1 0 1
OUT 7791 6834 209 41 340.0005759381678 1 0 1
Round 21 of 126
tags: ENGINE_COOLDOWN
IN 6162 3909 -198 -252 293.56161458909656 2 2 1
IN 9093 4563 0 -51 156.9999508620334 2 0 1
IN 7679 3476 394 -274 136.99913536544457 1 0 1
IN 7791 6834 209 41 340.0005759381678 1 0 1
MOV 73075 -70405 0
MOV -90526 13279 200
MOV 5450 5483 200
MOV 10363 5289 200
OUT 5964 3657 -168 -214 311.56161458909656 2 1 1
OUT 8894 4529 -169 -28 174.99973354380433 2 0 1
OUT 7924 3336 208 -119 138.0000087267178 1 0 1
OUT 8171 6772 323 -52 329.0067686482563 1 0 1
Round 22 of 126
tags: ENGINE_COOLDOWN
IN 5964 3657 -168 -214 311.56161458909656 2 1 1
IN 8894 4529 -169 -28 174.99973354380433 2 0 1
IN 7924 3336 208 -119 138.0000087267178 1 0 1
IN 8171 6772 323 -52 329.0067686482563 1 0 1
MOV 83199 -59862 0
MOV -88543 -17966 197
MOV 5467 5057 200
MOV 10139 4508 200
OUT 5796 3443 -142 -181 320.56570678863216 2 0 1
OUT 8533 4457 -306 -61 192.99973354380433 2 0 1
OUT 7968 3332 37 -3 144.9907677536033 1 0 1
OUT 8625 6569 386 -172 311.0067686482563 1 0 1
Round 23 of 126
tags: MOVE_ONLY
IN 5796 3443 -142 -181 320.56570678863216 2 0 1
IN 8533 4457 -306 -61 192.99973354380433 2 0 1
IN 7968 3332 37 -3 144.9907677536033 1 0 1
IN 8625 6569 386 -172 311.0067686482563 1 0 1
MOV 85962 -56335 105
MOV -85329 -30039 79
MOV 5099 4209 88
MOV 9797 3807 81
OUT 5738 3199 -49 -207 323.2889264834613 2 0 1
OUT 8153 4369 -323 -75 200.17930238468253 2 0 1
OUT 7921 3355 -40 19 162.99076775360334 1 0 1
OUT 9043 6322 355 -209 293.0067686482563 1 0 1
Round 24 of 126
tags: MOVE_ONLY
IN 5738 3199 -49 -207 323.2889264834613 2 0 1
IN 8153 4369 -323 -75 200.17930238468253 2 0 1
IN 7921 3355 -40 19 162.99076775360334 1 0 1
IN 9043 6322 355 -209 293.0067686482563 1 0 1
MOV 63096 -78716 4
MOV -70648 -57197 22
MOV 5159 4527 12
MOV 9819 3424 200
OUT 5691 2989 -39 -178 305.2889264834613 2 0 1
OUT 7813 4280 -289 -75 217.9999599727727 2 0 1
OUT 7870 3379 -43 20 157.00702146674004 1 0 1
OUT 9450 5920 345 -341 284.9904672155597 1 0 1
Round 25 of 126
tags: HAS_LOW_IMPACT SHIELD SINGLE_COLLISION
IN 5691 2989 -39 -178 305.2889264834613 2 0 1
IN 7813 4280 -289 -75 217.9999599727727 2 0 1
IN 7870 3379 -43 20 157.00702146674004 1 0 1
IN 9450 5920 345 -341 284.9904672155597 1 0 1
MOV 85555 -57193 135
MOV -48106 -78624 128
MOV 5069 4454 SHIELD
MOV 9293 2924 200
OUT 5760 2730 58 -220 322.9999270877897 2 0 1
OUT 7442 4122 -365 -22 235.9999599727727 2 0 1
OUT 7828 3397 -30 3 159.0036221489367 1 3 1
OUT 9785 5379 284 -459 267.0002614108811 1 0 1
Round 26 of 126
tags: ENGINE_COOLDOWN
IN 5760 2730 58 -220 322.9999270877897 2 0 1
IN 7442 4122 -365 -22 235.9999599727727 2 0 1
IN 7828 3397 -30 3 159.0036221489367 1 3 1
IN 9785 5379 284 -459 267.0002614108811 1 0 1
MOV 100312 -29827 0
MOV -20122 -92004 198
MOV 4894 4021 48
MOV 8710 2578 99
OUT 5818 2510 49 -187 340.99992658960815 3 0 1
OUT 7022 3910 -356 -180 253.9998275844802 2 0 1
OUT 7798 3400 -25 2 167.99329169059254 1 2 1
OUT 10034 4828 211 -468 249.0036221489367 2 0 1
Round 27 of 126
tags: ENGINE_COOLDOWN SHIELD
IN 5818 2510 49 -187 340.99992658960815 3 0 1
IN 7022 3910 -356 -180 253.9998275844802 2 0 1
IN 7798 3400 -25 2 167.99329169059254 1 2 1
IN 10034 4828 211 -468 249.0036221489367 2 0 1
MOV 105803 765 0
MOV -6077 -95228 118
MOV 5079 4668 SHIELD
MOV 8146 2497 200
OUT 5867 2323 41 -158 358.99992658960815 3 0 1
OUT 6651 3613 -315 -252 262.473167946519 2 0 1
OUT 7773 3402 -21 1 154.99810511469224 1 3 1
OUT 10119 4205 72 -529 231.00362214893667 2 0 1
Round 28 of 126
tags: ENGINE_COOLDOWN
IN 5867 2323 41 -158 358.99992658960815 3 0 1
IN 6651 3613 -315 -252 262.473167946519 2 0 1
IN 7773 3402 -21 1 154.99810511469224 1 3 1
IN 10119 4205 72 -529 231.00362214893667 2 0 1
MOV 101497 31560 16
MOV 24016 -94868 66
MOV 5579 5448 200
MOV 7603 2571 200
OUT 5923 2170 47 -130 16.999926589608126 3 0 1
OUT 6347 3296 -258 -269 280.00008046956447 2 0 1
OUT 7752 3403 -17 0 136.99913536544457 1 2 1
OUT 10023 3567 -81 -542 213.00362214893667 2 0 1
Round 29 of 126
tags: ENGINE_COOLDOWN SHIELD
IN 5923 2170 47 -130 16.999926589608126 3 0 1
IN 6347 3296 -258 -269 280.00008046956447 2 0 1
IN 7752 3403 -17 0 136.99913536544457 1 2 1
IN 10023 3567 -81 -542 213.00362214893667 2 0 1
MOV 87838 59528 73
MOV -7570 -95731 0
MOV 6298 6027 SHIELD
MOV 7125 2791 200
OUT 6030 2082 90 -74 34.99992658960812 3 0 1
OUT 6089 3027 -219 -228 262.00019134246503 2 0 1
OUT 7735 3403 -14 0 118.99913536544454 1 3 1
OUT 9749 2973 -233 -504 195.00362214893667 2 0 1
Round 30 of 126
tags: ENGINE_COOLDOWN
IN 6030 2082 90 -74 34.99992658960812 3 0 1
IN 6089 3027 -219 -228 262.00019134246503 2 0 1
IN 7735 3403 -14 0 118.99913536544454 1 3 1
IN 9749 2973 -233 -504 195.00362214893667 2 0 1
MOV 94943 47848 14
MOV -37748 -86852 0
MOV 5847 5734 200
MOV 6753 2816 200
OUT 6132 2014 87 -57 27.236143096307302 3 0 1
OUT 5870 2799 -186 -193 244.00019134246503 2 0 1
OUT 7721 3403 -11 0 129.00583988927153 1 2 1
OUT 9316 2459 -367 -437 182.99973858911892 2 0 1
Round 31 of 126
tags: ENGINE_COOLDOWN
IN 6132 2014 87 -57 27.236143096307302 3 0 1
IN 5870 2799 -186 -193 244.00019134246503 2 0 1
IN 7721 3403 -11 0 129.00583988927153 1 2 1
IN 9316 2459 -367 -437 182.99973858911892 2 0 1
MOV 104792 18330 54
MOV -56891 -75054 0
MOV 6087 5919 200
MOV 6338 2825 91
OUT 6272 1966 119 -40 9.390358243428372 3 0 1
OUT 5684 2606 -158 -164 231.1260636264507 3 0 1
OUT 7710 3403 -9 0 123.0014494883237 1 1 1
OUT 8859 2033 -388 -362 172.99341212963716 2 0 1
Round 32 of 126
tags: ENGINE_COOLDOWN
IN 6272 1966 119 -40 9.390358243428372 3 0 1
IN 5684 2606 -158 -164 231.1260636264507 3 0 1
IN 7710 3403 -9 0 123.0014494883237 1 1 1
IN 8859 2033 -388 -362 172.99341212963716 2 0 1
MOV 105073 -13472 200
MOV -30153 -90752 2
MOV 6490 6144 200
MOV 5936 2708 121
OUT 6589 1896 269 -59 351.39035824342835 3 0 1
OUT 5525 2440 -134 -140 248.99988156351571 3 0 1
OUT 7701 3403 -7 0 113.99351311693889 1 0 1
OUT 8353 1698 -430 -284 166.9967939947489 2 0 1
Round 33 of 126
tags: MOVE_ONLY
IN 6589 1896 269 -59 351.39035824342835 3 0 1
IN 5525 2440 -134 -140 248.99988156351571 3 0 1
IN 7701 3403 -7 0 113.99351311693889 1 0 1
IN 8353 1698 -430 -284 166.9967939947489 2 0 1
MOV 95690 -43503 200
MOV -57407 -75275 0
MOV 6111 5947 200
MOV 5571 2822 7
OUT 7037 1747 380 -126 333.39035824342835 3 0 1
OUT 5391 2300 -113 -119 231.00016303124735 3 0 1
OUT 7588 3573 -96 144 122.00538320808353 1 0 1
OUT 7917 1417 -371 -239 158.00001700169346 2 0 1
Round 34 of 126
tags: ONLY_HIGH_IMPACT SHIELD SINGLE_COLLISION
IN 7037 1747 380 -126 333.39035824342835 3 0 1
IN 5391 2300 -113 -119 231.00016303124735 3 0 1
IN 7588 3573 -96 144 122.00538320808353 1 0 1
IN 7917 1417 -371 -239 158.00001700169346 2 0 1
MOV 91873 -51196 SHIELD
MOV -78476 -52164 3
MOV 6320 6292 115
MOV 5430 3095 SHIELD
OUT 6979 1837 -151 127 328.0332430314449 3 3 1
OUT 5275 2179 -98 -102 213.00016303124735 3 0 1
OUT 7443 3821 -122 210 115.00189488530778 1 0 1
OUT 7984 962 159 -437 145.99212610305312 2 3 1
Round 35 of 126
tags: ENGINE_COOLDOWN
IN 6979 1837 -151 127 328.0332430314449 3 3 1
IN 5275 2179 -98 -102 213.00016303124735 3 0 1
IN 7443 3821 -122 210 115.00189488530778 1 0 1
IN 7984 962 159 -437 145.99212610305312 2 3 1
MOV 104009 -22355 0
MOV -91318 -23703 66
MOV 7077 6799 83
MOV 5288 2277 200
OUT 6828 1964 -128 107 346.00016462160755 3 2 1
OUT 5113 2060 -137 -101 195.00016303124733 3 0 1
OUT 7311 4113 -112 248 97.00658787036286 1 0 1
OUT 8143 525 135 -371 153.99874774853015 2 2 1
Round 36 of 126
tags: ENGINE_COOLDOWN
IN 6828 1964 -128 107 346.00016462160755 3 2 1
IN 5113 2060 -137 -101 195.00016303124733 3 0 1
IN 7311 4113 -112 248 97.00658787036286 1 0 1
IN 8143 525 135 -371 153.99874774853015 2 2 1
MOV 91633 -51028 0
MOV -94750 7294 44
MOV 6535 7011 101
MOV 5627 2159 27
OUT 6700 2071 -108 90 328.00016462160755 3 1 1
OUT 4932 1961 -153 -83 177.00016303124733 3 0 1
OUT 7173 4459 -117 293 104.99046721555972 1 0 1
OUT 8278 154 114 -315 146.9985505116763 2 1 1
Round 37 of 126
tags: ENGINE_COOLDOWN
IN 6700 2071 -108 90 328.00016462160755 3 1 1
IN 4932 1961 -153 -83 177.00016303124733 3 0 1
IN 7173 4459 -117 293 104.99046721555972 1 0 1
IN 8278 154 114 -315 146.9985505116763 2 1 1
MOV 82846 -62750 0
MOV -88426 37798 194
MOV 5858 7155 143
MOV 6157 2275 200
OUT 6592 2161 -91 76 319.5931607969052 3 0 1
OUT 4598 1948 -283 -11 159.00016303124735 3 0 1
OUT 6993 4881 -152 358 116.00125225146986 1 0 1
OUT 8392 -161 96 -267 135.0 2 0 1
Round 38 of 126
tags: SHIELD
IN 6592 2161 -91 76 319.5931607969052 3 0 1
IN 4598 1948 -283 -11 159.00016303124735 3 0 1
IN 6993 4881 -152 358 116.00125225146986 1 0 1
IN 8392 -161 96 -267 135.0 2 0 1
MOV 59584 -82644 0
MOV -73117 64880 195
MOV 5105 7212 SHIELD
MOV 7030 2512 200
OUT 6501 2237 -77 64 301.9999779458813 3 0 1
OUT 4163 2060 -369 94 141.00016303124733 3 0 1
OUT 6841 5239 -129 304 129.00583988927153 1 3 1
OUT 8397 -250 4 -75 117.00065470344408 2 0 1
Round 39 of 126
tags: ENGINE_COOLDOWN
IN 6501 2237 -77 64 301.9999779458813 3 0 1
IN 4163 2060 -369 94 141.00016303124733 3 0 1
IN 6841 5239 -129 304 129.00583988927153 1 3 1
IN 8397 -250 4 -75 117.00065470344408 2 0 1
MOV 67088 -77320 200
MOV -50301 85927 200
MOV 4510 7127 200
MOV 7273 2532 200
OUT 6545 2142 37 -80 307.29125248232407 3 0 1
OUT 3685 2322 -406 222 123.00016303124733 3 0 1
OUT 6712 5543 -109 258 140.9941601107285 1 2 1
OUT 8326 -140 -60 93 111.99998299830655 2 0 1
Round 40 of 126
tags: ENGINE_COOLDOWN
IN 6545 2142 37 -80 307.29125248232407 3 0 1
IN 3685 2322 -406 222 123.00016303124733 3 0 1
IN 6712 5543 -109 258 140.9941601107285 1 2 1
IN 8326 -140 -60 93 111.99998299830655 2 0 1
MOV 76182 -69626 200
MOV -22197 98915 134
MOV 4591 7664 53
MOV 7011 2556 200
OUT 6721 1918 149 -190 314.13660716237035 3 0 1
OUT 3244 2673 -374 298 105.00016303124735 3 0 1
OUT 6603 5801 -92 219 135.0 1 1 1
OUT 8178 133 -125 231 116.00125225146986 2 0 1
Round 41 of 126
tags: ENGINE_COOLDOWN SHIELD
IN 6721 1918 149 -190 314.13660716237035 3 0 1
IN 3244 2673 -374 298 105.00016303124735 3 0 1
IN 6603 5801 -92 219 135.0 1 1 1
IN 8178 133 -125 231 116.00125225146986 2 0 1
MOV 50558 -87961 9
MOV 8478 102536 190
MOV 4146 7522 28
MOV 6250 2431 SHIELD
OUT 6874 1720 130 -168 296.13660716237035 3 0 1
OUT 2880 3161 -309 414 87.00016303124733 3 0 1
OUT 6511 6020 -78 186 144.9907677536033 1 0 1
OUT 8053 364 -106 196 129.99632806211142 2 3 1
Round 42 of 126
tags: ENGINE_COOLDOWN SHIELD
IN 6874 1720 130 -168 296.13660716237035 3 0 1
IN 2880 3161 -309 414 87.00016303124733 3 0 1
IN 6511 6020 -78 186 144.9907677536033 1 0 1
IN 8053 364 -106 196 129.99632806211142 2 3 1
MOV 57370 -84594 154
MOV 38717 96519 188
MOV 3642 6897 SHIELD
MOV 5789 2332 28
OUT 7082 1419 176 -255 300.328776531721 3 0 1
OUT 2638 3751 -205 501 69.00016303124733 3 0 1
OUT 6433 6206 -66 158 162.99076775360334 1 3 1
OUT 7947 560 -90 166 139.00093948375277 2 2 1
Round 43 of 126
tags: ENGINE_COOLDOWN ONLY_HIGH_IMPACT SHIELD SINGLE_COLLISION
IN 7082 1419 176 -255 300.328776531721 3 0 1
IN 2638 3751 -205 501 69.00016303124733 3 0 1
IN 6433 6206 -66 158 162.99076775360334 1 3 1
IN 7947 560 -90 166 139.00093948375277 2 2 1
MOV 81396 -65494 75
MOV 65570 81466 200
MOV 3440 6415 200
MOV 5185 1732 SHIELD
OUT 7125 1267 -459 271 317.99984081666804 3 0 1
OUT 2559 4407 -67 557 51.00016303124738 3 0 1
OUT 6367 6364 -56 134 176.00554263177514 1 2 1
OUT 7876 711 -10 87 157.00093948375277 2 3 1
Round 44 of 126
tags: ENGINE_COOLDOWN
IN 7125 1267 -459 271 317.99984081666804 3 0 1
IN 2559 4407 -67 557 51.00016303124738 3 0 1
IN 6367 6364 -56 134 176.00554263177514 1 2 1
IN 7876 711 -10 87 157.00093948375277 2 3 1
MOV 94054 -48163 198
MOV 86426 58871 200
MOV 3378 6103 4
MOV 5332 2301 200
OUT 6838 1440 -243 147 330.376358675074 3 0 1
OUT 2660 5073 85 566 33.000163031247325 4 0 1
OUT 6311 6498 -47 113 184.99041945056382 1 1 1
OUT 7866 798 -8 73 147.99461679191648 2 2 1
Round 45 of 126
tags: ENGINE_COOLDOWN
IN 6838 1440 -243 147 330.376358675074 3 0 1
IN 2660 5073 85 566 33.000163031247325 4 0 1
IN 6311 6498 -47 113 184.99041945056382 1 1 1
IN 7866 798 -8 73 147.99461679191648 2 2 1
MOV 104653 -19351 27
MOV 99253 30955 198
MOV 3313 6603 200
MOV 4955 1524 33
OUT 6621 1581 -184 120 348.00012334065497 3 0 1
OUT 2936 5690 234 524 15.000163031247325 4 0 1
OUT 6264 6611 -39 96 177.99412981239254 1 0 1
OUT 7858 871 -6 62 165.9946167919165 2 1 1
Round 46 of 126
tags: ENGINE_COOLDOWN
IN 6621 1581 -184 120 348.00012334065497 3 0 1
IN 2936 5690 234 524 15.000163031247325 4 0 1
IN 6264 6611 -39 96 177.99412981239254 1 0 1
IN 7858 871 -6 62 165.9946167919165 2 1 1
MOV 106073 12034 102
MOV 101384 23241 200
MOV 3268 6454 200
MOV 4989 1748 200
OUT 6538 1712 -70 111 6.000098917546583 3 0 1
OUT 3367 6249 366 475 10.10831466490536 4 0 1
OUT 6025 6697 -202 72 182.99973858911892 1 0 1
OUT 7852 933 -5 52 163.00258113079963 2 0 1
Round 47 of 126
tags: MOVE_ONLY
IN 6538 1712 -70 111 6.000098917546583 3 0 1
IN 3367 6249 366 475 10.10831466490536 4 0 1
IN 6025 6697 -202 72 182.99973858911892 1 0 1
IN 7852 933 -5 52 163.00258113079963 2 0 1
MOV 104353 -19079 0
MOV 102394 -7668 200
MOV 3029 6540 200
MOV 5395 2654 58
OUT 6468 1823 -59 94 348.00012334065497 3 0 1
OUT 3931 6697 479 380 352.1083146649054 4 0 1
OUT 5623 6759 -341 52 182.99973858911892 1 0 1
OUT 7799 1018 -44 72 145.0025811307996 2 0 1
Round 48 of 126
tags: SHIELD
IN 6468 1823 -59 94 348.00012334065497 3 0 1
IN 3931 6697 479 380 352.1083146649054 4 0 1
IN 5623 6759 -341 52 182.99973858911892 1 0 1
IN 7799 1018 -44 72 145.0025811307996 2 0 1
MOV 101188 -30242 66
MOV 93810 -37140 4
MOV 2660 6290 SHIELD
MOV 5201 2518 59
OUT 6472 1896 2 61 341.2978026613178 3 0 1
OUT 4414 7075 410 321 334.1083146649054 4 0 1
OUT 5282 6811 -289 44 188.9944709773013 1 3 1
OUT 7704 1120 -80 86 149.99927221917264 2 0 1
Round 49 of 126
tags: ENGINE_COOLDOWN ONLY_HIGH_IMPACT SHIELD SINGLE_COLLISION
IN 6472 1896 2 61 341.2978026613178 3 0 1
IN 4414 7075 410 321 334.1083146649054 4 0 1
IN 5282 6811 -289 44 188.9944709773013 1 3 1
IN 7704 1120 -80 86 149.99927221917264 2 0 1
MOV 86336 -58286 200
MOV 76348 -62391 SHIELD
MOV 2319 7280 SHIELD
MOV 4867 2097 75
OUT 6634 1837 137 -49 323.2978026613178 3 0 1
OUT 4429 7567 -66 452 316.1083146649054 4 3 1
OUT 5388 6684 169 -141 171.0055290226987 1 3 1
OUT 7553 1230 -128 93 160.9974260640338 2 0 1
Round 50 of 126
tags: ENGINE_COOLDOWN ONLY_HIGH_IMPACT SINGLE_COLLISION
IN 6634 1837 137 -49 323.2978026613178 3 0 1
IN 4429 7567 -66 452 316.1083146649054 4 3 1
IN 5388 6684 169 -141 171.0055290226987 1 3 1
IN 7553 1230 -128 93 160.9974260640338 2 0 1
MOV 80342 -65744 200
MOV 75066 -63218 0
MOV 2715 8046 200
MOV 4734 2256 18
OUT 6741 1770 -123 84 317.483076782448 3 0 1
OUT 4363 8019 -56 384 314.9400392281803 4 2 1
OUT 5557 6543 143 -119 153.00552902269868 1 2 1
OUT 7586 1212 241 -156 160.00057593816777 2 0 1
Round 51 of 126
tags: ENGINE_COOLDOWN
IN 6741 1770 -123 84 317.483076782448 3 0 1
IN 4363 8019 -56 384 314.9400392281803 4 2 1
IN 5557 6543 143 -119 153.00552902269868 1 2 1
IN 7586 1212 241 -156 160.00057593816777 2 0 1
MOV 97372 -40492 0
MOV 58766 -75888 0
MOV 3436 8664 133
MOV 5014 2757 200
OUT 6618 1854 -104 71 334.9999633216792 3 0 1
OUT 4307 8403 -47 326 302.95827013690325 4 1 1
OUT 5700 6424 121 -101 135.00552902269868 1 1 1
OUT 7656 1159 59 -45 149.00676864825633 2 0 1
Round 52 of 126
tags: ENGINE_COOLDOWN
IN 6618 1854 -104 71 334.9999633216792 3 0 1
IN 4307 8403 -47 326 302.95827013690325 4 1 1
IN 5700 6424 121 -101 135.00552902269868 1 1 1
IN 7656 1159 59 -45 149.00676864825633 2 0 1
MOV 87803 -56533 195
MOV 33829 -87140 0
MOV 3579 8545 200
MOV 5169 2837 121
OUT 6672 1811 46 -36 324.2768940164205 3 0 1
OUT 4260 8729 -39 277 287.1707181972234 4 0 1
OUT 5821 6323 102 -85 135.0 1 0 1
OUT 7615 1182 -35 19 145.99212610305312 2 0 1
Round 53 of 126
tags: SHIELD
IN 6672 1811 46 -36 324.2768940164205 3 0 1
IN 4260 8729 -39 277 287.1707181972234 4 0 1
IN 5821 6323 102 -85 135.0 1 0 1
IN 7615 1182 -35 19 145.99212610305312 2 0 1
MOV 89934 -53574 148
MOV 61618 -73186 200
MOV 4459 8996 SHIELD
MOV 5608 3411 58
OUT 6841 1693 143 -100 326.3685700650158 3 0 1
OUT 4336 8842 64 96 305.0002344385625 4 0 1
OUT 5923 6238 86 -72 117.00065470344408 1 3 1
OUT 7541 1244 -62 52 131.9999912732822 2 0 1
Round 54 of 126
tags: ENGINE_COOLDOWN ONLY_HIGH_IMPACT SINGLE_COLLISION
IN 6841 1693 143 -100 326.3685700650158 3 0 1
IN 4336 8842 64 96 305.0002344385625 4 0 1
IN 5923 6238 86 -72 117.00065470344408 1 3 1
IN 7541 1244 -62 52 131.9999912732822 2 0 1
MOV 93510 -48192 200
MOV 84200 -51340 106
MOV 5454 9201 200
MOV 5383 3328 4
OUT 6798 1723 -59 40 330.0761017326353 3 0 1
OUT 4485 8874 126 27 322.9999270877897 4 0 1
OUT 6009 6166 73 -61 99.00065470344407 1 2 1
OUT 7835 1069 272 -163 135.9994006781179 2 0 1
Round 55 of 126
tags: ENGINE_COOLDOWN
IN 6798 1723 -59 40 330.0761017326353 3 0 1
IN 4485 8874 126 27 322.9999270877897 4 0 1
IN 6009 6166 73 -61 99.00065470344407 1 2 1
IN 7835 1069 272 -163 135.9994006781179 2 0 1
MOV 96957 -41536 130
MOV 79999 -56682 200
MOV 6218 9159 64
MOV 5537 2997 200
OUT 6856 1707 49 -13 334.3679405621994 3 0 1
OUT 4762 8770 235 -88 319.03775816658776 4 0 1
OUT 6082 6105 62 -51 86.00554263177513 1 1 1
OUT 7954 1035 100 -29 140.0036719378886 2 0 1
Round 56 of 126
tags: ENGINE_COOLDOWN
IN 6856 1707 49 -13 334.3679405621994 3 0 1
IN 4762 8770 235 -88 319.03775816658776 4 0 1
IN 6082 6105 62 -51 86.00554263177513 1 1 1
IN 7954 1035 100 -29 140.0036719378886 2 0 1
MOV 105883 -12210 20
MOV 96812 -30303 200
MOV 7206 8887 200
MOV 6191 3462 200
OUT 6925 1691 58 -13 352.00019134246503 3 0 1
OUT 5181 8604 356 -141 336.99995086203336 4 0 1
OUT 6144 6054 52 -43 68.00554263177513 1 0 1
OUT 7936 1168 -14 112 125.99507508875756 2 0 1
Round 57 of 126
tags: ONLY_HIGH_IMPACT SINGLE_COLLISION
IN 6925 1691 58 -13 352.00019134246503 3 0 1
IN 5181 8604 356 -141 336.99995086203336 4 0 1
IN 6144 6054 52 -43 68.00554263177513 1 0 1
IN 7936 1168 -14 112 125.99507508875756 2 0 1
MOV 101606 -30488 200
MOV 104800 -112 200
MOV 7734 8598 132
MOV 6716 3909 98
OUT 7126 1631 -92 47 341.22876924317774 3 0 1
OUT 5736 8446 471 -134 354.9997335438043 4 0 1
OUT 6266 6123 103 58 57.9946167919165 1 0 1
OUT 7929 1352 256 58 113.99351311693889 2 0 1
Round 58 of 126
tags: MOVE_ONLY
IN 7126 1631 -92 47 341.22876924317774 3 0 1
IN 5736 8446 471 -134 354.9997335438043 4 0 1
IN 6266 6123 103 58 57.9946167919165 1 0 1
IN 7929 1352 256 58 113.99351311693889 2 0 1
MOV 107111 -114 0
MOV 104857 -4781 200
MOV 7674 8772 44
MOV 5922 3581 200
OUT 7034 1678 -78 39 359.0001401621099 3 0 1
OUT 6405 8286 568 -136 352.39918508357107 5 0 1
OUT 6390 6220 105 82 62.008402755791124 1 0 1
OUT 8051 1559 103 175 131.99351311693886 2 0 1
Round 59 of 126
tags: MOVE_ONLY
IN 7034 1678 -78 39 359.0001401621099 3 0 1
IN 6405 8286 568 -136 352.39918508357107 5 0 1
IN 6390 6220 105 82 62.008402755791124 1 0 1
IN 8051 1559 103 175 131.99351311693886 2 0 1
MOV 102664 30915 200
MOV 105669 -3825 200
MOV 8548 8304 80
MOV 5564 3237 58
OUT 7147 1775 96 82 16.999986264674707 3 0 1
OUT 7172 8126 651 -136 353.0438381466949 5 0 1
OUT 6553 6358 138 116 44.00840275579113 1 0 1
OUT 8106 1766 46 176 145.99212610305312 2 0 1
Round 60 of 126
tags: ONLY_HIGH_IMPACT SINGLE_COLLISION
IN 7147 1775 96 82 16.999986264674707 3 0 1
IN 7172 8126 651 -136 353.0438381466949 5 0 1
IN 6553 6358 138 116 44.00840275579113 1 0 1
IN 8106 1766 46 176 145.99212610305312 2 0 1
MOV 104773 23435 200
MOV 105335 27207 200
MOV 9151 7858 60
MOV 5344 2938 133
OUT 7233 1891 -60 92 12.509418149015465 3 0 1
OUT 8019 8028 720 -83 11.00002571095648 5 0 1
OUT 6743 6504 161 124 30.000727780827372 1 0 1
OUT 8234 2003 243 207 157.00702146674004 2 0 1
Round 61 of 126
tags: MOVE_ONLY
IN 7233 1891 -60 92 12.509418149015465 3 0 1
IN 8019 8028 720 -83 11.00002571095648 5 0 1
IN 6743 6504 161 124 30.000727780827372 1 0 1
IN 8234 2003 243 207 157.00702146674004 2 0 1
MOV 92950 53395 199
MOV 106039 27831 200
MOV 9677 7128 66
MOV 5311 2678 200
OUT 7344 2084 94 164 30.50941814901546 3 0 1
OUT 8935 7985 778 -36 11.42173653921731 5 0 1
OUT 6969 6642 191 117 12.006708309407466 1 0 1
OUT 8282 2255 40 214 166.9967939947489 2 0 1
Round 62 of 126
tags: HAS_LOW_IMPACT SINGLE_COLLISION
IN 7344 2084 94 164 30.50941814901546 3 0 1
IN 8935 7985 778 -36 11.42173653921731 5 0 1
IN 6969 6642 191 117 12.006708309407466 1 0 1
IN 8282 2255 40 214 166.9967939947489 2 0 1
MOV 104781 24579 2
MOV 108190 -4202 197
MOV 9967 6747 94
MOV 5286 2412 128
OUT 7425 2244 -82 92 12.99994197381978 3 0 1
OUT 9909 7926 827 -49 353.4217365392173 5 0 1
OUT 7254 6762 242 102 2.0058701876074787 1 0 1
OUT 8209 2480 88 235 177.00026141088108 2 0 1
Round 63 of 126
tags: HAS_LOW_IMPACT SINGLE_COLLISION
IN 7425 2244 -82 92 12.99994197381978 3 0 1
IN 9909 7926 827 -49 353.4217365392173 5 0 1
IN 7254 6762 242 102 2.0058701876074787 1 0 1
IN 8209 2480 88 235 177.00026141088108 2 0 1
MOV 93142 53748 63
MOV 100540 -34336 166
MOV 10217 7231 22
MOV 5211 2375 200
OUT 7318 2339 -136 64 30.99994197381978 3 0 1
OUT 10887 7808 831 -100 335.4217365392173 5 0 1
OUT 7518 6867 224 89 8.994470977301317 1 0 1
OUT 8176 2737 17 235 182.00587018760746 2 0 1
Round 64 of 126
tags: MOVE_ONLY
IN 7318 2339 -136 64 30.99994197381978 3 0 1
IN 10887 7808 831 -100 335.4217365392173 5 0 1
IN 7518 6867 224 89 8.994470977301317 1 0 1
IN 8176 2737 17 235 182.00587018760746 2 0 1
MOV 88425 60834 173
MOV 95709 -45156 144
MOV 10481 6398 112
MOV 5180 2894 200
OUT 7322 2504 3 140 35.799436179224664 3 0 1
OUT 11840 7632 810 -149 328.0187887397447 5 0 1
OUT 7853 6938 284 60 351.0055290226987 1 0 1
OUT 7993 2982 -155 208 177.00026141088108 2 0 1
Round 65 of 126
tags: ONLY_HIGH_IMPACT SINGLE_COLLISION
IN 7322 2504 3 140 35.799436179224664 3 0 1
IN 11840 7632 810 -149 328.0187887397447 5 0 1
IN 7853 6938 284 60 351.0055290226987 1 0 1
IN 7993 2982 -155 208 177.00026141088108 2 0 1
MOV 85830 64443 200
MOV 76119 -68972 6
MOV 10706 6011 200
MOV 5095 2206 22
OUT 7253 2600 -74 69 38.27172524929429 3 0 1
OUT 12654 7478 691 -130 310.0187887397447 5 0 1
OUT 8327 6936 403 -1 341.9999254031041 1 0 1
OUT 8046 3352 60 326 194.9904672155597 2 0 1
Round 66 of 126
tags: MOVE_ONLY
IN 7253 2600 -74 69 38.27172524929429 3 0 1
IN 12654 7478 691 -130 310.0187887397447 5 0 1
IN 8327 6936 403 -1 341.9999254031041 1 0 1
IN 8046 3352 60 326 194.9904672155597 2 0 1
MOV 63172 85504 200
MOV 50115 -85240 11
MOV 10925 5436 200
MOV 5209 2375 200
OUT 7291 2835 32 199 56.000215689668075 3 0 1
OUT 13349 7338 590 -119 292.01878873974465 5 0 1
OUT 8903 6835 489 -85 329.9992722191726 1 0 1
OUT 7917 3613 -109 221 199.0025739359662 2 0 1
Round 67 of 126
tags: MOVE_ONLY
IN 7291 2835 32 199 56.000215689668075 3 0 1
IN 13349 7338 590 -119 292.01878873974465 5 0 1
IN 8903 6835 489 -85 329.9992722191726 1 0 1
IN 7917 3613 -109 221 199.0025739359662 2 0 1
MOV 34855 98961 81
MOV 32139 -90881 27
MOV 11390 5157 64
MOV 5155 2441 12
OUT 7345 3112 46 235 73.9998275844802 3 0 1
OUT 13944 7192 505 -123 280.8302361351793 0 0 1
OUT 9445 6714 460 -102 325.9921261030531 1 0 1
OUT 7797 3829 -102 183 202.99297853325996 2 0 1
Round 68 of 126
tags: ONLY_HIGH_IMPACT SHIELD SINGLE_COLLISION
IN 7345 3112 46 235 73.9998275844802 3 0 1
IN 13944 7192 505 -123 280.8302361351793 0 0 1
IN 9445 6714 460 -102 325.9921261030531 1 0 1
IN 7797 3829 -102 183 202.99297853325996 2 0 1
MOV 44336 96019 200
MOV 1757 -92063 200
MOV 11603 4630 SHIELD
MOV 5401 2024 11
OUT 7318 3293 -44 119 68.28998416112628 3 0 1
OUT 14425 6870 408 -273 262.9999895318871 0 0 1
OUT 9905 6612 391 -86 315.99940067811787 1 3 1
OUT 7834 4245 52 388 216.99213660594944 2 0 1
Round 69 of 126
tags: ENGINE_COOLDOWN
IN 7318 3293 -44 119 68.28998416112628 3 0 1
IN 14425 6870 408 -273 262.9999895318871 0 0 1
IN 9905 6612 391 -86 315.99940067811787 1 3 1
IN 7834 4245 52 388 216.99213660594944 2 0 1
MOV 14294 103049 126
MOV -27837 -83761 200
MOV 12601 5297 122
MOV 5407 2482 200
OUT 7283 3538 -29 207 85.99978226387078 3 0 1
OUT 14748 6416 274 -386 244.99998953188714 0 0 1
OUT 10296 6526 332 -73 333.99874774853015 1 2 1
OUT 7724 4515 -93 229 215.99507508875757 2 0 1
Round 70 of 126
tags: ENGINE_COOLDOWN
IN 7283 3538 -29 207 85.99978226387078 3 0 1
IN 14748 6416 274 -386 244.99998953188714 0 0 1
IN 10296 6526 332 -73 333.99874774853015 1 2 1
IN 7724 4515 -93 229 215.99507508875757 2 0 1
MOV 44744 96256 0
MOV -21205 -86897 200
MOV 12894 5026 9
MOV 5360 2668 200
OUT 7254 3745 -24 175 67.9997822638708 3 0 1
OUT 14950 5843 171 -486 248.928592819824 0 0 1
OUT 10628 6453 282 -62 329.9992722191726 1 1 1
OUT 7473 4621 -213 89 218.00061372204934 2 0 1
Round 71 of 126
tags: ENGINE_COOLDOWN ONLY_HIGH_IMPACT SHIELD SINGLE_COLLISION
IN 7254 3745 -24 175 67.9997822638708 3 0 1
IN 14950 5843 171 -486 248.928592819824 0 0 1
IN 10628 6453 282 -62 329.9992722191726 1 1 1
IN 7473 4621 -213 89 218.00061372204934 2 0 1
MOV 14230 103501 198
MOV -39784 -77848 200
MOV 13277 5045 SHIELD
MOV 5585 2290 21
OUT 7199 3888 -63 36 85.99978226387078 3 0 1
OUT 15012 5190 52 -555 236.81527265552808 0 0 1
OUT 10910 6391 239 -52 332.0084027557911 1 3 1
OUT 7292 4923 -137 341 230.99416011072847 2 0 1
Round 72 of 126
tags: ENGINE_COOLDOWN
IN 7199 3888 -63 36 85.99978226387078 3 0 1
IN 15012 5190 52 -555 236.81527265552808 0 0 1
IN 10910 6391 239 -52 332.0084027557911 1 3 1
IN 7292 4923 -137 341 230.99416011072847 2 0 1
MOV -16993 100918 161
MOV -62703 -57742 95
MOV 13606 5076 200
MOV 4961 3035 200
OUT 7097 4080 -86 163 103.9997822638708 3 0 1
OUT 14990 4575 -18 -522 218.99983696875265 0 0 1
OUT 11149 6339 203 -44 333.99874774853015 1 2 1
OUT 7000 5138 -248 182 219.0058398892715 2 0 1
Round 73 of 126
tags: ENGINE_COOLDOWN HAS_LOW_IMPACT SINGLE_COLLISION
IN 7097 4080 -86 163 103.9997822638708 3 0 1
IN 14990 4575 -18 -522 218.99983696875265 0 0 1
IN 11149 6339 203 -44 333.99874774853015 1 2 1
IN 7000 5138 -248 182 219.0058398892715 2 0 1
MOV -45895 88885 192
MOV -78368 -31262 200
MOV 13693 4749 25
MOV 5366 2622 200
OUT 6912 4399 -93 84 121.9997822638708 3 0 1
OUT 14785 3981 -174 -504 201.00011843648426 0 0 1
OUT 11352 6295 172 -37 327.9946167919165 1 1 1
OUT 6641 5159 -369 204 236.99855051167629 2 0 1
Round 74 of 126
tags: ENGINE_COOLDOWN HAS_LOW_IMPACT SINGLE_COLLISION
IN 6912 4399 -93 84 121.9997822638708 3 0 1
IN 14785 3981 -174 -504 201.00011843648426 0 0 1
IN 11352 6295 172 -37 327.9946167919165 1 1 1
IN 6641 5159 -369 204 236.99855051167629 2 0 1
MOV -69692 68678 200
MOV -77563 -34383 168
MOV 13924 4750 4
MOV 5615 2340 78
OUT 6700 4533 -165 81 139.99973145027408 3 0 1
OUT 14456 3413 -279 -483 202.55939570020763 0 0 1
OUT 11524 6258 146 -31 329.0067686482563 1 0 1
OUT 6211 5369 -379 210 250.00057593816777 2 0 1
Round 75 of 126
tags: MOVE_ONLY
IN 6700 4533 -165 81 139.99973145027408 3 0 1
IN 14456 3413 -279 -483 202.55939570020763 0 0 1
IN 11524 6258 146 -31 329.0067686482563 1 0 1
IN 6211 5369 -379 210 250.00057593816777 2 0 1
MOV -86018 41994 0
MOV -84378 -11814 0
MOV 13888 4411 200
MOV 5284 2516 94
OUT 6535 4614 -140 68 157.99973145027408 3 0 1
OUT 14177 2930 -237 -410 188.75849006204064 0 0 1
OUT 11828 6104 258 -131 321.9993862779507 1 0 1
OUT 5803 5490 -346 102 251.9999254031041 2 0 1
Round 76 of 126
tags: SHIELD
IN 6535 4614 -140 68 157.99973145027408 3 0 1
IN 14177 2930 -237 -410 188.75849006204064 0 0 1
IN 11828 6104 258 -131 321.9993862779507 1 0 1
IN 5803 5490 -346 102 251.9999254031041 2 0 1
MOV -93116 12962 200
MOV -84592 18573 2
MOV 14224 4299 SHIELD
MOV 5803 2490 33
OUT 6196 4699 -288 71 175.21137800571083 3 0 1
OUT 13938 2520 -203 -348 171.0002675513455 0 0 1
OUT 12086 5973 219 -111 323.00786339405056 1 3 1
OUT 5457 5559 -294 58 269.9999254031041 2 0 1
Round 77 of 126
tags: ENGINE_COOLDOWN
IN 6196 4699 -288 71 175.21137800571083 3 0 1
IN 13938 2520 -203 -348 171.0002675513455 0 0 1
IN 12086 5973 219 -111 323.00786339405056 1 3 1
IN 5457 5559 -294 58 269.9999254031041 2 0 1
MOV -85854 43772 200
MOV -85735 10596 0
MOV 13807 3516 65
MOV 6384 2706 146
OUT 5724 4847 -401 126 157.21137800571083 3 0 1
OUT 13735 2172 -172 -295 175.36773156614498 0 0 1
OUT 12305 5862 186 -94 305.00923224639666 1 2 1
OUT 5208 5478 -211 -68 287.9999254031041 2 0 1
Round 78 of 126
tags: ENGINE_COOLDOWN ONLY_HIGH_IMPACT SHIELD SINGLE_COLLISION
IN 5724 4847 -401 126 157.21137800571083 3 0 1
IN 13735 2172 -172 -295 175.36773156614498 0 0 1
IN 12305 5862 186 -94 305.00923224639666 1 2 1
IN 5208 5478 -211 -68 287.9999254031041 2 0 1
MOV -70300 69811 200
MOV -78315 41245 1
MOV 13850 3290 6
MOV 6476 2759 SHIELD
OUT 5690 4465 -14 -342 139.4854613326085 3 0 1
OUT 13562 1877 -146 -250 157.36773156614498 0 0 1
OUT 12491 5768 158 -79 300.99323135174365 1 1 1
OUT 4945 5474 -224 -1 295.00189488530776 2 3 1
Round 79 of 126
tags: ENGINE_COOLDOWN SHIELD
IN 5690 4465 -14 -342 139.4854613326085 3 0 1
IN 13562 1877 -146 -250 157.36773156614498 0 0 1
IN 12491 5768 158 -79 300.99323135174365 1 1 1
IN 4945 5474 -224 -1 295.00189488530776 2 3 1
MOV -86360 43538 13
MOV -71163 54997 0
MOV 13566 2967 SHIELD
MOV 6307 2801 127
OUT 5664 4128 -22 -286 156.9999508620334 3 0 1
OUT 13416 1627 -124 -212 147.9135379127632 1 0 1
OUT 12649 5689 134 -67 290.9963778510633 1 3 1
OUT 4721 5473 -190 0 297.00065470344407 2 2 1
Round 80 of 126
tags: ENGINE_COOLDOWN
IN 5664 4128 -22 -286 156.9999508620334 3 0 1
IN 13416 1627 -124 -212 147.9135379127632 1 0 1
IN 12649 5689 134 -67 290.9963778510633 1 3 1
IN 4721 5473 -190 0 297.00065470344407 2 2 1
MOV -69807 69734 176
MOV -50863 78231 200
MOV 13170 2735 110
MOV 5893 2711 200
OUT 5509 3957 -131 -144 138.99997379112915 3 0 1
OUT 13163 1568 -214 -49 130.00026854972594 1 0 1
OUT 12783 5622 113 -56 280.00244729151154 1 2 1
OUT 4531 5473 -161 0 292.99297853325993 2 1 1
Round 81 of 126
tags: ENGINE_COOLDOWN SHIELD
IN 5509 3957 -131 -144 138.99997379112915 3 0 1
IN 13163 1568 -214 -49 130.00026854972594 1 0 1
IN 12783 5622 113 -56 280.00244729151154 1 2 1
IN 4531 5473 -161 0 292.99297853325993 2 1 1
MOV -45995 89674 177
MOV -36603 88305 200
MOV 13407 2688 SHIELD
MOV 5155 2539 200
OUT 5287 3965 -188 6 121.00001489014785 3 0 1
OUT 12849 1692 -266 105 119.84536980838708 1 0 1
OUT 12896 5566 96 -47 282.0067083094075 1 3 1
OUT 4370 5473 -136 0 282.0067083094075 2 0 1
Round 82 of 126
tags: ENGINE_COOLDOWN
IN 5287 3965 -188 6 121.00001489014785 3 0 1
IN 12849 1692 -266 105 119.84536980838708 1 0 1
IN 12896 5566 96 -47 282.0067083094075 1 3 1
IN 4370 5473 -136 0 282.0067083094075 2 0 1
MOV -70184 69571 0
MOV -61465 68605 200
MOV 13672 2668 123
MOV 5590 2732 200
OUT 5099 3971 -159 5 138.99997379112915 3 0 1
OUT 12435 1931 -352 203 137.8453698083871 1 0 1
OUT 12992 5519 81 -39 284.9904672155597 1 2 1
OUT 4315 5290 -46 -155 293.99351311693886 2 0 1
Round 83 of 126
tags: ENGINE_COOLDOWN
IN 5099 3971 -159 5 138.99997379112915 3 0 1
IN 12435 1931 -352 203 137.8453698083871 1 0 1
IN 12992 5519 81 -39 284.9904672155597 1 2 1
IN 4315 5290 -46 -155 293.99351311693886 2 0 1
MOV -46405 89688 0
MOV -38366 88066 198
MOV 13149 2523 200
MOV 4836 2336 112
OUT 4940 3976 -135 4 121.00001489014785 3 0 1
OUT 11982 2305 -384 317 120.5314016074238 1 0 1
OUT 13073 5480 68 -33 272.9997385891189 1 1 1
OUT 4288 5025 -22 -225 280.00244729151154 2 0 1
Round 84 of 126
tags: ENGINE_COOLDOWN
IN 4940 3976 -135 4 121.00001489014785 3 0 1
IN 11982 2305 -384 317 120.5314016074238 1 0 1
IN 13073 5480 68 -33 272.9997385891189 1 1 1
IN 4288 5025 -22 -225 280.00244729151154 2 0 1
MOV -17555 101413 21
MOV -34036 91088 73
MOV 12812 2491 79
MOV 5696 2376 39
OUT 4800 4000 -118 20 103.00001489014785 3 0 1
OUT 11564 2687 -354 324 117.398608234032 1 0 1
OUT 13141 5447 57 -28 265.0095805494361 1 0 1
OUT 4284 4766 -3 -220 297.9915972442089 2 0 1
Round 85 of 126
tags: ONLY_HIGH_IMPACT SHIELD SINGLE_COLLISION
IN 4800 4000 -118 20 103.00001489014785 3 0 1
IN 11564 2687 -354 324 117.398608234032 1 0 1
IN 13141 5447 57 -28 265.0095805494361 1 0 1
IN 4284 4766 -3 -220 297.9915972442089 2 0 1
MOV -24716 99545 200
MOV -53924 78260 138
MOV 11969 2685 139
MOV 4805 1812 SHIELD
OUT 4973 3727 258 -385 107.16709538351601 3 0 1
OUT 11120 3115 -377 364 130.91065960154273 1 0 1
OUT 13144 5291 2 -132 247.00958054943615 1 0 1
OUT 4246 4594 -43 -130 280.00244729151154 2 3 1
Round 86 of 126
tags: ENGINE_COOLDOWN
IN 4973 3727 258 -385 107.16709538351601 3 0 1
IN 11120 3115 -377 364 130.91065960154273 1 0 1
IN 13144 5291 2 -132 247.00958054943615 1 0 1
IN 4246 4594 -43 -130 280.00244729151154 2 3 1
MOV -52385 85642 0
MOV -42507 87520 139
MOV 11176 3027 200
MOV 4870 1660 23
OUT 5231 3342 219 -327 125.00023443856249 3 0 1
OUT 10668 3596 -383 409 122.42997307143912 1 0 1
OUT 13015 5008 -109 -240 229.00958054943615 1 0 1
OUT 4203 4464 -36 -110 282.0067083094075 2 2 1
Round 87 of 126
tags: ENGINE_COOLDOWN
IN 5231 3342 219 -327 125.00023443856249 3 0 1
IN 10668 3596 -383 409 122.42997307143912 1 0 1
IN 13015 5008 -109 -240 229.00958054943615 1 0 1
IN 4203 4464 -36 -110 282.0067083094075 2 2 1
MOV -74633 63524 198
MOV -51617 81830 116
MOV 10588 3245 51
MOV 5278 1663 30
OUT 5292 3134 51 -176 142.99992708778967 3 0 1
OUT 10213 4096 -386 424 128.5246022411504 1 0 1
OUT 12865 4738 -127 -229 215.99507508875757 1 0 1
OUT 4167 4354 -30 -93 290.9963778510633 2 1 1
Round 88 of 126
tags: ENGINE_COOLDOWN
IN 5292 3134 51 -176 142.99992708778967 3 0 1
IN 10213 4096 -386 424 128.5246022411504 1 0 1
IN 12865 4738 -127 -229 215.99507508875757 1 0 1
IN 4167 4354 -30 -93 290.9963778510633 2 1 1
MOV -89260 35691 0
MOV -73654 58560 0
MOV 10083 3614 200
MOV 6055 2023 200
OUT 5343 2958 43 -149 160.99992658960812 3 0 1
OUT 9827 4520 -328 360 146.52460224115038 2 0 1
OUT 12553 4434 -265 -258 201.99998299830654 1 0 1
OUT 4137 4261 -25 -79 308.9963778510633 2 0 1
Round 89 of 126
tags: MOVE_ONLY
IN 5343 2958 43 -149 160.99992658960812 3 0 1
IN 9827 4520 -328 360 146.52460224115038 2 0 1
IN 12553 4434 -265 -258 201.99998299830654 1 0 1
IN 4137 4261 -25 -79 308.9963778510633 2 0 1
MOV -74521 63140 123
MOV -86766 30402 148
MOV 9560 4225 83
MOV 6653 2627 200
OUT 5288 2883 -46 -63 142.99992708778967 3 0 1
OUT 9356 4919 -400 339 164.5246022411504 2 0 1
OUT 12205 4170 -295 -224 183.99998299830654 1 0 1
OUT 4280 4073 121 -159 326.9963778510633 2 0 1
Round 90 of 126
tags: MOVE_ONLY
IN 5288 2883 -46 -63 142.99992708778967 3 0 1
IN 9356 4919 -400 339 164.5246022411504 2 0 1
IN 12205 4170 -295 -224 183.99998299830654 1 0 1
IN 4280 4073 121 -159 326.9963778510633 2 0 1
MOV -52070 84798 200
MOV -90507 -315 156
MOV 9212 4379 200
MOV 6644 2226 0
OUT 5127 2984 -136 85 125.00023443856249 3 0 1
OUT 8800 5251 -472 282 182.5246022411504 2 0 1
OUT 11710 3960 -420 -178 176.00554263177514 1 0 1
OUT 4401 3914 102 -135 321.9993862779507 2 0 1
Round 91 of 126
tags: SHIELD
IN 5127 2984 -136 85 125.00023443856249 3 0 1
IN 8800 5251 -472 282 182.5246022411504 2 0 1
IN 11710 3960 -420 -178 176.00554263177514 1 0 1
IN 4401 3914 102 -135 321.9993862779507 2 0 1
MOV -24110 98614 16
MOV -84558 -30586 80
MOV 8857 4887 200
MOV 6732 2026 SHIELD
OUT 4986 3084 -119 85 107.00023443856249 3 0 1
OUT 8253 5505 -464 215 200.52460224115038 2 0 1
OUT 11100 3844 -518 -98 161.9999254031041 1 0 1
OUT 4503 3779 86 -114 320.9941601107285 2 3 1
Round 92 of 126
tags: ENGINE_COOLDOWN ONLY_HIGH_IMPACT SHIELD SINGLE_COLLISION
IN 4986 3084 -119 85 107.00023443856249 3 0 1
IN 8253 5505 -464 215 200.52460224115038 2 0 1
IN 11100 3844 -518 -98 161.9999254031041 1 0 1
IN 4503 3779 86 -114 320.9941601107285 2 3 1
MOV -15457 100972 169
MOV -69462 -57427 184
MOV 8281 4870 200
MOV 6767 1811 SHIELD
OUT 5238 2753 254 -339 101.7961477170952 3 0 1
OUT 7645 5605 -516 85 218.5246022411504 2 0 1
OUT 10394 3814 -600 -25 160.00057593816777 1 0 1
OUT 4548 3723 34 -41 319.00093948375275 2 3 1
Round 93 of 126
tags: ENGINE_COOLDOWN
IN 5238 2753 254 -339 101.7961477170952 3 0 1
IN 7645 5605 -516 85 218.5246022411504 2 0 1
IN 10394 3814 -600 -25 160.00057593816777 1 0 1
IN 4548 3723 34 -41 319.00093948375275 2 3 1
MOV -44762 89356 176
MOV -47514 -77806 200
MOV 7675 5082 200
MOV 7221 2361 50
OUT 5405 2567 141 -158 119.7961477170952 3 0 1
OUT 7019 5523 -532 -69 236.52366774581813 2 0 1
OUT 9613 3874 -664 50 154.99810511469224 1 0 1
OUT 4582 3682 28 -34 332.99934529655593 2 2 1
Round 94 of 126
tags: ENGINE_COOLDOWN
IN 5405 2567 141 -158 119.7961477170952 3 0 1
IN 7019 5523 -532 -69 236.52366774581813 2 0 1
IN 9613 3874 -664 50 154.99810511469224 1 0 1
IN 4582 3682 28 -34 332.99934529655593 2 2 1
MOV -15386 100382 159
MOV -18863 -91070 79
MOV 7041 5419 200
MOV 7545 3213 53
OUT 5513 2565 91 -2 101.99987665934505 3 0 1
OUT 6466 5378 -470 -123 254.52366774581813 2 0 1
OUT 8778 4027 -710 130 149.00676864825633 1 0 1
OUT 4610 3648 23 -28 350.99934529655593 2 1 1
Round 95 of 126
tags: ENGINE_COOLDOWN
IN 5513 2565 91 -2 101.99987665934505 3 0 1
IN 6466 5378 -470 -123 254.52366774581813 2 0 1
IN 8778 4027 -710 130 149.00676864825633 1 0 1
IN 4610 3648 23 -28 350.99934529655593 2 1 1
MOV 13397 102254 50
MOV 11700 -94485 157
MOV 6206 5572 13
MOV 7283 2286 77
OUT 5608 2613 80 40 85.47812025290952 3 0 1
OUT 6003 5098 -393 -237 272.52366774581816 2 0 1
OUT 8057 4164 -612 116 149.00676864825633 1 0 1
OUT 4633 3620 19 -23 332.99934529655593 2 0 1
Round 96 of 126
tags: MOVE_ONLY
IN 5608 2613 80 40 85.47812025290952 3 0 1
IN 6003 5098 -393 -237 272.52366774581816 2 0 1
IN 8057 4164 -612 116 149.00676864825633 1 0 1
IN 4633 3620 19 -23 332.99934529655593 2 0 1
MOV -13115 100845 1
MOV 41840 -88260 200
MOV 6089 6428 200
MOV 6931 1692 200
OUT 5688 2654 67 34 100.79113230939367 3 0 1
OUT 5680 4674 -274 -360 290.5236677458181 2 0 1
OUT 7314 4431 -631 226 131.00676864825633 1 0 1
OUT 4805 3468 146 -128 320.0036719378886 2 0 1
Round 97 of 126
tags: MOVE_ONLY
IN 5688 2654 67 34 100.79113230939367 3 0 1
IN 5680 4674 -274 -360 290.5236677458181 2 0 1
IN 7314 4431 -631 226 131.00676864825633 1 0 1
IN 4805 3468 146 -128 320.0036719378886 2 0 1
MOV -42793 90116 10
MOV 68612 -73041 200
MOV 4918 6236 105
MOV 6851 1274 98
OUT 5750 2697 52 36 118.79113230939366 3 0 1
OUT 5531 4158 -127 -438 308.5236677458181 2 0 1
OUT 6599 4720 -607 245 143.00786339405056 1 0 1
OUT 5018 3268 180 -169 313.00086463455546 2 0 1
Round 98 of 126
tags: MULTI_COLLISION ONLY_HIGH_IMPACT SHIELD
IN 5750 2697 52 36 118.79113230939366 3 0 1
IN 5531 4158 -127 -438 308.5236677458181 2 0 1
IN 6599 4720 -607 245 143.00786339405056 1 0 1
IN 5018 3268 180 -169 313.00086463455546 2 0 1
MOV -67385 70897 SHIELD
MOV 89398 -50306 SHIELD
MOV 4878 7177 143
MOV 6823 872 0
OUT 5816 2723 72 11 136.79113230939365 3 3 1
OUT 5418 3749 -79 -310 326.5236677458181 2 3 1
OUT 5910 5082 -585 307 125.00923224639669 1 0 1
OUT 4918 2902 -416 -566 306.99213660594944 2 0 1
Round 99 of 126
tags: ENGINE_COOLDOWN SHIELD
IN 5816 2723 72 11 136.79113230939365 3 3 1
IN 5418 3749 -79 -310 326.5236677458181 2 3 1
IN 5910 5082 -585 307 125.00923224639669 1 0 1
IN 4918 2902 -416 -566 306.99213660594944 2 0 1
MOV -84815 44985 0
MOV 68350 -73966 0
MOV 3826 7240 SHIELD
MOV 7375 1181 0
OUT 5888 2734 61 9 154.79113230939367 3 2 1
OUT 5339 3439 -67 -263 308.9998369687527 2 2 1
OUT 5325 5389 -497 260 134.00059932188213 1 3 1
OUT 4502 2336 -353 -481 324.99076775360334 2 0 1
Round 100 of 126
tags: ENGINE_COOLDOWN
IN 5888 2734 61 9 154.79113230939367 3 2 1
IN 5339 3439 -67 -263 308.9998369687527 2 2 1
IN 5325 5389 -497 260 134.00059932188213 1 3 1
IN 4502 2336 -353 -481 324.99076775360334 2 0 1
MOV -93367 14921 0
MOV 89206 -51025 0
MOV 4010 8085 200
MOV 7371 1459 200
OUT 5949 2743 51 7 172.79113230939365 3 1 1
OUT 5272 3176 -56 -223 326.9998369687527 2 1 1
OUT 4828 5649 -422 221 116.00125225146986 1 2 1
OUT 4340 1796 -137 -458 342.99076775360334 2 0 1
Round 101 of 126
tags: ENGINE_COOLDOWN HAS_LOW_IMPACT SINGLE_COLLISION
IN 5949 2743 51 7 172.79113230939365 3 1 1
IN 5272 3176 -56 -223 326.9998369687527 2 1 1
IN 4828 5649 -422 221 116.00125225146986 1 2 1
IN 4340 1796 -137 -458 342.99076775360334 2 0 1
MOV -92214 -16338 0
MOV 101865 -22706 0
MOV 3851 8486 132
MOV 7340 1848 200
OUT 6100 2692 140 -50 190.79113230939365 3 0 1
OUT 5116 3011 -144 -132 344.9998369687526 2 0 1
OUT 4406 5870 -358 187 109.00257393596623 1 1 1
OUT 4403 1341 53 -386 0.9907677536033112 2 0 1
Round 102 of 126
tags: ENGINE_COOLDOWN
IN 6100 2692 140 -50 190.79113230939365 3 0 1
IN 5116 3011 -144 -132 344.9998369687526 2 0 1
IN 4406 5870 -358 187 109.00257393596623 1 1 1
IN 4403 1341 53 -386 0.9907677536033112 2 0 1
MOV -81362 -45789 200
MOV 105097 4983 192
MOV 3186 8611 200
MOV 7240 2318 57
OUT 6065 2546 -29 -124 208.79113230939367 3 0 1
OUT 5164 2883 40 -108 1.1299409782640049 2 0 1
OUT 4048 6057 -304 158 113.99351311693889 1 0 1
OUT 4510 974 90 -312 18.99076775360331 2 0 1
Round 103 of 126
tags: SHIELD
IN 6065 2546 -29 -124 208.79113230939367 3 0 1
IN 5164 2883 40 -108 1.1299409782640049 2 0 1
IN 4048 6057 -304 158 113.99351311693889 1 0 1
IN 4510 974 90 -312 18.99076775360331 2 0 1
MOV -62135 -70589 200
MOV 105085 6868 52
MOV 2041 8286 SHIELD
MOV 7108 2474 200
OUT 5899 2276 -141 -229 226.79113230939367 3 0 1
OUT 5256 2777 78 -90 2.283831672185674 2 0 1
OUT 3744 6215 -258 134 131.99351311693886 1 3 1
OUT 4773 762 223 -180 30.000727780827372 2 0 1
Round 104 of 126
tags: ENGINE_COOLDOWN HAS_LOW_IMPACT SINGLE_COLLISION
IN 5899 2276 -141 -229 226.79113230939367 3 0 1
IN 5256 2777 78 -90 2.283831672185674 2 0 1
IN 3744 6215 -258 134 131.99351311693886 1 3 1
IN 4773 762 223 -180 30.000727780827372 2 0 1
MOV -57972 -74669 188
MOV 101382 -24787 137
MOV 1348 8020 48
MOV 6780 2991 105
OUT 5793 1770 -80 -438 230.30439500105206 3 0 1
OUT 5311 2782 36 12 344.28383167218567 2 0 1
OUT 3486 6349 -219 113 143.00786339405056 1 2 1
OUT 5066 660 249 -86 48.00000872671779 2 0 1
Round 105 of 126
tags: ENGINE_COOLDOWN ONLY_HIGH_IMPACT SINGLE_COLLISION
IN 5793 1770 -80 -438 230.30439500105206 3 0 1
IN 5311 2782 36 12 344.28383167218567 2 0 1
IN 3486 6349 -219 113 143.00786339405056 1 2 1
IN 5066 660 249 -86 48.00000872671779 2 0 1
MOV -68772 -64863 199
MOV 88215 -53137 0
MOV 649 7326 4
MOV 7150 2818 13
OUT 5625 1326 45 17 221.78470689901084 3 0 1
OUT 5347 2794 30 10 326.28383167218567 2 0 1
OUT 3267 6462 -186 96 160.9974260640338 1 1 1
OUT 5264 457 -20 -567 45.99940067811789 2 0 1
Round 106 of 126
tags: ENGINE_COOLDOWN
IN 5625 1326 45 17 221.78470689901084 3 0 1
IN 5347 2794 30 10 326.28383167218567 2 0 1
IN 3267 6462 -186 96 160.9974260640338 1 1 1
IN 5264 457 -20 -567 45.99940067811789 2 0 1
MOV -80036 -50271 0
MOV 66913 -76007 73
MOV 304 6931 119
MOV 6985 2914 200
OUT 5670 1343 38 14 211.06221427241528 3 0 1
OUT 5422 2747 63 -40 308.28383167218567 2 0 1
OUT 3081 6558 -158 81 171.0055290226987 1 0 1
OUT 5359 54 80 -342 54.99076775360331 2 0 1
Round 107 of 126
tags: SHIELD
IN 5670 1343 38 14 211.06221427241528 3 0 1
IN 5422 2747 63 -40 308.28383167218567 2 0 1
IN 3081 6558 -158 81 171.0055290226987 1 0 1
IN 5359 54 80 -342 54.99076775360331 2 0 1
MOV -59936 -74128 0
MOV 39624 -91222 0
MOV 118 6089 SHIELD
MOV 6236 2923 120
OUT 5708 1357 32 11 228.99997379112912 3 0 1
OUT 5485 2707 53 -34 290.28383167218567 2 0 1
OUT 2923 6639 -134 68 188.9944709773013 1 3 1
OUT 5474 -173 97 -193 72.99076775360332 2 0 1
Round 108 of 126
tags: ENGINE_COOLDOWN
IN 5708 1357 32 11 228.99997379112912 3 0 1
IN 5485 2707 53 -34 290.28383167218567 2 0 1
IN 2923 6639 -134 68 188.9944709773013 1 3 1
IN 5474 -173 97 -193 72.99076775360332 2 0 1
MOV -33365 -90693 0
MOV 8975 -97232 200
MOV 39 5812 200
MOV 7195 2284 84
OUT 5740 1368 27 9 246.99995086203336 3 0 1
OUT 5546 2473 51 -198 272.28383167218567 2 0 1
OUT 2789 6707 -113 57 196.00048293503286 1 2 1
OUT 5619 -297 123 -105 54.99076775360332 2 0 1
Round 109 of 126
tags: ENGINE_COOLDOWN ONLY_HIGH_IMPACT SHIELD SINGLE_COLLISION
IN 5740 1368 27 9 246.99995086203336 3 0 1
IN 5546 2473 51 -198 272.28383167218567 2 0 1
IN 2789 6707 -113 57 196.00048293503286 1 2 1
IN 5619 -297 123 -105 54.99076775360332 2 0 1
MOV -2976 -98251 SHIELD
MOV -22018 -93653 199
MOV 302 5029 SHIELD
MOV 6694 2504 116
OUT 5770 1367 38 -48 264.9997335438043 3 3 1
OUT 5514 2187 -161 226 254.28383167218567 3 0 1
OUT 2676 6764 -96 48 214.00048293503284 1 3 1
OUT 5784 -294 139 2 69.0036221489367 2 0 1
Round 110 of 126
tags: ENGINE_COOLDOWN
IN 5770 1367 38 -48 264.9997335438043 3 3 1
IN 5514 2187 -161 226 254.28383167218567 3 0 1
IN 2676 6764 -96 48 214.00048293503284 1 3 1
IN 5784 -294 139 2 69.0036221489367 2 0 1
MOV 28265 -96070 0
MOV -50405 -80717 0
MOV 829 4400 67
MOV 6761 2543 200
OUT 5808 1319 32 -40 282.9997335438043 3 2 1
OUT 5353 2413 -136 192 236.28383167218567 3 0 1
OUT 2580 6812 -81 40 231.99938627795066 1 2 1
OUT 5988 -103 173 162 70.99742606403377 2 0 1
Round 111 of 126
tags: ENGINE_COOLDOWN
IN 5808 1319 32 -40 282.9997335438043 3 2 1
IN 5353 2413 -136 192 236.28383167218567 3 0 1
IN 2580 6812 -81 40 231.99938627795066 1 2 1
IN 5988 -103 173 162 70.99742606403377 2 0 1
MOV 57312 -84398 0
MOV -73448 -59153 0
MOV 459 4691 78
MOV 7112 2679 200
OUT 5840 1279 27 -34 300.9997335438043 3 1 1
OUT 5217 2605 -115 163 218.28383167218567 3 0 1
OUT 2499 6852 -68 34 225.0 1 1 1
OUT 6236 244 210 295 68.00001700169346 2 0 1
Round 112 of 126
tags: ENGINE_COOLDOWN
IN 5840 1279 27 -34 300.9997335438043 3 1 1
IN 5217 2605 -115 163 218.28383167218567 3 0 1
IN 2499 6852 -68 34 225.0 1 1 1
IN 6236 244 210 295 68.00001700169346 2 0 1
MOV 81311 -64327 0
MOV -88752 -31597 36
MOV 492 4623 103
MOV 6705 3207 16
OUT 5867 1245 22 -28 318.9997335438043 3 0 1
OUT 5068 2756 -126 127 200.28383167218567 3 0 1
OUT 2431 6886 -57 28 228.0000087267178 1 0 1
OUT 6449 555 180 264 81.00552902269868 2 0 1
Round 113 of 126
tags: ONLY_HIGH_IMPACT SINGLE_COLLISION
IN 5867 1245 22 -28 318.9997335438043 3 0 1
IN 5068 2756 -126 127 200.28383167218567 3 0 1
IN 2431 6886 -57 28 228.0000087267178 1 0 1
IN 6449 555 180 264 81.00552902269868 2 0 1
MOV 97917 -37828 200
MOV -94871 -734 161
MOV 273 4802 117
MOV 5980 3518 4
OUT 5943 1266 4 76 336.9997335438043 3 0 1
OUT 4781 2877 -243 102 182.28383167218567 3 0 1
OUT 2290 6833 -119 -45 224.0005993218821 1 0 1
OUT 6759 696 323 61 98.99447097730133 2 0 1
Round 114 of 126
tags: MOVE_ONLY
IN 5943 1266 4 76 336.9997335438043 3 0 1
IN 4781 2877 -243 102 182.28383167218567 3 0 1
IN 2290 6833 -119 -45 224.0005993218821 1 0 1
IN 6759 696 323 61 98.99447097730133 2 0 1
MOV 105103 -11666 172
MOV -91345 30441 32
MOV 882 4184 142
MOV 5782 3533 109
OUT 6118 1320 148 45 352.5696789184087 3 0 1
OUT 4507 2988 -232 94 164.28383167218567 3 0 1
OUT 2104 6663 -157 -144 242.00059932188213 1 0 1
OUT 7047 860 244 139 109.00257393596623 2 0 1
Round 115 of 126
tags: SHIELD
IN 6118 1320 148 45 352.5696789184087 3 0 1
IN 4507 2988 -232 94 164.28383167218567 3 0 1
IN 2104 6663 -157 -144 242.00059932188213 1 0 1
IN 7047 860 244 139 109.00257393596623 2 0 1
MOV 104281 20401 69
MOV -78397 58907 127
MOV 1378 3752 SHIELD
MOV 5242 3256 145
OUT 6334 1378 183 49 10.569678918408703 3 0 1
OUT 4169 3152 -286 139 146.28383167218567 3 0 1
OUT 1947 6519 -133 -122 255.9961793626136 1 3 1
OUT 7204 1115 133 216 126.99213660594944 2 0 1
Round 116 of 126
tags: ENGINE_COOLDOWN ONLY_HIGH_IMPACT SINGLE_COLLISION
IN 6334 1378 183 49 10.569678918408703 3 0 1
IN 4169 3152 -286 139 146.28383167218567 3 0 1
IN 1947 6519 -133 -122 255.9961793626136 1 3 1
IN 7204 1115 133 216 126.99213660594944 2 0 1
MOV 105456 14601 200
MOV -57397 81953 172
MOV 1842 3521 0
MOV 4747 2836 90
OUT 6472 1518 27 142 7.598467438835227 3 0 1
OUT 3776 3426 -333 232 128.28383167218567 3 0 1
OUT 1814 6397 -113 -103 267.9941298123925 1 2 1
OUT 7507 1318 346 148 144.9907677536033 2 0 1
Round 117 of 126
tags: ENGINE_COOLDOWN
IN 6472 1518 27 142 7.598467438835227 3 0 1
IN 3776 3426 -333 232 128.28383167218567 3 0 1
IN 1814 6397 -113 -103 267.9941298123925 1 2 1
IN 7507 1318 346 148 144.9907677536033 2 0 1
MOV 96351 45355 0
MOV -30426 97395 200
MOV 2641 3513 108
MOV 4834 2680 200
OUT 6499 1660 22 120 25.59846743883523 3 0 1
OUT 3374 3846 -341 356 110.28383167218567 3 0 1
OUT 1701 6294 -96 -87 285.99412981239254 1 1 1
OUT 7675 1557 142 202 152.99934529655593 2 0 1
Round 118 of 126
tags: ENGINE_COOLDOWN
IN 6499 1660 22 120 25.59846743883523 3 0 1
IN 3374 3846 -341 356 110.28383167218567 3 0 1
IN 1701 6294 -96 -87 285.99412981239254 1 1 1
IN 7675 1557 142 202 152.99934529655593 2 0 1
MOV 78433 71126 50
MOV -14652 102208 179
MOV 3379 3807 116
MOV 4822 2484 200
OUT 6557 1814 49 131 43.598467438835236 3 0 1
OUT 3001 4378 -317 452 100.38489407856248 3 0 1
OUT 1605 6207 -81 -73 303.9941298123925 1 0 1
OUT 7627 1821 -40 224 161.9999254031041 2 0 1
Round 119 of 126
tags: ONLY_HIGH_IMPACT SHIELD SINGLE_COLLISION
IN 6557 1814 49 131 43.598467438835236 3 0 1
IN 3001 4378 -317 452 100.38489407856248 3 0 1
IN 1605 6207 -81 -73 303.9941298123925 1 0 1
IN 7627 1821 -40 224 161.9999254031041 2 0 1
MOV 96298 45933 SHIELD
MOV -34197 97202 199
MOV 3834 4200 84
MOV 4638 2082 200
OUT 6604 1945 0 105 26.179926514529 3 3 1
OUT 2610 5015 -332 541 111.83779680624401 4 0 1
OUT 1586 6078 -15 -109 318.0000087267178 1 0 1
OUT 7405 2065 209 264 175.00958054943618 2 0 1
Round 120 of 126
tags: ENGINE_COOLDOWN ONLY_HIGH_IMPACT SINGLE_COLLISION
IN 6604 1945 0 105 26.179926514529 3 3 1
IN 2610 5015 -332 541 111.83779680624401 4 0 1
IN 1586 6078 -15 -109 318.0000087267178 1 0 1
IN 7405 2065 209 264 175.00958054943618 2 0 1
MOV 78538 71411 0
MOV -4366 104771 30
MOV 3780 4032 118
MOV 4427 1699 200
OUT 6604 2050 0 89 44.00005921495631 3 2 1
OUT 2373 5526 254 153 94.00021773612922 4 0 1
OUT 1560 5949 -477 170 316.99913536544454 1 0 1
OUT 7415 2305 8 203 187.00658787036284 2 0 1
Round 121 of 126
tags: ENGINE_COOLDOWN SHIELD
IN 6604 2050 0 89 44.00005921495631 3 2 1
IN 2373 5526 254 153 94.00021773612922 4 0 1
IN 1560 5949 -477 170 316.99913536544454 1 0 1
IN 7415 2305 8 203 187.00658787036284 2 0 1
MOV 64658 83473 SHIELD
MOV 26565 102556 200
MOV 4279 4681 91
MOV 4578 1328 23
OUT 6604 2139 0 75 54.51141016134211 3 3 1
OUT 2675 5873 257 295 76.00021773612922 4 0 1
OUT 1165 6081 -335 111 334.99810511469224 1 0 1
OUT 7401 2501 -11 166 199.0025739359662 2 0 1
Round 122 of 126
tags: ENGINE_COOLDOWN ONLY_HIGH_IMPACT SHIELD SINGLE_COLLISION
IN 6604 2139 0 75 54.51141016134211 3 3 1
IN 2675 5873 257 295 76.00021773612922 4 0 1
IN 1165 6081 -335 111 334.99810511469224 1 0 1
IN 7401 2501 -11 166 199.0025739359662 2 0 1
MOV 72226 77596 SHIELD
MOV 55667 90678 200
MOV 3814 4673 98
MOV 4503 1725 200
OUT 6590 2206 -21 51 48.987792608832095 3 3 1
OUT 3038 6338 308 394 58.000217736129215 4 0 1
OUT 917 6146 -211 55 332.0084027557911 1 0 1
OUT 7337 2691 45 215 194.9904672155597 2 0 1
Round 123 of 126
tags: ENGINE_COOLDOWN
IN 6590 2206 -21 51 48.987792608832095 3 3 1
IN 3038 6338 308 394 58.000217736129215 4 0 1
IN 917 6146 -211 55 332.0084027557911 1 0 1
IN 7337 2691 45 215 194.9904672155597 2 0 1
MOV 45663 94256 0
MOV 79642 70617 140
MOV 3871 5625 200
MOV 4426 1965 94
OUT 6569 2257 -17 43 66.98779260883208 3 2 1
OUT 3453 6822 352 411 40.00026854972594 4 0 1
OUT 903 6166 -11 17 349.99755270848846 1 0 1
OUT 7291 2883 -39 163 194.0038206373864 2 0 1
Round 124 of 126
tags: ENGINE_COOLDOWN
IN 6569 2257 -17 43 66.98779260883208 3 2 1
IN 3453 6822 352 411 40.00026854972594 4 0 1
IN 903 6166 -11 17 349.99755270848846 1 0 1
IN 7291 2883 -39 163 194.0038206373864 2 0 1
MOV 15285 101876 0
MOV 96171 44283 199
MOV 3874 6584 78
MOV 4490 1808 56
OUT 6552 2300 -14 36 84.9877926088321 3 1 1
OUT 3990 7308 456 412 22.000268549725938 4 0 1
OUT 969 6194 56 23 7.9975527084884614 1 0 1
OUT 7200 3026 -77 121 200.9963778510633 2 0 1
Round 125 of 126
tags: ENGINE_COOLDOWN
IN 6552 2300 -14 36 84.9877926088321 3 1 1
IN 3990 7308 456 412 22.000268549725938 4 0 1
IN 969 6194 56 23 7.9975527084884614 1 0 1
IN 7200 3026 -77 121 200.9963778510633 2 0 1
MOV -147 102075 0
MOV 103746 14284 200
MOV 3953 5880 200
MOV 4347 2099 29
OUT 6538 2336 -11 30 93.84113486953869 3 0 1
OUT 4646 7734 557 362 4.000268549725936 4 0 1
OUT 1224 6196 216 1 353.9929930579088 1 0 1
OUT 7095 3138 -88 95 198.0000745968959 2 0 1
Round 126 of 126
tags: HAS_LOW_IMPACT SINGLE_COLLISION
IN 6538 2336 -11 30 93.84113486953869 3 0 1
IN 4646 7734 557 362 4.000268549725936 4 0 1
IN 1224 6196 216 1 353.9929930579088 1 0 1
IN 7095 3138 -88 95 198.0000745968959 2 0 1
MOV 30730 99366 200
MOV 102521 -12770 200
MOV 4208 6510 51
MOV 4497 1638 72
OUT 6542 2505 -74 17 76.00016462160755 3 0 1
OUT 5399 8055 639 272 348.1681171539851 4 0 1
OUT 1491 6202 226 5 6.00700694209121 1 0 1
OUT 6978 3252 -21 223 210.00072778082736 2 0 1
