Replay between sethorizer and Jeff06
where Jeff06 wins!
Round 1 of 240
tags: MOVE_ONLY
IN 13491 5431 0 0 228 0 0
IN 14159 4687 0 0 215 0 0
IN 12823 6175 0 0 280 0 0
IN 14827 3943 0 0 202 0 0
MOV 12164 3934 200
MOV 12527 3531 200
MOV 30188 -92306 31
MOV -77891 -33518 200
OUT 13358 5281 -112 -127 228 0 0
OUT 13996 4571 -138 -98 215 0 0
OUT 12828 6144 4 -25 280 0 0
OUT 14642 3868 -157 -63 202 0 0
Round 2 of 240
tags: MOVE_ONLY
IN 13358 5281 -112 -127 228 0 0
IN 13996 4571 -138 -98 215 0 0
IN 12828 6144 4 -25 280 0 0
IN 14642 3868 -157 -63 202 0 0
MOV 12234 3627 200
MOV 12792 2974 200
MOV 14573 -93841 50
MOV -77408 -35205 158
OUT 13134 4989 -190 -248 236 0 0
OUT 13738 4313 -219 -219 233 0 0
OUT 12833 6069 4 -63 271 0 0
OUT 14340 3743 -257 -106 203 0 0
Round 3 of 240
tags: HAS_LOW_IMPACT MULTI_COLLISION SHIELD
IN 13134 4989 -190 -248 236 0 0
IN 13738 4313 -219 -219 233 0 0
IN 12833 6069 4 -63 271 0 0
IN 14340 3743 -257 -106 203 0 0
MOV 12583 3066 177
MOV 12119 3139 200
MOV 9343 -93870 200
MOV -75539 -40094 SHIELD
OUT 12826 4656 -398 -115 254 0 0
OUT 13333 3947 -388 -370 216 0 0
OUT 12830 5806 -2 -223 268 0 0
OUT 14092 3631 -192 -105 206 3 0
Round 4 of 240
tags: BOOST ENGINE_COOLDOWN MULTI_COLLISION ONLY_HIGH_IMPACT
IN 12826 4656 -398 -115 254 0 0
IN 13333 3947 -388 -370 216 0 0
IN 12830 5806 -2 -223 268 0 0
IN 14092 3631 -192 -105 206 3 0
MOV 12896 2657 149
MOV 11436 3313 200
MOV -21372 -88163 BOOST
MOV -79266 -32206 200
OUT 12389 4225 -542 -394 272 0 0
OUT 12772 3481 -346 -654 198 0 0
OUT 12633 5172 -127 -253 250 0 1
OUT 13900 3526 -163 -89 201 2 0
Round 5 of 240
tags: ENGINE_COOLDOWN
IN 12389 4225 -542 -394 272 0 0
IN 12772 3481 -346 -654 198 0 0
IN 12633 5172 -127 -253 250 0 1
IN 13900 3526 -163 -89 201 2 0
MOV 13073 2346 0
MOV 10772 3481 72
MOV -28041 -86183 183
MOV -85963 -1708 132
OUT 11847 3831 -460 -334 290 0 0
OUT 12354 2826 -355 -556 180 0 0
OUT 12432 4752 -171 -357 246 0 1
OUT 13737 3437 -138 -75 183 1 0
Round 6 of 240
tags: ENGINE_COOLDOWN
IN 11847 3831 -460 -334 290 0 0
IN 12354 2826 -355 -556 180 0 0
IN 12432 4752 -171 -357 246 0 1
IN 13737 3437 -138 -75 183 1 0
MOV 13075 2252 0
MOV 10452 3444 200
MOV -44926 -77163 200
MOV -86126 -1797 200
OUT 11387 3497 -391 -283 308 0 0
OUT 11808 2330 -463 -421 162 0 0
OUT 12146 4231 -242 -442 235 0 1
OUT 13599 3362 -117 -63 183 0 0
Round 7 of 240
tags: MOVE_ONLY
IN 11387 3497 -391 -283 308 0 0
IN 11808 2330 -463 -421 162 0 0
IN 12146 4231 -242 -442 235 0 1
IN 13599 3362 -117 -63 183 0 0
MOV 13045 2379 56
MOV 10190 3506 200
MOV -67718 -55951 177
MOV -86157 -3614 200
OUT 11042 3183 -292 -267 326 0 0
OUT 11182 2025 -531 -259 144 0 0
OUT 11763 3682 -325 -466 217 0 1
OUT 13282 3285 -269 -65 184 0 0
Round 8 of 240
tags: ONLY_HIGH_IMPACT SHIELD SINGLE_COLLISION
IN 11042 3183 -292 -267 326 0 0
IN 11182 2025 -531 -259 144 0 0
IN 11763 3682 -325 -466 217 0 1
IN 13282 3285 -269 -65 184 0 0
MOV 12965 2632 34
MOV 10000 3638 200
MOV -82789 -28875 SHIELD
MOV -79436 -34176 180
OUT 10660 2834 -423 -355 344 0 0
OUT 10532 1927 -552 -83 126 0 0
OUT 11450 3223 -255 -384 199 3 1
OUT 12846 3153 -370 -112 202 0 0
Round 9 of 240
tags: ENGINE_COOLDOWN HAS_LOW_IMPACT MULTI_COLLISION
IN 10660 2834 -423 -355 344 0 0
IN 10532 1927 -552 -83 126 0 0
IN 11450 3223 -255 -384 199 3 1
IN 12846 3153 -370 -112 202 0 0
MOV 12659 2904 169
MOV 9914 3829 200
MOV -86713 -15858 67
MOV -83280 -24411 200
OUT 10401 2671 -311 -95 2 0 0
OUT 9849 1822 -606 -172 108 0 0
OUT 11268 2864 -37 -264 191 2 1
OUT 12284 2986 -477 -142 196 0 0
Round 10 of 240
tags: ENGINE_COOLDOWN ONLY_HIGH_IMPACT SINGLE_COLLISION
IN 10401 2671 -311 -95 2 0 0
IN 9849 1822 -606 -172 108 0 0
IN 11268 2864 -37 -264 191 2 1
IN 12284 2986 -477 -142 196 0 0
MOV 12324 2120 0
MOV 9849 3822 200
MOV -87987 15051 0
MOV -86197 -14379 156
OUT 10090 2576 -264 -80 344 0 0
OUT 9241 1850 -516 23 90 0 0
OUT 10895 2532 -500 -319 173 1 1
OUT 11989 2885 -67 -48 190 0 0
Round 11 of 240
tags: ENGINE_COOLDOWN ONLY_HIGH_IMPACT SINGLE_COLLISION
IN 10090 2576 -264 -80 344 0 0
IN 9241 1850 -516 23 90 0 0
IN 10895 2532 -500 -319 173 1 1
IN 11989 2885 -67 -48 190 0 0
MOV 11775 1499 23
MOV 9633 3811 200
MOV -79736 44794 199
MOV -87874 -2349 200
OUT 9611 2498 -412 -65 327 0 0
OUT 8764 2069 -405 186 79 0 0
OUT 10629 2198 -220 -283 155 0 1
OUT 11722 2827 -226 -49 183 0 0
Round 12 of 240
tags: MOVE_ONLY
IN 9611 2498 -412 -65 327 0 0
IN 8764 2069 -405 186 79 0 0
IN 10629 2198 -220 -283 155 0 1
IN 11722 2827 -226 -49 183 0 0
MOV 11275 1389 180
MOV 9597 3887 200
MOV -80726 42872 160
MOV -87897 11543 200
OUT 9349 2333 -222 -140 326 0 0
OUT 8442 2437 -273 312 65 0 0
OUT 10263 1980 -311 -185 156 0 1
OUT 11297 2795 -361 -26 175 0 0
Round 13 of 240
tags: ONLY_HIGH_IMPACT SINGLE_COLLISION
IN 9349 2333 -222 -140 326 0 0
IN 8442 2437 -273 312 65 0 0
IN 10263 1980 -311 -185 156 0 1
IN 11297 2795 -361 -26 175 0 0
MOV 11272 1782 153
MOV 8787 4407 0
MOV -64051 68893 200
MOV -80753 41868 197
OUT 9064 2234 -384 -27 344 0 0
OUT 8169 2749 -232 265 80 0 0
OUT 10014 1845 -69 -170 138 0 1
OUT 10755 2846 -460 43 157 0 0
Round 14 of 240
tags: MOVE_ONLY
IN 9064 2234 -384 -27 344 0 0
IN 8169 2749 -232 265 80 0 0
IN 10014 1845 -69 -170 138 0 1
IN 10755 2846 -460 43 157 0 0
MOV 11063 2304 200
MOV 9108 4515 200
MOV -81341 42519 200
MOV -64716 68452 200
OUT 8880 2214 -156 -17 2 0 0
OUT 8031 3191 -117 375 62 0 0
OUT 9762 1756 -213 -75 156 0 1
OUT 10144 3020 -519 148 139 0 0
Round 15 of 240
tags: ONLY_HIGH_IMPACT SINGLE_COLLISION
IN 8880 2214 -156 -17 2 0 0
IN 8031 3191 -117 375 62 0 0
IN 9762 1756 -213 -75 156 0 1
IN 10144 3020 -519 148 139 0 0
MOV 10879 2142 200
MOV 9457 4594 150
MOV -89690 12209 200
MOV -41360 88737 200
OUT 8789 2289 -202 155 358 0 0
OUT 8021 3671 -8 408 45 0 0
OUT 9485 1603 -110 -221 174 0 1
OUT 9522 3339 -528 271 121 0 0
Round 16 of 240
tags: MOVE_ONLY
IN 8789 2289 -202 155 358 0 0
IN 8021 3671 -8 408 45 0 0
IN 9485 1603 -110 -221 174 0 1
IN 9522 3339 -528 271 121 0 0
MOV 10712 2840 4
MOV 9803 4579 200
MOV -89967 12056 196
MOV -12973 100776 198
OUT 8591 2445 -168 132 16 0 0
OUT 8191 4170 144 423 27 0 0
OUT 9180 1402 -259 -170 174 0 1
OUT 8949 3803 -486 394 103 0 0
Round 17 of 240
tags: ONLY_HIGH_IMPACT SHIELD SINGLE_COLLISION
IN 8591 2445 -168 132 16 0 0
IN 8191 4170 144 423 27 0 0
IN 9180 1402 -259 -170 174 0 1
IN 8949 3803 -486 394 103 0 0
MOV 10249 3563 200
MOV 10166 4483 200
MOV -82175 42076 200
MOV 17665 103422 SHIELD
OUT 8589 2689 -1 207 34 0 0
OUT 7463 5183 -675 891 9 0 0
OUT 8738 1313 -375 -75 156 0 1
OUT 8570 4141 -316 284 85 3 0
Round 18 of 240
tags: ENGINE_COOLDOWN SHIELD
IN 8589 2689 -1 207 34 0 0
IN 7463 5183 -675 891 9 0 0
IN 8738 1313 -375 -75 156 0 1
IN 8570 4141 -316 284 85 3 0
MOV 9820 4265 SHIELD
MOV 9438 4870 200
MOV -65576 68226 0
MOV 47643 96191 88
OUT 8588 2896 0 175 52 3 0
OUT 6986 6043 -405 730 351 0 0
OUT 8363 1238 -318 -63 138 0 1
OUT 8254 4425 -268 241 67 2 0
Round 19 of 240
tags: ENGINE_COOLDOWN SHIELD
IN 8588 2896 0 175 52 3 0
IN 6986 6043 -405 730 351 0 0
IN 8363 1238 -318 -63 138 0 1
IN 8254 4425 -268 241 67 2 0
MOV 9272 4775 SHIELD
MOV 8768 5135 200
MOV -41637 87841 0
MOV 47327 96475 200
OUT 8588 3071 0 148 70 3 0
OUT 6759 6682 -192 543 333 0 0
OUT 8045 1175 -270 -53 120 0 1
OUT 7986 4666 -227 204 67 1 0
Round 20 of 240
tags: ENGINE_COOLDOWN
IN 8588 3071 0 148 70 3 0
IN 6759 6682 -192 543 333 0 0
IN 8045 1175 -270 -53 120 0 1
IN 7986 4666 -227 204 67 1 0
MOV 8658 5070 34
MOV 8173 5268 135
MOV -12746 98990 0
MOV 38888 99772 200
OUT 8588 3219 0 125 88 2 0
OUT 6662 7130 -82 380 315 0 0
OUT 7775 1122 -229 -45 102 0 1
OUT 7759 4870 -192 173 72 0 0
Round 21 of 240
tags: ENGINE_COOLDOWN
IN 8588 3219 0 125 88 2 0
IN 6662 7130 -82 380 315 0 0
IN 7775 1122 -229 -45 102 0 1
IN 7759 4870 -192 173 72 0 0
MOV 8861 5200 171
MOV 8444 6222 200
MOV 18228 100574 87
MOV 48433 96225 200
OUT 8588 3344 0 106 82 1 0
OUT 6758 7419 81 245 333 0 0
OUT 7555 1164 -186 35 84 0 1
OUT 7648 5226 -94 302 66 0 0
Round 22 of 240
tags: ENGINE_COOLDOWN
IN 8588 3344 0 106 82 1 0
IN 6758 7419 81 245 333 0 0
IN 7555 1164 -186 35 84 0 1
IN 7648 5226 -94 302 66 0 0
MOV 8244 5314 200
MOV 8172 6005 200
MOV 11045 101103 90
MOV 45109 97944 200
OUT 8588 3450 0 90 100 0 0
OUT 6980 7523 189 88 315 0 0
OUT 7372 1289 -155 106 88 0 1
OUT 7629 5713 -16 414 68 0 0
Round 23 of 240
tags: MOVE_ONLY
IN 8588 3450 0 90 100 0 0
IN 6980 7523 189 88 315 0 0
IN 7372 1289 -155 106 88 0 1
IN 7629 5713 -16 414 68 0 0
MOV 7754 5268 200
MOV 8574 6315 200
MOV 17825 100741 0
MOV 14605 105469 200
OUT 8505 3722 -70 231 115 0 0
OUT 7328 7490 296 -27 323 0 0
OUT 7217 1395 -131 90 84 0 1
OUT 7627 6327 -1 521 86 0 0
Round 24 of 240
tags: ONLY_HIGH_IMPACT SHIELD SINGLE_COLLISION
IN 8505 3722 -70 231 115 0 0
IN 7328 7490 296 -27 323 0 0
IN 7217 1395 -131 90 84 0 1
IN 7627 6327 -1 521 86 0 0
MOV 8261 5707 180
MOV 8475 5852 200
MOV -13574 99210 0
MOV 45088 99045 SHIELD
OUT 8413 4132 -78 348 97 0 0
OUT 7667 7956 223 993 305 0 0
OUT 7086 1485 -111 76 102 0 1
OUT 7633 6782 11 327 68 3 0
Round 25 of 240
tags: ENGINE_COOLDOWN
IN 8413 4132 -78 348 97 0 0
IN 7667 7956 223 993 305 0 0
IN 7086 1485 -111 76 102 0 1
IN 7633 6782 11 327 68 3 0
MOV 8795 6095 176
MOV 9263 6751 200
MOV 17539 100937 0
MOV 71912 83386 118
OUT 8369 4653 -37 442 79 0 0
OUT 8050 8828 325 741 323 0 0
OUT 6975 1561 -94 64 84 0 1
OUT 7644 7109 9 277 50 2 0
Round 26 of 240
tags: ENGINE_COOLDOWN
IN 8369 4653 -37 442 79 0 0
IN 8050 8828 325 741 323 0 0
IN 6975 1561 -94 64 84 0 1
IN 7644 7109 9 277 50 2 0
MOV 9339 6402 19
MOV 9689 7682 200
MOV 47649 92916 71
MOV 92449 60101 200
OUT 8341 5112 -23 389 61 0 0
OUT 8539 9454 415 532 325 0 0
OUT 6910 1690 -55 109 66 0 1
OUT 7653 7386 7 235 32 1 0
Round 27 of 240
tags: ENGINE_COOLDOWN
IN 8341 5112 -23 389 61 0 0
IN 8539 9454 415 532 325 0 0
IN 6910 1690 -55 109 66 0 1
IN 7653 7386 7 235 32 1 0
MOV 9804 6476 122
MOV 10452 8869 79
MOV 59902 86495 0
MOV 104683 31578 0
OUT 8407 5584 56 401 43 0 0
OUT 9030 9963 416 432 343 0 0
OUT 6855 1799 -46 92 58 0 1
OUT 7660 7621 5 199 14 0 0
Round 28 of 240
tags: SHIELD
IN 8407 5584 56 401 43 0 0
IN 9030 9963 416 432 343 0 0
IN 6855 1799 -46 92 58 0 1
IN 7660 7621 5 199 14 0 0
MOV 10220 6429 SHIELD
MOV 11030 9998 SHIELD
MOV 83459 66078 0
MOV 107416 645 3
OUT 8463 5985 47 340 25 3 0
OUT 9446 10395 353 367 1 3 0
OUT 6809 1891 -39 78 40 0 1
OUT 7668 7820 6 168 356 0 0
Round 29 of 240
tags: ENGINE_COOLDOWN SHIELD
IN 8463 5985 47 340 25 3 0
IN 9446 10395 353 367 1 3 0
IN 6809 1891 -39 78 40 0 1
IN 7668 7820 6 168 356 0 0
MOV 10448 6229 SHIELD
MOV 11359 9810 179
MOV 73722 76205 0
MOV 100386 -29641 53
OUT 8510 6325 39 289 7 3 0
OUT 9799 10762 300 311 343 2 0
OUT 6770 1969 -33 66 48 0 1
OUT 7723 7968 46 125 338 0 0
Round 30 of 240
tags: ENGINE_COOLDOWN SHIELD
IN 8510 6325 39 289 7 3 0
IN 9799 10762 300 311 343 2 0
IN 6770 1969 -33 66 48 0 1
IN 7723 7968 46 125 338 0 0
MOV 10473 5943 SHIELD
MOV 11799 10797 38
MOV 79905 70169 0
MOV 84327 -56311 200
OUT 8549 6614 33 245 349 3 0
OUT 10099 11073 255 264 1 1 0
OUT 6737 2035 -28 56 43 0 1
OUT 7922 7964 169 -3 320 0 0
Round 31 of 240
tags: BOOST ENGINE_COOLDOWN ONLY_HIGH_IMPACT SINGLE_COLLISION
IN 8549 6614 33 245 349 3 0
IN 10099 11073 255 264 1 1 0
IN 6737 2035 -28 56 43 0 1
IN 7922 7964 169 -3 320 0 0
MOV 10364 5773 0
MOV 12033 10563 0
MOV 87639 60814 200
MOV 60914 -76841 BOOST
OUT 8660 6640 288 -523 335 2 0
OUT 10354 11337 216 224 345 0 0
OUT 6871 2209 113 147 36 0 1
OUT 8358 7628 175 260 302 0 1
Round 32 of 240
tags: ENGINE_COOLDOWN SHIELD
IN 8660 6640 288 -523 335 2 0
IN 10354 11337 216 224 345 0 0
IN 6871 2209 113 147 36 0 1
IN 8358 7628 175 260 302 0 1
MOV 10123 5276 SHIELD
MOV 12031 10248 200
MOV 95166 49156 0
MOV 32550 -89402 200
OUT 8948 6117 244 -444 317 3 0
OUT 10738 11453 326 98 327 0 0
OUT 6984 2356 96 124 28 0 1
OUT 8581 7694 189 56 284 0 1
Round 33 of 240
tags: ENGINE_COOLDOWN
IN 8948 6117 244 -444 317 3 0
IN 10738 11453 326 98 327 0 0
IN 6984 2356 96 124 28 0 1
IN 8581 7694 189 56 284 0 1
MOV 9918 4368 0
MOV 11997 9899 200
MOV 98339 43030 0
MOV 1605 -92062 200
OUT 9192 5673 207 -377 299 2 0
OUT 11190 11396 384 -48 309 0 0
OUT 7080 2480 81 105 24 0 1
OUT 8756 7550 148 -121 266 0 1
Round 34 of 240
tags: ENGINE_COOLDOWN SHIELD
IN 9192 5673 207 -377 299 2 0
IN 11190 11396 384 -48 309 0 0
IN 7080 2480 81 105 24 0 1
IN 8756 7550 148 -121 266 0 1
MOV 9574 3710 SHIELD
MOV 11907 9529 200
MOV 81394 69393 0
MOV -25446 -86419 200
OUT 9399 5296 175 -320 281 3 0
OUT 11646 11162 387 -199 291 0 0
OUT 7161 2585 68 89 42 0 1
OUT 8836 7241 67 -262 250 0 1
Round 35 of 240
tags: ENGINE_COOLDOWN SHIELD
IN 9399 5296 175 -320 281 3 0
IN 11646 11162 387 -199 291 0 0
IN 7161 2585 68 89 42 0 1
IN 8836 7241 67 -262 250 0 1
MOV 9155 3311 SHIELD
MOV 12061 9206 200
MOV 83765 66864 200
MOV -35001 -82638 200
OUT 9574 4976 148 -272 263 3 0
OUT 12075 10767 364 -335 282 0 0
OUT 7382 2803 188 184 40 0 1
OUT 8815 6799 -17 -375 244 0 1
Round 36 of 240
tags: ENGINE_COOLDOWN
IN 9574 4976 148 -272 263 3 0
IN 12075 10767 364 -335 282 0 0
IN 7382 2803 188 184 40 0 1
IN 8815 6799 -17 -375 244 0 1
MOV 8729 3163 0
MOV 12925 8956 200
MOV 100100 40264 200
MOV -28646 -85919 200
OUT 9722 4704 125 -231 245 2 0
OUT 12524 10251 381 -438 295 0 0
OUT 7755 3062 317 220 22 0 1
OUT 8723 6239 -78 -476 248 0 1
Round 37 of 240
tags: ENGINE_COOLDOWN SHIELD
IN 9722 4704 125 -231 245 2 0
IN 12524 10251 381 -438 295 0 0
IN 7755 3062 317 220 22 0 1
IN 8723 6239 -78 -476 248 0 1
MOV 8358 3241 SHIELD
MOV 13888 8788 SHIELD
MOV 84359 67341 150
MOV -35114 -83640 199
OUT 9847 4473 106 -196 227 3 0
OUT 12905 9813 323 -372 313 3 0
OUT 8187 3378 367 268 40 0 1
OUT 8558 5584 -140 -556 244 0 1
Round 38 of 240
tags: ENGINE_COOLDOWN SHIELD
IN 9847 4473 106 -196 227 3 0
IN 12905 9813 323 -372 313 3 0
IN 8187 3378 367 268 40 0 1
IN 8558 5584 -140 -556 244 0 1
MOV 8098 3503 200
MOV 14654 8843 SHIELD
MOV 61179 88183 200
MOV -60908 -66350 177
OUT 9953 4277 90 -166 209 2 0
OUT 13228 9441 274 -316 331 3 0
OUT 8660 3816 402 371 58 0 1
OUT 8295 4901 -223 -580 226 0 1
Round 39 of 240
tags: ENGINE_COOLDOWN SHIELD
IN 9953 4277 90 -166 209 2 0
IN 13228 9441 274 -316 331 3 0
IN 8660 3816 402 371 58 0 1
IN 8295 4901 -223 -580 226 0 1
MOV 7990 3895 0
MOV 14592 7978 0
MOV 32852 100846 SHIELD
MOV -59905 -68234 119
OUT 10043 4111 76 -141 191 1 0
OUT 13502 9125 232 -268 313 2 0
OUT 9062 4187 341 315 76 3 1
OUT 7991 4234 -258 -566 227 0 1
Round 40 of 240
tags: ENGINE_COOLDOWN
IN 10043 4111 76 -141 191 1 0
IN 13502 9125 232 -268 313 2 0
IN 9062 4187 341 315 76 3 1
IN 7991 4234 -258 -566 227 0 1
MOV 8058 4355 88
MOV 14347 7312 74
MOV 2086 103943 0
MOV -79471 -44247 82
OUT 10119 3970 64 -119 173 0 0
OUT 13734 8857 197 -227 295 1 0
OUT 9403 4502 289 267 94 2 1
OUT 7661 3628 -280 -514 209 0 1
Round 41 of 240
tags: ENGINE_COOLDOWN
IN 10119 3970 64 -119 173 0 0
IN 13734 8857 197 -227 295 1 0
IN 9403 4502 289 267 94 2 1
IN 7661 3628 -280 -514 209 0 1
MOV 8306 4815 200
MOV 13978 6872 200
MOV -28058 97220 200
MOV -90502 -15453 7
OUT 10002 3935 -99 -29 155 0 0
OUT 13931 8630 167 -192 277 0 0
OUT 9692 4769 245 226 112 1 1
OUT 7374 3113 -243 -438 191 0 1
Round 42 of 240
tags: ENGINE_COOLDOWN
IN 10002 3935 -99 -29 155 0 0
IN 13931 8630 167 -192 277 0 0
IN 9692 4769 245 226 112 1 1
IN 7374 3113 -243 -438 191 0 1
MOV 8539 5299 200
MOV 13549 6667 200
MOV -54587 81373 200
MOV -91881 15300 164
OUT 9756 4042 -208 90 137 0 0
OUT 14060 8242 109 -330 259 0 0
OUT 9937 4995 208 192 130 0 1
OUT 6968 2695 -344 -355 173 0 1
Round 43 of 240
tags: MOVE_ONLY
IN 9756 4042 -208 90 137 0 0
IN 14060 8242 109 -330 259 0 0
IN 9937 4995 208 192 130 0 1
IN 6968 2695 -344 -355 173 0 1
MOV 8765 5779 200
MOV 13090 6493 200
MOV -74868 57987 200
MOV -83663 44957 200
OUT 9449 4306 -261 224 120 0 0
OUT 14072 7737 10 -429 241 0 0
OUT 9975 5293 32 253 148 0 1
OUT 6443 2425 -446 -229 155 0 1
Round 44 of 240
tags: MOVE_ONLY
IN 9449 4306 -261 224 120 0 0
IN 14072 7737 10 -429 241 0 0
IN 9975 5293 32 253 148 0 1
IN 6443 2425 -446 -229 155 0 1
MOV 9033 6262 188
MOV 12609 6373 200
MOV -87055 29485 114
MOV -66692 70625 200
OUT 9149 4714 -255 346 102 0 0
OUT 13936 7172 -115 -480 223 0 0
OUT 9896 5574 -66 238 166 0 1
OUT 5851 2332 -503 -78 137 0 1
Round 45 of 240
tags: MOVE_ONLY
IN 9149 4714 -255 346 102 0 0
IN 13936 7172 -115 -480 223 0 0
IN 9896 5574 -66 238 166 0 1
IN 5851 2332 -503 -78 137 0 1
MOV 9358 6703 0
MOV 12123 6327 200
MOV -89860 -1402 200
MOV -42630 89794 122
OUT 8894 5060 -216 294 84 0 0
OUT 13640 6607 -251 -479 205 0 0
OUT 9630 5798 -225 190 184 0 1
OUT 5289 2361 -477 24 119 0 1
Round 46 of 240
tags: ONLY_HIGH_IMPACT SINGLE_COLLISION
IN 8894 5060 -216 294 84 0 0
IN 13640 6607 -251 -479 205 0 0
IN 9630 5798 -225 190 184 0 1
IN 5289 2361 -477 24 119 0 1
MOV 9707 6887 200
MOV 11655 6363 114
MOV -90126 -1178 200
MOV -13792 100524 200
OUT 8635 5413 -366 155 66 0 0
OUT 13276 6114 -309 -418 187 0 0
OUT 9330 6097 -108 399 184 0 1
OUT 4774 2581 -437 187 101 0 1
Round 47 of 240
tags: MOVE_ONLY
IN 8635 5413 -366 155 66 0 0
IN 13276 6114 -309 -418 187 0 0
IN 9330 6097 -108 399 184 0 1
IN 4774 2581 -437 187 101 0 1
MOV 9973 6899 198
MOV 11313 6496 200
MOV -83388 -31364 182
MOV 16961 101836 200
OUT 8401 5715 -198 256 48 0 0
OUT 12771 5734 -429 -322 169 0 0
OUT 9053 6428 -235 281 202 0 1
OUT 4361 2967 -350 327 83 0 1
Round 48 of 240
tags: ONLY_HIGH_IMPACT SHIELD SINGLE_COLLISION
IN 8401 5715 -198 256 48 0 0
IN 12771 5734 -429 -322 169 0 0
IN 9053 6428 -235 281 202 0 1
IN 4361 2967 -350 327 83 0 1
MOV 10040 6861 200
MOV 11022 6704 178
MOV -67551 -57851 SHIELD
MOV 46623 93598 145
OUT 8333 6041 -208 77 35 0 0
OUT 12186 5498 -496 -200 151 0 0
OUT 8821 6713 -181 262 220 3 1
OUT 4072 3425 -245 389 65 0 1
Round 49 of 240
tags: ENGINE_COOLDOWN SHIELD
IN 8333 6041 -208 77 35 0 0
IN 12186 5498 -496 -200 151 0 0
IN 8821 6713 -181 262 220 3 1
IN 4072 3425 -245 389 65 0 1
MOV 9537 7638 SHIELD
MOV 10822 6961 200
MOV -67783 -57566 200
MOV 72272 76560 200
OUT 8125 6118 -176 65 53 3 0
OUT 11554 5444 -537 -45 133 0 0
OUT 8640 6975 -153 222 220 2 1
OUT 3963 3960 -92 454 47 0 1
Round 50 of 240
tags: ENGINE_COOLDOWN
IN 8125 6118 -176 65 53 3 0
IN 11554 5444 -537 -45 133 0 0
IN 8640 6975 -153 222 220 2 1
IN 3963 3960 -92 454 47 0 1
MOV 8776 8009 84
MOV 10709 7257 200
MOV -44352 -77830 200
MOV 77098 72160 131
OUT 7949 6183 -149 55 71 2 0
OUT 10932 5580 -528 115 115 0 0
OUT 8487 7197 -130 188 238 1 1
OUT 3967 4503 3 461 43 0 1
Round 51 of 240
tags: ENGINE_COOLDOWN
IN 7949 6183 -149 55 71 2 0
IN 10932 5580 -528 115 115 0 0
IN 8487 7197 -130 188 238 1 1
IN 3967 4503 3 461 43 0 1
MOV 8753 8014 200
MOV 10025 7362 200
MOV -15705 -89833 91
MOV 94598 46765 200
OUT 7800 6238 -126 46 66 1 0
OUT 10313 5873 -525 249 117 0 0
OUT 8357 7385 -110 159 256 0 1
OUT 4151 5049 156 463 25 0 1
Round 52 of 240
tags: ENGINE_COOLDOWN
IN 7800 6238 -126 46 66 1 0
IN 10313 5873 -525 249 117 0 0
IN 8357 7385 -110 159 256 0 1
IN 4151 5049 156 463 25 0 1
MOV 8009 8227 182
MOV 8899 7287 152
MOV -44635 -77420 75
MOV 103406 17236 200
OUT 7674 6284 -107 39 84 0 0
OUT 9681 6230 -537 303 135 0 0
OUT 8207 7480 -127 81 238 0 1
OUT 4506 5536 301 414 7 0 1
Round 53 of 240
tags: MOVE_ONLY
IN 7674 6284 -107 39 84 0 0
IN 9681 6230 -537 303 135 0 0
IN 8207 7480 -127 81 238 0 1
IN 4506 5536 301 414 7 0 1
MOV 7812 8279 200
MOV 8206 7580 200
MOV -27630 -85878 200
MOV 95137 47798 200
OUT 7581 6523 -79 202 86 0 0
OUT 8996 6668 -581 372 138 0 0
OUT 8008 7374 -168 -89 249 0 1
OUT 4988 6035 409 423 25 0 1
Round 54 of 240
tags: MULTI_COLLISION ONLY_HIGH_IMPACT SHIELD
IN 7581 6523 -79 202 86 0 0
IN 8996 6668 -581 372 138 0 0
IN 8008 7374 -168 -89 249 0 1
IN 4988 6035 409 423 25 0 1
MOV 7114 8468 200
MOV 7411 7888 200
MOV 2774 -92489 SHIELD
MOV 96343 46709 200
OUT 7185 6470 -455 -242 104 0 0
OUT 8847 6803 415 -214 142 0 0
OUT 7808 7366 -212 45 267 3 1
OUT 5580 6539 502 428 24 0 1
Round 55 of 240
tags: ENGINE_COOLDOWN ONLY_HIGH_IMPACT SINGLE_COLLISION
IN 7185 6470 -455 -242 104 0 0
IN 8847 6803 415 -214 142 0 0
IN 7808 7366 -212 45 267 3 1
IN 5580 6539 502 428 24 0 1
MOV 6557 8369 200
MOV 6968 7487 128
MOV -28029 -85992 192
MOV 91297 58043 199
OUT 6694 6389 -225 -278 108 0 0
OUT 9142 6633 250 -144 160 0 0
OUT 7596 7411 -180 38 249 2 1
OUT 6226 7099 357 685 31 0 1
Round 56 of 240
tags: ENGINE_COOLDOWN
IN 6694 6389 -225 -278 108 0 0
IN 9142 6633 250 -144 160 0 0
IN 7596 7411 -180 38 249 2 1
IN 6226 7099 357 685 31 0 1
MOV 6694 8389 2
MOV 7143 6703 200
MOV 2362 -92452 200
MOV 103663 29594 67
OUT 6469 6113 -191 -234 90 0 0
OUT 9192 6496 42 -116 178 0 0
OUT 7416 7449 -153 32 267 1 1
OUT 6648 7799 358 595 13 0 1
Round 57 of 240
tags: ENGINE_COOLDOWN ONLY_HIGH_IMPACT SINGLE_COLLISION
IN 6469 6113 -191 -234 90 0 0
IN 9192 6496 42 -116 178 0 0
IN 7416 7449 -153 32 267 1 1
IN 6648 7799 358 595 13 0 1
MOV 7087 8015 0
MOV 7269 5945 200
MOV 33298 -89144 200
MOV 106267 -917 200
OUT 6278 5879 -162 -198 72 0 0
OUT 9042 6325 -127 -145 196 0 0
OUT 7508 7332 106 -115 285 0 1
OUT 6960 8525 237 634 355 0 1
Round 58 of 240
tags: MOVE_ONLY
IN 6278 5879 -162 -198 72 0 0
IN 9042 6325 -127 -145 196 0 0
IN 7508 7332 106 -115 285 0 1
IN 6960 8525 237 634 355 0 1
MOV 7163 7673 200
MOV 7106 5822 143
MOV 24873 -91149 87
MOV 99010 -30548 200
OUT 6204 5860 -62 -15 64 0 0
OUT 8777 6144 -225 -153 195 0 0
OUT 7629 7131 102 -170 280 0 1
OUT 7381 9081 357 472 337 0 1
Round 59 of 240
tags: MOVE_ONLY
IN 6204 5860 -62 -15 64 0 0
IN 8777 6144 -225 -153 195 0 0
IN 7629 7131 102 -170 280 0 1
IN 7381 9081 357 472 337 0 1
MOV 7314 7523 200
MOV 6947 5337 161
MOV 18082 -92321 35
MOV 82852 -56525 200
OUT 6253 6011 41 128 56 0 0
OUT 8405 5926 -316 -185 204 0 0
OUT 7735 6926 89 -174 276 0 1
OUT 7889 9422 431 289 319 0 1
Round 60 of 240
tags: MOVE_ONLY
IN 6253 6011 41 128 56 0 0
IN 8405 5926 -316 -185 204 0 0
IN 7735 6926 89 -174 276 0 1
IN 7889 9422 431 289 319 0 1
MOV 7829 7242 79
MOV 6919 4588 43
MOV 26816 -91237 0
MOV 72168 -67182 200
OUT 6356 6188 87 150 38 0 0
OUT 8057 5712 -295 -181 222 0 0
OUT 7824 6752 75 -147 281 0 1
OUT 8449 9558 475 115 310 0 1
Round 61 of 240
tags: MOVE_ONLY
IN 6356 6188 87 150 38 0 0
IN 8057 5712 -295 -181 222 0 0
IN 7824 6752 75 -147 281 0 1
IN 8449 9558 475 115 310 0 1
MOV 8235 6872 200
MOV 7057 3980 71
MOV -4363 -92503 200
MOV 65807 -72357 200
OUT 6631 6407 233 186 20 0 0
OUT 7726 5470 -281 -206 240 0 0
OUT 7875 6406 43 -293 263 0 1
OUT 9039 9509 501 -41 305 0 1
Round 62 of 240
tags: MOVE_ONLY
IN 6631 6407 233 186 20 0 0
IN 7726 5470 -281 -206 240 0 0
IN 7875 6406 43 -293 263 0 1
IN 9039 9509 501 -41 305 0 1
MOV 8630 6477 200
MOV 7310 3514 127
MOV 26956 -91757 200
MOV 62031 -75296 200
OUT 7064 6601 367 164 2 0 0
OUT 7418 5140 -261 -280 258 0 0
OUT 7956 5917 68 -415 281 0 1
OUT 9646 9298 515 -179 302 0 1
Round 63 of 240
tags: SHIELD
IN 7064 6601 367 164 2 0 0
IN 7418 5140 -261 -280 258 0 0
IN 7956 5917 68 -415 281 0 1
IN 9646 9298 515 -179 302 0 1
MOV 8987 6050 200
MOV 7627 3151 SHIELD
MOV -4231 -93338 146
MOV 56593 -78997 200
OUT 7624 6711 475 93 344 0 0
OUT 7157 4860 -221 -238 276 3 0
OUT 8006 5357 42 -475 263 0 1
OUT 10255 8942 517 -302 298 0 1
Round 64 of 240
tags: ENGINE_COOLDOWN SHIELD
IN 7624 6711 475 93 344 0 0
IN 7157 4860 -221 -238 276 3 0
IN 8006 5357 42 -475 263 0 1
IN 10255 8942 517 -302 298 0 1
MOV 9341 5685 200
MOV 6741 2904 SHIELD
MOV -34256 -85274 35
MOV 61759 -76775 200
OUT 8271 6701 549 -8 329 0 0
OUT 6936 4622 -187 -202 258 3 0
OUT 8033 4850 23 -430 245 0 1
OUT 10875 8469 527 -402 301 0 1
Round 65 of 240
tags: ENGINE_COOLDOWN SHIELD
IN 8271 6701 549 -8 329 0 0
IN 6936 4622 -187 -202 258 3 0
IN 8033 4850 23 -430 245 0 1
IN 10875 8469 527 -402 301 0 1
MOV 9836 5455 200
MOV 6213 2757 SHIELD
MOV -60167 -68285 3
MOV 63867 -76336 191
OUT 8976 6568 599 -112 321 0 0
OUT 6749 4420 -158 -171 249 3 0
OUT 8054 4418 17 -367 227 0 1
OUT 11503 7905 533 -479 302 0 1
Round 66 of 240
tags: ENGINE_COOLDOWN
IN 8976 6568 599 -112 321 0 0
IN 6749 4420 -158 -171 249 3 0
IN 8054 4418 17 -367 227 0 1
IN 11503 7905 533 -479 302 0 1
MOV 10752 5648 200
MOV 6644 2423 200
MOV -79408 -44063 161
MOV 52177 -83450 119
OUT 9753 6364 660 -173 333 0 0
OUT 6591 4249 -134 -145 267 2 0
OUT 7930 3973 -105 -378 209 0 1
OUT 12084 7317 494 -499 294 0 1
Round 67 of 240
tags: ENGINE_COOLDOWN SHIELD
IN 9753 6364 660 -173 333 0 0
IN 6591 4249 -134 -145 267 2 0
IN 7930 3973 -105 -378 209 0 1
IN 12084 7317 494 -499 294 0 1
MOV 11574 5538 153
MOV 7109 2317 SHIELD
MOV -90233 -15108 200
MOV 22537 -92135 200
OUT 10552 6128 679 -200 336 0 0
OUT 6457 4104 -113 -123 285 3 0
OUT 7629 3557 -256 -353 191 0 1
OUT 12599 6619 437 -593 276 0 1
Round 68 of 240
tags: ENGINE_COOLDOWN
IN 10552 6128 679 -200 336 0 0
IN 6457 4104 -113 -123 285 3 0
IN 7629 3557 -256 -353 191 0 1
IN 12599 6619 437 -593 276 0 1
MOV 12038 4790 71
MOV 7503 2399 200
MOV -91626 15744 200
MOV -8192 -91196 196
OUT 11284 5880 621 -210 318 0 0
OUT 6344 3981 -96 -104 302 2 0
OUT 7174 3228 -386 -279 173 0 1
OUT 12995 5834 336 -667 258 0 1
Round 69 of 240
tags: ENGINE_COOLDOWN
IN 11284 5880 621 -210 318 0 0
IN 6344 3981 -96 -104 302 2 0
IN 7174 3228 -386 -279 173 0 1
IN 12995 5834 336 -667 258 0 1
MOV 12284 4148 200
MOV 7017 2098 200
MOV -83457 45490 89
MOV -37005 -80769 197
OUT 12005 5497 612 -325 300 0 0
OUT 6248 3877 -81 -88 290 1 0
OUT 6707 2987 -396 -205 155 0 1
OUT 13233 4996 201 -711 240 0 1
Round 70 of 240
tags: ENGINE_COOLDOWN
IN 12005 5497 612 -325 300 0 0
IN 6248 3877 -81 -88 290 1 0
IN 6707 2987 -396 -205 155 0 1
IN 13233 4996 201 -711 240 0 1
MOV 12421 3541 200
MOV 7479 2301 83
MOV -66428 71187 200
MOV -61081 -61917 166
OUT 12659 4976 555 -442 282 0 0
OUT 6167 3789 -68 -74 308 0 0
OUT 6165 2918 -460 -58 137 0 1
OUT 13311 4174 65 -698 222 0 1
Round 71 of 240
tags: HAS_LOW_IMPACT SINGLE_COLLISION
IN 12659 4976 555 -442 282 0 0
IN 6167 3789 -68 -74 308 0 0
IN 6165 2918 -460 -58 137 0 1
IN 13311 4174 65 -698 222 0 1
MOV 12450 2987 68
MOV 7753 2571 200
MOV -42316 90380 200
MOV -78044 -36500 79
OUT 13207 4466 465 -433 264 0 0
OUT 6291 3719 117 -11 322 0 0
OUT 5575 2909 -514 -55 119 0 1
OUT 13304 3444 -6 -620 204 0 1
Round 72 of 240
tags: MOVE_ONLY
IN 13207 4466 465 -433 264 0 0
IN 6291 3719 117 -11 322 0 0
IN 5575 2909 -514 -55 119 0 1
IN 13304 3444 -6 -620 204 0 1
MOV 12394 2639 160
MOV 7409 2061 0
MOV -13506 101072 200
MOV -86148 -7009 200
OUT 13607 3887 339 -492 246 0 0
OUT 6408 3708 99 -9 304 0 0
OUT 5023 3050 -469 120 101 0 1
OUT 13099 2803 -174 -544 186 0 1
Round 73 of 240
tags: MOVE_ONLY
IN 13607 3887 339 -492 246 0 0
IN 6408 3708 99 -9 304 0 0
IN 5023 3050 -469 120 101 0 1
IN 13099 2803 -174 -544 186 0 1
MOV 12269 2401 200
MOV 6959 1785 145
MOV 17210 102305 170
MOV -84716 23594 200
OUT 13812 3246 174 -544 228 0 0
OUT 6548 3560 119 -125 286 0 0
OUT 4575 3339 -381 245 83 0 1
OUT 12729 2301 -314 -427 168 0 1
Round 74 of 240
tags: MOVE_ONLY
IN 13812 3246 174 -544 228 0 0
IN 6548 3560 119 -125 286 0 0
IN 4575 3339 -381 245 83 0 1
IN 12729 2301 -314 -427 168 0 1
MOV 12080 2246 200
MOV 6478 1561 0
MOV 46837 93970 0
MOV -73874 52301 200
OUT 13813 2602 0 -547 210 0 0
OUT 6667 3435 101 -106 268 0 0
OUT 4194 3584 -323 208 65 0 1
OUT 12242 1974 -414 -277 150 0 1
Round 75 of 240
tags: MOVE_ONLY
IN 13813 2602 0 -547 210 0 0
IN 6667 3435 101 -106 268 0 0
IN 4194 3584 -323 208 65 0 1
IN 12242 1974 -414 -277 150 0 1
MOV 11857 2186 200
MOV 5983 1556 125
MOV 72394 76719 183
MOV -54671 76288 200
OUT 13617 2013 -166 -500 192 0 0
OUT 6726 3211 50 -190 250 0 0
OUT 3996 3926 -168 290 47 0 1
OUT 11694 1846 -465 -109 132 0 1
Round 76 of 240
tags: SHIELD
IN 13617 2013 -166 -500 192 0 0
IN 6726 3211 50 -190 250 0 0
IN 3996 3926 -168 290 47 0 1
IN 11694 1846 -465 -109 132 0 1
MOV 11628 2222 200
MOV 5495 1635 SHIELD
MOV 73462 75860 0
MOV -28980 93201 200
OUT 13252 1534 -310 -407 174 0 0
OUT 6776 3021 42 -161 232 3 0
OUT 3828 4216 -142 246 46 0 1
OUT 11148 1920 -464 62 114 0 1
Round 77 of 240
tags: ENGINE_COOLDOWN SHIELD
IN 13252 1534 -310 -407 174 0 0
IN 6776 3021 42 -161 232 3 0
IN 3828 4216 -142 246 46 0 1
IN 11148 1920 -464 62 114 0 1
MOV 11271 1261 200
MOV 5118 1903 SHIELD
MOV 82629 65782 0
MOV 695 101372 200
OUT 12744 1100 -431 -369 188 0 0
OUT 6818 2860 35 -136 214 3 0
OUT 3686 4462 -120 209 38 0 1
OUT 10663 2181 -412 221 96 0 1
Round 78 of 240
tags: ENGINE_COOLDOWN
IN 12744 1100 -431 -369 188 0 0
IN 6818 2860 35 -136 214 3 0
IN 3686 4462 -120 209 38 0 1
IN 10663 2181 -412 221 96 0 1
MOV 10886 360 200
MOV 4895 2309 0
MOV 91148 52943 0
MOV 1947 101800 200
OUT 12127 657 -524 -376 202 0 0
OUT 6853 2724 29 -115 196 2 0
OUT 3566 4671 -102 177 29 0 1
OUT 10234 2601 -365 357 95 0 1
Round 79 of 240
tags: ENGINE_COOLDOWN
IN 12127 657 -524 -376 202 0 0
IN 6853 2724 29 -115 196 2 0
IN 3566 4671 -102 177 29 0 1
IN 10234 2601 -365 357 95 0 1
MOV 10595 -629 0
MOV 4854 2794 13
MOV 101729 23752 9
MOV 8489 102586 200
OUT 11603 281 -445 -319 220 0 0
OUT 6882 2609 24 -97 178 1 0
OUT 3473 4850 -79 151 11 0 1
OUT 9866 3158 -313 473 91 0 1
Round 80 of 240
tags: ENGINE_COOLDOWN SHIELD
IN 11603 281 -445 -319 220 0 0
IN 6882 2609 24 -97 178 1 0
IN 3473 4850 -79 151 11 0 1
IN 9866 3158 -313 473 91 0 1
MOV 10543 -1415 SHIELD
MOV 5001 3288 200
MOV 102728 -7337 1
MOV -10925 100973 200
OUT 11158 -38 -378 -271 238 3 0
OUT 6906 2512 20 -82 160 0 0
OUT 3395 5001 -66 128 353 0 1
OUT 9511 3827 -301 568 102 0 1
Round 81 of 240
tags: ENGINE_COOLDOWN
IN 11158 -38 -378 -271 238 3 0
IN 6906 2512 20 -82 160 0 0
IN 3395 5001 -66 128 353 0 1
IN 9511 3827 -301 568 102 0 1
MOV 10674 -1979 0
MOV 5330 3743 200
MOV 94026 -37261 200
MOV 19964 103279 0
OUT 10780 -309 -321 -230 256 2 0
OUT 6767 2552 -117 33 142 0 0
OUT 3510 5044 97 36 335 0 1
OUT 9210 4395 -255 482 84 0 1
Round 82 of 240
tags: ENGINE_COOLDOWN
IN 10780 -309 -321 -230 256 2 0
IN 6767 2552 -117 33 142 0 0
IN 3510 5044 97 36 335 0 1
IN 9210 4395 -255 482 84 0 1
MOV 10920 -2304 0
MOV 5649 4210 200
MOV 76645 -63156 200
MOV 49884 95750 101
OUT 10459 -539 -272 -195 274 1 0
OUT 6537 2750 -195 168 124 0 0
OUT 3753 4944 206 -85 317 0 1
OUT 8996 4969 -181 488 66 0 1
Round 83 of 240
tags: ENGINE_COOLDOWN
IN 10459 -539 -272 -195 274 1 0
IN 6537 2750 -195 168 124 0 0
IN 3753 4944 206 -85 317 0 1
IN 8996 4969 -181 488 66 0 1
MOV 11208 -2393 149
MOV 5359 4366 200
MOV 94384 -37318 88
MOV 48069 97019 0
OUT 10187 -734 -231 -165 292 0 0
OUT 6224 3080 -265 280 126 0 0
OUT 4039 4822 242 -103 335 0 1
OUT 8815 5457 -153 414 67 0 1
Round 84 of 240
tags: MOVE_ONLY
IN 10187 -734 -231 -165 292 0 0
IN 6224 3080 -265 280 126 0 0
IN 4039 4822 242 -103 335 0 1
IN 8815 5457 -153 414 67 0 1
MOV 11473 -2266 7
MOV 4606 4256 161
MOV 77174 -63378 200
MOV 17531 105076 0
OUT 9960 -904 -192 -144 310 0 0
OUT 5829 3455 -335 318 144 0 0
OUT 4427 4583 330 -203 317 0 1
OUT 8662 5871 -130 351 85 0 1
Round 85 of 240
tags: SHIELD
IN 9960 -904 -192 -144 310 0 0
IN 5829 3455 -335 318 144 0 0
IN 4427 4583 330 -203 317 0 1
IN 8662 5871 -130 351 85 0 1
MOV 11656 -1964 SHIELD
MOV 3927 4073 0
MOV 52908 -82879 160
MOV -13833 103308 0
OUT 9768 -1048 -163 -122 328 3 0
OUT 5494 3773 -284 270 162 0 0
OUT 4835 4240 346 -291 299 0 1
OUT 8532 6222 -110 298 103 0 1
Round 86 of 240
tags: ENGINE_COOLDOWN ONLY_HIGH_IMPACT SHIELD SINGLE_COLLISION
IN 9768 -1048 -163 -122 328 3 0
IN 5494 3773 -284 270 162 0 0
IN 4835 4240 346 -291 299 0 1
IN 8532 6222 -110 298 103 0 1
MOV 11705 -1545 125
MOV 3516 4067 200
MOV 77970 -63960 SHIELD
MOV -42972 91939 0
OUT 9605 -1170 -138 -103 346 2 0
OUT 6509 3012 872 -654 172 0 0
OUT 5031 4055 165 -156 317 3 1
OUT 8422 6520 -93 253 121 0 1
Round 87 of 240
tags: ENGINE_COOLDOWN SHIELD
IN 9605 -1170 -138 -103 346 2 0
IN 6509 3012 872 -654 172 0 0
IN 5031 4055 165 -156 317 3 1
IN 8422 6520 -93 253 121 0 1
MOV 11600 -1030 SHIELD
MOV 4711 3889 200
MOV 95662 -38207 50
MOV -67049 72126 0
OUT 9467 -1273 -117 -87 4 3 0
OUT 7201 2446 588 -481 154 0 0
OUT 5196 3899 140 -132 335 2 1
OUT 8329 6773 -79 215 139 0 1
Round 88 of 240
tags: ENGINE_COOLDOWN
IN 9467 -1273 -117 -87 4 3 0
IN 7201 2446 588 -481 154 0 0
IN 5196 3899 140 -132 335 2 1
IN 8329 6773 -79 215 139 0 1
MOV 11321 -524 200
MOV 5647 3705 200
MOV 78331 -64301 10
MOV -83721 45846 0
OUT 9350 -1360 -99 -73 22 2 0
OUT 7634 2091 367 -301 141 0 0
OUT 5336 3767 119 -112 317 1 1
OUT 8250 6988 -67 182 157 0 1
Round 89 of 240
tags: ENGINE_COOLDOWN
IN 9350 -1360 -99 -73 22 2 0
IN 7634 2091 367 -301 141 0 0
IN 5336 3767 119 -112 317 1 1
IN 8250 6988 -67 182 157 0 1
MOV 10882 -74 200
MOV 6128 3407 200
MOV 91053 -47737 200
MOV -91369 15704 0
OUT 9251 -1433 -84 -62 40 1 0
OUT 7850 1922 183 -143 139 0 0
OUT 5455 3655 101 -95 329 0 1
OUT 8183 7170 -56 154 175 0 1
Round 90 of 240
tags: ENGINE_COOLDOWN
IN 9251 -1433 -84 -62 40 1 0
IN 7850 1922 183 -143 139 0 0
IN 5455 3655 101 -95 329 0 1
IN 8183 7170 -56 154 175 0 1
MOV 10319 258 200
MOV 6252 3124 200
MOV 102892 -18840 200
MOV -89254 -15325 105
OUT 9167 -1495 -71 -52 58 0 0
OUT 7873 1899 19 -19 143 0 0
OUT 5751 3515 251 -118 347 0 1
OUT 8025 7300 -134 110 193 0 1
Round 91 of 240
tags: MOVE_ONLY
IN 9167 -1495 -71 -52 58 0 0
IN 7873 1899 19 -19 143 0 0
IN 5751 3515 251 -118 347 0 1
IN 8025 7300 -134 110 193 0 1
MOV 9651 446 200
MOV 6388 3239 200
MOV 91468 -47989 200
MOV -77692 -44204 200
OUT 9146 -1353 -18 120 76 0 0
OUT 7744 2014 -110 97 138 0 0
OUT 6173 3294 359 -187 329 0 1
OUT 7720 7307 -259 5 211 0 1
Round 92 of 240
tags: MOVE_ONLY
IN 9146 -1353 -18 120 76 0 0
IN 7744 2014 -110 97 138 0 0
IN 6173 3294 359 -187 329 0 1
IN 7720 7307 -259 5 211 0 1
MOV 9006 642 200
MOV 6263 3359 200
MOV 103610 -19201 200
MOV -57886 -68164 200
OUT 9115 -1033 -26 271 94 0 0
OUT 7486 2245 -219 196 138 0 0
OUT 6727 3062 470 -197 347 0 1
OUT 7330 7161 -331 -124 229 0 1
Round 93 of 240
tags: ONLY_HIGH_IMPACT SHIELD SINGLE_COLLISION
IN 9115 -1033 -26 271 94 0 0
IN 7486 2245 -219 196 138 0 0
IN 6727 3062 470 -197 347 0 1
IN 7330 7161 -331 -124 229 0 1
MOV 8366 821 200
MOV 5862 3413 SHIELD
MOV 106346 11778 200
MOV -31743 -84889 200
OUT 9015 -576 -84 388 112 0 0
OUT 7315 2365 -120 63 144 3 0
OUT 6915 3645 -83 882 5 0 1
OUT 6921 6853 -347 -261 247 0 1
Round 94 of 240
tags: ENGINE_COOLDOWN
IN 9015 -576 -84 388 112 0 0
IN 7315 2365 -120 63 144 3 0
IN 6915 3645 -83 882 5 0 1
IN 6921 6853 -347 -261 247 0 1
MOV 7943 1112 200
MOV 5636 3451 200
MOV 104352 -18850 0
MOV -1795 -92766 200
OUT 8824 -19 -162 473 122 0 0
OUT 7195 2428 -102 53 147 2 0
OUT 6832 4527 -70 749 347 0 1
OUT 6557 6393 -309 -391 265 0 1
Round 95 of 240
tags: ENGINE_COOLDOWN
IN 8824 -19 -162 473 122 0 0
IN 7195 2428 -102 53 147 2 0
IN 6832 4527 -70 749 347 0 1
IN 6557 6393 -309 -391 265 0 1
MOV 7292 1267 200
MOV 5627 3669 200
MOV 101384 -28030 200
MOV 29052 -91044 200
OUT 8509 583 -267 511 140 0 0
OUT 7093 2481 -86 45 142 1 0
OUT 6951 5211 101 581 341 0 1
OUT 6293 5807 -224 -497 283 0 1
Round 96 of 240
tags: ENGINE_COOLDOWN
IN 8509 583 -267 511 140 0 0
IN 7093 2481 -86 45 142 1 0
IN 6951 5211 101 581 341 0 1
IN 6293 5807 -224 -497 283 0 1
MOV 7068 1970 200
MOV 5631 3846 200
MOV 86815 -54971 82
MOV 57797 -79910 65
OUT 8098 1233 -349 552 136 0 0
OUT 7007 2526 -73 38 137 0 0
OUT 7117 5743 141 451 323 0 1
OUT 6102 5254 -161 -469 301 0 1
Round 97 of 240
tags: MOVE_ONLY
IN 8098 1233 -349 552 136 0 0
IN 7007 2526 -73 38 137 0 0
IN 7117 5743 141 451 323 0 1
IN 6102 5254 -161 -469 301 0 1
MOV 6300 2110 200
MOV 6037 4275 76
MOV 64475 -76172 0
MOV 81573 -60352 200
OUT 7569 1873 -449 543 154 0 0
OUT 6897 2630 -93 88 119 0 0
OUT 7258 6194 119 383 305 0 1
OUT 6092 4654 -8 -510 319 0 1
Round 98 of 240
tags: ONLY_HIGH_IMPACT SINGLE_COLLISION
IN 7569 1873 -449 543 154 0 0
IN 6897 2630 -93 88 119 0 0
IN 7258 6194 119 383 305 0 1
IN 6092 4654 -8 -510 319 0 1
MOV 6130 3262 200
MOV 6515 4593 125
MOV 36495 -89436 0
MOV 98142 -34419 200
OUT 7273 2209 -134 148 136 0 0
OUT 6484 3186 -468 609 101 0 0
OUT 7377 6577 101 325 287 0 1
OUT 6268 4066 149 -499 337 0 1
Round 99 of 240
tags: ONLY_HIGH_IMPACT SHIELD SINGLE_COLLISION
IN 7273 2209 -134 148 136 0 0
IN 6484 3186 -468 609 101 0 0
IN 7377 6577 101 325 287 0 1
IN 6268 4066 149 -499 337 0 1
MOV 5725 3475 138
MOV 6660 5178 SHIELD
MOV 5632 -93408 186
MOV 92871 -45934 SHIELD
OUT 7032 2444 -204 200 141 0 0
OUT 6240 2713 -189 -489 85 3 0
OUT 7475 6716 83 118 269 0 1
OUT 6193 4649 -81 583 330 3 1
Round 100 of 240
tags: ENGINE_COOLDOWN ONLY_HIGH_IMPACT SINGLE_COLLISION
IN 7032 2444 -204 200 141 0 0
IN 6240 2713 -189 -489 85 3 0
IN 7475 6716 83 118 269 0 1
IN 6193 4649 -81 583 330 3 1
MOV 5283 3414 200
MOV 7001 4562 200
MOV -25082 -87836 0
MOV 73106 -69665 0
OUT 6987 2655 -9 172 151 0 0
OUT 5717 2310 -472 -335 68 2 0
OUT 7558 6834 70 100 251 0 1
OUT 6112 5232 -68 495 312 2 1
Round 101 of 240
tags: ENGINE_COOLDOWN SHIELD
IN 6987 2655 -9 172 151 0 0
IN 5717 2310 -472 -335 68 2 0
IN 7558 6834 70 100 251 0 1
IN 6112 5232 -68 495 312 2 1
MOV 5092 3295 SHIELD
MOV 6003 4289 200
MOV -52624 -73030 79
MOV 80426 -61681 200
OUT 6978 2827 -7 146 161 3 0
OUT 5245 1975 -401 -284 82 1 0
OUT 7580 6871 19 31 233 0 1
OUT 6044 5727 -57 420 318 1 1
Round 102 of 240
tags: ENGINE_COOLDOWN
IN 6978 2827 -7 146 161 3 0
IN 5245 1975 -401 -284 82 1 0
IN 7580 6871 19 31 233 0 1
IN 6044 5727 -57 420 318 1 1
MOV 5381 4031 25
MOV 4898 3945 200
MOV -49778 -75044 0
MOV 81515 -59879 200
OUT 6971 2973 -5 124 143 2 0
OUT 4844 1691 -340 -241 100 0 0
OUT 7599 6902 16 26 235 0 1
OUT 5987 6147 -48 357 319 0 1
Round 103 of 240
tags: ENGINE_COOLDOWN
IN 6971 2973 -5 124 143 2 0
IN 4844 1691 -340 -241 100 0 0
IN 7599 6902 16 26 235 0 1
IN 5987 6147 -48 357 319 0 1
MOV 5814 4604 200
MOV 4398 3641 200
MOV -56680 -69702 0
MOV 71593 -69324 200
OUT 6966 3097 -4 105 125 1 0
OUT 4459 1645 -326 -39 103 0 0
OUT 7615 6928 13 22 230 0 1
OUT 6070 6353 70 175 311 0 1
Round 104 of 240
tags: ENGINE_COOLDOWN
IN 6966 3097 -4 105 125 1 0
IN 4459 1645 -326 -39 103 0 0
IN 7615 6928 13 22 230 0 1
IN 6070 6353 70 175 311 0 1
MOV 6288 4979 200
MOV 4633 3637 200
MOV -66699 -59985 200
MOV 59062 -78452 146
OUT 6962 3202 -3 89 110 0 0
OUT 4150 1805 -262 136 85 0 0
OUT 7479 6816 -115 -95 222 0 1
OUT 6217 6404 125 43 302 0 1
Round 105 of 240
tags: MOVE_ONLY
IN 6962 3202 -3 89 110 0 0
IN 4150 1805 -262 136 85 0 0
IN 7479 6816 -115 -95 222 0 1
IN 6217 6404 125 43 302 0 1
MOV 6131 5021 200
MOV 3776 3770 200
MOV -83876 -33858 200
MOV 57721 -79313 200
OUT 6876 3473 -73 230 115 0 0
OUT 3851 2137 -254 282 101 0 0
OUT 7181 6640 -253 -149 204 0 1
OUT 6445 6276 193 -109 301 0 1
Round 106 of 240
tags: ONLY_HIGH_IMPACT SHIELD SINGLE_COLLISION
IN 6876 3473 -73 230 115 0 0
IN 3851 2137 -254 282 101 0 0
IN 7181 6640 -253 -149 204 0 1
IN 6445 6276 193 -109 301 0 1
MOV 5515 4939 200
MOV 4095 4122 200
MOV -86788 -27562 SHIELD
MOV 57949 -79441 200
OUT 6668 3850 -177 320 133 0 0
OUT 3621 2618 -195 408 83 0 0
OUT 6993 6525 -156 -96 200 3 1
OUT 6089 5655 -331 -543 301 0 1
Round 107 of 240
tags: ENGINE_COOLDOWN
IN 6668 3850 -177 320 133 0 0
IN 3621 2618 -195 408 83 0 0
IN 6993 6525 -156 -96 200 3 1
IN 6089 5655 -331 -543 301 0 1
MOV 5557 5513 188
MOV 3239 4581 200
MOV -92946 3035 23
MOV 66271 -74209 200
OUT 6387 4326 -239 404 124 0 0
OUT 3388 3222 -198 513 101 0 0
OUT 6837 6429 -132 -81 182 2 1
OUT 5878 4952 -179 -597 307 0 1
Round 108 of 240
tags: ENGINE_COOLDOWN ONLY_HIGH_IMPACT SHIELD SINGLE_COLLISION
IN 6387 4326 -239 404 124 0 0
IN 3388 3222 -198 513 101 0 0
IN 6837 6429 -132 -81 182 2 1
IN 5878 4952 -179 -597 307 0 1
MOV 5836 6249 SHIELD
MOV 3632 5207 200
MOV -89289 33993 18
MOV 66060 -74912 SHIELD
OUT 6659 4109 234 -188 106 3 0
OUT 3214 3934 -147 604 83 0 0
OUT 6705 6348 -112 -68 164 1 1
OUT 5188 4976 -590 24 307 3 1
Round 109 of 240
tags: ENGINE_COOLDOWN SHIELD
IN 6659 4109 234 -188 106 3 0
IN 3214 3934 -147 604 83 0 0
IN 6705 6348 -112 -68 164 1 1
IN 5188 4976 -590 24 307 3 1
MOV 5541 5767 SHIELD
MOV 4059 5747 200
MOV -76199 62267 200
MOV 73388 -68159 0
OUT 6893 3921 198 -159 124 3 0
OUT 3151 4719 -53 667 65 0 0
OUT 6593 6280 -95 -57 146 0 1
OUT 4598 5000 -501 20 313 2 1
Round 110 of 240
tags: ENGINE_COOLDOWN
IN 6893 3921 198 -159 124 3 0
IN 3151 4719 -53 667 65 0 0
IN 6593 6280 -95 -57 146 0 1
IN 4598 5000 -501 20 313 2 1
MOV 5317 5152 0
MOV 4515 6182 200
MOV -54973 85081 200
MOV 92060 -43481 167
OUT 7091 3762 168 -135 142 2 0
OUT 3234 5532 70 691 47 0 0
OUT 6375 6381 -185 85 128 0 1
OUT 4097 5020 -425 17 331 1 1
Round 111 of 240
tags: ENGINE_COOLDOWN SHIELD
IN 7091 3762 168 -135 142 2 0
IN 3234 5532 70 691 47 0 0
IN 6375 6381 -185 85 128 0 1
IN 4097 5020 -425 17 331 1 1
MOV 5212 4446 SHIELD
MOV 4983 6502 200
MOV -64336 77092 200
MOV 84999 -53759 200
OUT 7259 3627 142 -114 160 3 0
OUT 3479 6320 208 669 29 0 0
OUT 6049 6607 -277 192 135 0 1
OUT 3672 5037 -361 14 324 0 1
Round 112 of 240
tags: ENGINE_COOLDOWN
IN 7259 3627 142 -114 160 3 0
IN 3479 6320 208 669 29 0 0
IN 6049 6607 -277 192 135 0 1
IN 3672 5037 -361 14 324 0 1
MOV 5260 3697 200
MOV 5135 7441 200
MOV -39350 95708 200
MOV 98778 -25865 200
OUT 7401 3513 120 -96 178 2 0
OUT 3853 7101 317 663 34 0 0
OUT 5681 6977 -312 314 117 0 1
OUT 3501 4989 -145 -40 342 0 1
Round 113 of 240
tags: ENGINE_COOLDOWN
IN 7401 3513 120 -96 178 2 0
IN 3853 7101 317 663 34 0 0
IN 5681 6977 -312 314 117 0 1
IN 3501 4989 -145 -40 342 0 1
MOV 5471 4038 200
MOV 5776 7652 200
MOV -51677 88892 200
MOV 84403 -53790 200
OUT 7521 3417 102 -81 165 1 0
OUT 4362 7819 432 610 16 0 0
OUT 5254 7455 -362 406 125 0 1
OUT 3518 4831 14 -133 324 0 1
Round 114 of 240
tags: ENGINE_COOLDOWN ONLY_HIGH_IMPACT SHIELD SINGLE_COLLISION
IN 7521 3417 102 -81 165 1 0
IN 4362 7819 432 610 16 0 0
IN 5254 7455 -362 406 125 0 1
IN 3518 4831 14 -133 324 0 1
MOV 5524 3312 200
MOV 6361 7749 SHIELD
MOV -23983 103085 SHIELD
MOV 98624 -26071 200
OUT 7623 3336 86 -68 183 0 0
OUT 4436 8648 -46 771 358 3 0
OUT 5250 7642 105 91 107 3 1
OUT 3722 4636 173 -165 342 0 1
Round 115 of 240
tags: ENGINE_COOLDOWN
IN 7623 3336 86 -68 183 0 0
IN 4436 8648 -46 771 358 3 0
IN 5250 7642 105 91 107 3 1
IN 3722 4636 173 -165 342 0 1
MOV 5656 2975 200
MOV 6315 7964 200
MOV 6995 107627 200
MOV 84624 -54143 200
OUT 7512 3232 -94 -88 190 0 0
OUT 4390 9419 -39 655 340 2 0
OUT 5355 7733 89 77 89 2 1
OUT 4057 4353 284 -240 324 0 1
Round 116 of 240
tags: ENGINE_COOLDOWN
IN 7512 3232 -94 -88 190 0 0
IN 4390 9419 -39 655 340 2 0
IN 5355 7733 89 77 89 2 1
IN 4057 4353 284 -240 324 0 1
MOV 5623 2576 154
MOV 6283 8775 200
MOV 19272 106760 90
MOV 99163 -26549 120
OUT 7273 3093 -203 -117 199 0 0
OUT 4351 10074 -33 556 341 1 0
OUT 5444 7810 75 65 82 1 1
OUT 4455 4076 338 -235 342 0 1
Round 117 of 240
tags: ENGINE_COOLDOWN
IN 7273 3093 -203 -117 199 0 0
IN 4351 10074 -33 556 341 1 0
IN 5444 7810 75 65 82 1 1
IN 4455 4076 338 -235 342 0 1
MOV 5273 3058 200
MOV 6026 8982 200
MOV 38001 102362 200
MOV 104455 4076 200
OUT 6870 2972 -342 -102 181 0 0
OUT 4318 10630 -28 472 327 0 0
OUT 5519 7875 63 55 71 0 1
OUT 4993 3841 457 -199 360 0 1
Round 118 of 240
tags: MOVE_ONLY
IN 6870 2972 -342 -102 181 0 0
IN 4318 10630 -28 472 327 0 0
IN 5519 7875 63 55 71 0 1
IN 4993 3841 457 -199 360 0 1
MOV 4957 3557 200
MOV 5749 9233 200
MOV 46193 99230 200
MOV 100099 -27061 0
OUT 6337 2928 -453 -37 163 0 0
OUT 4433 10962 97 282 316 0 0
OUT 5663 8113 122 202 66 0 1
OUT 5450 3642 388 -169 342 0 1
Round 119 of 240
tags: ONLY_HIGH_IMPACT SHIELD SINGLE_COLLISION
IN 6337 2928 -453 -37 163 0 0
IN 4433 10962 97 282 316 0 0
IN 5663 8113 122 202 66 0 1
IN 5450 3642 388 -169 342 0 1
MOV 4346 3116 SHIELD
MOV 6231 10085 200
MOV 16116 107565 200
MOV 86352 -55137 SHIELD
OUT 6061 2647 -86 -444 175 3 0
OUT 4709 11155 234 164 334 0 0
OUT 5806 8514 121 340 84 0 1
OUT 5661 3717 31 269 324 3 1
Round 120 of 240
tags: ENGINE_COOLDOWN SHIELD
IN 6061 2647 -86 -444 175 3 0
IN 4709 11155 234 164 334 0 0
IN 5806 8514 121 340 84 0 1
IN 5661 3717 31 269 324 3 1
MOV 4220 3428 SHIELD
MOV 6296 9938 200
MOV 46480 99869 200
MOV 77595 -65749 182
OUT 5975 2203 -73 -377 157 3 0
OUT 5102 11197 333 35 323 0 0
OUT 6008 9037 171 444 66 0 1
OUT 5692 3986 26 228 316 2 1
Round 121 of 240
tags: ENGINE_COOLDOWN
IN 5975 2203 -73 -377 157 3 0
IN 5102 11197 333 35 323 0 0
IN 6008 9037 171 444 66 0 1
IN 5692 3986 26 228 316 2 1
MOV 4466 3515 0
MOV 6993 10546 200
MOV 33572 105163 141
MOV 68624 -73729 0
OUT 5902 1826 -62 -320 139 2 0
OUT 5624 11165 443 -26 341 0 0
OUT 6218 9617 178 492 74 0 1
OUT 5718 4214 22 193 309 1 1
Round 122 of 240
tags: ENGINE_COOLDOWN ONLY_HIGH_IMPACT SINGLE_COLLISION
IN 5902 1826 -62 -320 139 2 0
IN 5624 11165 443 -26 341 0 0
IN 6218 9617 178 492 74 0 1
IN 5718 4214 22 193 309 1 1
MOV 4872 3540 200
MOV 7260 10015 200
MOV 32100 106210 200
MOV 72631 -70100 99
OUT 5840 1506 -52 -272 121 1 0
OUT 6217 11068 289 611 325 0 0
OUT 6461 10258 421 -148 75 0 1
OUT 5740 4407 18 164 312 0 1
Round 123 of 240
tags: ENGINE_COOLDOWN
IN 5840 1506 -52 -272 121 1 0
IN 6217 11068 289 611 325 0 0
IN 6461 10258 421 -148 75 0 1
IN 5740 4407 18 164 312 0 1
MOV 4331 2818 200
MOV 7424 9473 200
MOV 32343 106851 200
MOV 46414 -86948 76
OUT 5788 1234 -44 -231 139 0 0
OUT 6627 11520 348 383 307 0 0
OUT 6934 10303 401 38 75 0 1
OUT 5789 4502 41 80 294 0 1
Round 124 of 240
tags: MOVE_ONLY
IN 5788 1234 -44 -231 139 0 0
IN 6627 11520 348 383 307 0 0
IN 6934 10303 401 38 75 0 1
IN 5789 4502 41 80 294 0 1
MOV 3947 2015 200
MOV 8096 10163 200
MOV 61398 94170 200
MOV 65971 -75362 200
OUT 5560 1081 -193 -129 157 0 0
OUT 7122 11767 420 210 317 0 0
OUT 7444 10509 433 174 57 0 1
OUT 5950 4422 137 -67 307 0 1
Round 125 of 240
tags: SHIELD
IN 5560 1081 -193 -129 157 0 0
IN 7122 11767 420 210 317 0 0
IN 7444 10509 433 174 57 0 1
IN 5950 4422 137 -67 307 0 1
MOV 3568 1255 SHIELD
MOV 8382 10214 200
MOV 33326 107102 200
MOV 38507 -90130 200
OUT 5367 952 -164 -109 175 3 0
OUT 7668 11822 464 46 309 0 0
OUT 7929 10876 412 312 75 0 1
OUT 6152 4166 171 -217 289 0 1
Round 126 of 240
tags: ENGINE_COOLDOWN ONLY_HIGH_IMPACT SHIELD SINGLE_COLLISION
IN 5367 952 -164 -109 175 3 0
IN 7668 11822 464 46 309 0 0
IN 7929 10876 412 312 75 0 1
IN 6152 4166 171 -217 289 0 1
MOV 3367 956 200
MOV 9243 10590 200
MOV 2695 110739 SHIELD
MOV 7897 -95819 173
OUT 5203 843 -139 -92 180 2 0
OUT 8194 12180 386 576 322 0 0
OUT 8351 11144 364 201 93 3 1
OUT 6326 3776 147 -331 271 0 1
Round 127 of 240
tags: ENGINE_COOLDOWN SHIELD
IN 5203 843 -139 -92 180 2 0
IN 8194 12180 386 576 322 0 0
IN 8351 11144 364 201 93 3 1
IN 6326 3776 147 -331 271 0 1
MOV 3301 225 SHIELD
MOV 9497 10662 200
MOV 18804 110596 182
MOV -22911 -91854 18
OUT 5064 751 -118 -78 198 3 0
OUT 8710 12604 438 360 311 0 0
OUT 8715 11345 309 170 84 2 1
OUT 6468 3428 120 -295 253 0 1
Round 128 of 240
tags: ENGINE_COOLDOWN
IN 5064 751 -118 -78 198 3 0
IN 8710 12604 438 360 311 0 0
IN 8715 11345 309 170 84 2 1
IN 6468 3428 120 -295 253 0 1
MOV 3064 751 11
MOV 9879 10981 200
MOV 49389 102700 200
MOV -50890 -78487 0
OUT 4946 673 -100 -66 180 2 0
OUT 9265 12802 471 168 306 0 0
OUT 9024 11515 262 144 66 1 1
OUT 6588 3133 102 -250 235 0 1
Round 129 of 240
tags: ENGINE_COOLDOWN
IN 4946 673 -100 -66 180 2 0
IN 9265 12802 471 168 306 0 0
IN 9024 11515 262 144 66 1 1
IN 6588 3133 102 -250 235 0 1
MOV 3044 1291 200
MOV 10242 11057 200
MOV 75937 85829 189
MOV -73276 -57049 0
OUT 4846 607 -85 -56 162 1 0
OUT 9834 12795 483 -5 299 0 0
OUT 9286 11659 222 122 48 0 1
OUT 6690 2883 86 -212 217 0 1
Round 130 of 240
tags: ENGINE_COOLDOWN
IN 4846 607 -85 -56 162 1 0
IN 9834 12795 483 -5 299 0 0
IN 9286 11659 222 122 48 0 1
IN 6690 2883 86 -212 217 0 1
MOV 3228 1783 25
MOV 10216 10832 200
MOV 95889 61659 200
MOV -87862 -29674 0
OUT 4761 551 -72 -47 144 0 0
OUT 10356 12594 443 -170 281 0 0
OUT 9681 11881 335 188 30 0 1
OUT 6776 2671 73 -180 199 0 1
Round 131 of 240
tags: ONLY_HIGH_IMPACT SHIELD SINGLE_COLLISION
IN 4761 551 -72 -47 144 0 0
IN 10356 12594 443 -170 281 0 0
IN 9681 11881 335 188 30 0 1
IN 6776 2671 73 -180 199 0 1
MOV 3585 2169 SHIELD
MOV 10183 10601 200
MOV 103039 47718 200
MOV -93209 926 131
OUT 4689 504 -61 -39 126 3 0
OUT 11011 12397 670 -81 265 0 0
OUT 9974 11968 134 -11 21 0 1
OUT 6718 2489 -49 -154 181 0 1
Round 132 of 240
tags: ENGINE_COOLDOWN
IN 4689 504 -61 -39 126 3 0
IN 11011 12397 670 -81 265 0 0
IN 9974 11968 134 -11 21 0 1
IN 6718 2489 -49 -154 181 0 1
MOV 4071 2406 200
MOV 11432 10442 200
MOV 109837 17202 200
MOV -88912 31726 200
OUT 4628 465 -51 -33 108 2 0
OUT 11723 12120 605 -235 282 0 0
OUT 10308 11967 283 0 3 0 1
OUT 6478 2393 -204 -81 163 0 1
Round 133 of 240
tags: ENGINE_COOLDOWN
IN 4628 465 -51 -33 108 2 0
IN 11723 12120 605 -235 282 0 0
IN 10308 11967 283 0 3 0 1
IN 6478 2393 -204 -81 163 0 1
MOV 4628 2465 200
MOV 11515 10131 200
MOV 106901 -13915 200
MOV -75437 59751 200
OUT 4577 432 -43 -28 90 1 0
OUT 12308 11686 496 -368 264 0 0
OUT 10784 11915 404 -43 345 0 1
OUT 6110 2427 -312 28 145 0 1
Round 134 of 240
tags: ENGINE_COOLDOWN
IN 4577 432 -43 -28 90 1 0
IN 12308 11686 496 -368 264 0 0
IN 10784 11915 404 -43 345 0 1
IN 6110 2427 -312 28 145 0 1
MOV 4510 2431 200
MOV 12220 9688 200
MOV 94651 -42549 200
MOV -54072 82291 200
OUT 4534 404 -36 -23 92 0 0
OUT 12795 11118 414 -482 267 0 0
OUT 11356 11763 485 -129 327 0 1
OUT 5678 2615 -367 159 127 0 1
Round 135 of 240
tags: MOVE_ONLY
IN 4534 404 -36 -23 92 0 0
IN 12795 11118 414 -482 267 0 0
IN 11356 11763 485 -129 327 0 1
IN 5678 2615 -367 159 127 0 1
MOV 5085 2327 200
MOV 12535 9135 200
MOV 74288 -65952 200
MOV -26879 97167 0
OUT 4553 573 16 143 74 0 0
OUT 13183 10438 329 -578 263 0 0
OUT 11967 11479 519 -241 309 0 1
OUT 5311 2774 -311 135 109 0 1
Round 136 of 240
tags: MOVE_ONLY
IN 4553 573 16 143 74 0 0
IN 13183 10438 329 -578 263 0 0
IN 11967 11479 519 -241 309 0 1
IN 5311 2774 -311 135 109 0 1
MOV 5575 2292 200
MOV 12367 8612 200
MOV 47804 -81879 200
MOV -6876 102029 200
OUT 4671 888 100 267 59 0 0
OUT 13430 9677 210 -646 246 0 0
OUT 12558 11051 502 -363 291 0 1
OUT 4976 3108 -285 283 97 0 1
Round 137 of 240
tags: MOVE_ONLY
IN 4671 888 100 267 59 0 0
IN 13430 9677 210 -646 246 0 0
IN 12558 11051 502 -363 291 0 1
IN 4976 3108 -285 283 97 0 1
MOV 6180 2200 200
MOV 12872 7756 200
MOV 17792 -88812 200
MOV -17519 100545 200
OUT 4921 1287 212 339 41 0 0
OUT 13584 8839 131 -712 254 0 0
OUT 13070 10488 435 -478 273 0 1
OUT 4646 3586 -280 406 103 0 1
Round 138 of 240
tags: MOVE_ONLY
IN 4921 1287 212 339 41 0 0
IN 13584 8839 131 -712 254 0 0
IN 13070 10488 435 -478 273 0 1
IN 4646 3586 -280 406 103 0 1
MOV 6505 2508 200
MOV 12967 6936 200
MOV -12812 -86105 200
MOV 13362 103205 37
OUT 5291 1748 314 391 38 0 0
OUT 13653 7937 58 -766 252 0 0
OUT 13453 9817 325 -570 255 0 1
OUT 4369 4029 -235 376 85 0 1
Round 139 of 240
tags: MOVE_ONLY
IN 5291 1748 314 391 38 0 0
IN 13653 7937 58 -766 252 0 0
IN 13453 9817 325 -570 255 0 1
IN 4369 4029 -235 376 85 0 1
MOV 7086 2630 198
MOV 12477 6319 136
MOV -41011 -74050 200
MOV 43442 96079 166
OUT 5783 2226 417 406 26 0 0
OUT 13631 7061 -18 -744 234 0 0
OUT 13669 9079 183 -627 237 0 1
OUT 4199 4558 -144 449 67 0 1
Round 140 of 240
tags: MOVE_ONLY
IN 5783 2226 417 406 26 0 0
IN 13631 7061 -18 -744 234 0 0
IN 13669 9079 183 -627 237 0 1
IN 4199 4558 -144 449 67 0 1
MOV 7543 3176 200
MOV 12572 5364 200
MOV -64046 -53853 200
MOV 69805 80029 200
OUT 6376 2727 504 425 28 0 0
OUT 13507 6147 -105 -776 238 0 0
OUT 13697 8326 23 -639 219 0 1
OUT 4186 5158 -10 509 49 0 1
Round 141 of 240
tags: MOVE_ONLY
IN 6376 2727 504 425 28 0 0
IN 13507 6147 -105 -776 238 0 0
IN 13697 8326 23 -639 219 0 1
IN 4186 5158 -10 509 49 0 1
MOV 7765 4166 200
MOV 11975 4861 118
MOV -79661 -27511 200
MOV 89903 56662 200
OUT 7019 3296 546 483 46 0 0
OUT 13312 5295 -166 -724 220 0 0
OUT 13533 7615 -139 -604 201 0 1
OUT 4347 5770 137 520 31 0 1
Round 142 of 240
tags: MOVE_ONLY
IN 7019 3296 546 483 46 0 0
IN 13312 5295 -166 -724 220 0 0
IN 13533 7615 -139 -604 201 0 1
IN 4347 5770 137 520 31 0 1
MOV 7896 5094 200
MOV 11458 4546 169
MOV -64182 -55317 200
MOV 101784 28265 200
OUT 7653 3959 538 563 64 0 0
OUT 12989 4508 -274 -669 202 0 0
OUT 13239 6885 -250 -620 219 0 1
OUT 4679 6335 282 480 13 0 1
Round 143 of 240
tags: SHIELD
IN 7653 3959 538 563 64 0 0
IN 12989 4508 -274 -669 202 0 0
IN 13239 6885 -250 -620 219 0 1
IN 4679 6335 282 480 13 0 1
MOV 7931 5940 SHIELD
MOV 10994 4368 197
MOV -72478 -44619 200
MOV 104298 -2381 200
OUT 8191 4522 457 478 82 3 0
OUT 12518 3825 -399 -580 184 0 0
OUT 12818 6162 -358 -614 211 0 1
OUT 5160 6798 409 393 355 0 1
Round 144 of 240
tags: ENGINE_COOLDOWN SHIELD
IN 8191 4522 457 478 82 3 0
IN 12518 3825 -399 -580 184 0 0
IN 12818 6162 -358 -614 211 0 1
IN 5160 6798 409 393 355 0 1
MOV 7844 6492 SHIELD
MOV 10577 4309 200
MOV -52788 -69309 200
MOV 97210 -32275 200
OUT 8648 5000 388 406 100 3 0
OUT 11925 3293 -504 -451 166 0 0
OUT 12329 5397 -415 -650 229 0 1
OUT 5753 7113 504 267 337 0 1
Round 145 of 240
tags: ENGINE_COOLDOWN SHIELD
IN 8648 5000 388 406 100 3 0
IN 11925 3293 -504 -451 166 0 0
IN 12329 5397 -415 -650 229 0 1
IN 5753 7113 504 267 337 0 1
MOV 7709 6766 SHIELD
MOV 10229 4353 200
MOV -66472 -56169 200
MOV 81224 -58493 200
OUT 9036 5406 329 345 118 3 0
OUT 11251 2948 -572 -293 148 0 0
OUT 11756 4624 -486 -657 218 0 1
OUT 6408 7249 556 115 319 0 1
Round 146 of 240
tags: ENGINE_COOLDOWN
IN 9036 5406 329 345 118 3 0
IN 11251 2948 -572 -293 148 0 0
IN 11756 4624 -486 -657 218 0 1
IN 6408 7249 556 115 319 0 1
MOV 7598 6796 200
MOV 9704 4216 200
MOV -82213 -29578 200
MOV 98458 -31824 0
OUT 9365 5751 279 293 136 2 0
OUT 10524 2782 -617 -141 141 0 0
OUT 11082 3899 -572 -616 200 0 1
OUT 6964 7364 472 97 337 0 1
Round 147 of 240
tags: ENGINE_COOLDOWN ONLY_HIGH_IMPACT SINGLE_COLLISION
IN 9365 5751 279 293 136 2 0
IN 10524 2782 -617 -141 141 0 0
IN 11082 3899 -572 -616 200 0 1
IN 6964 7364 472 97 337 0 1
MOV 7567 6628 200
MOV 9423 4452 200
MOV -88857 409 118
MOV 82435 -58242 85
OUT 9644 6044 237 249 154 1 0
OUT 9765 2779 -874 -211 123 0 0
OUT 10424 3308 -330 -293 182 0 1
OUT 7500 7405 455 35 319 0 1
Round 148 of 240
tags: ENGINE_COOLDOWN
IN 9644 6044 237 249 154 1 0
IN 9765 2779 -874 -211 123 0 0
IN 10424 3308 -330 -293 182 0 1
IN 7500 7405 455 35 319 0 1
MOV 7663 6322 200
MOV 9247 4711 200
MOV -85702 30872 0
MOV 59004 -78312 199
OUT 9881 6293 201 211 172 0 0
OUT 8838 2761 -788 -15 105 0 0
OUT 10094 3015 -280 -249 164 0 1
OUT 8057 7269 473 -115 301 0 1
Round 149 of 240
tags: MOVE_ONLY
IN 9881 6293 201 211 172 0 0
IN 8838 2761 -788 -15 105 0 0
IN 10094 3015 -280 -249 164 0 1
IN 8057 7269 473 -115 301 0 1
MOV 7911 5946 151
MOV 8943 4758 200
MOV -72810 58934 200
MOV 30552 -90168 200
OUT 9933 6478 44 157 190 0 0
OUT 8059 2946 -662 157 87 0 0
OUT 9648 2878 -378 -116 146 0 1
OUT 8575 6959 440 -263 283 0 1
Round 150 of 240
tags: ONLY_HIGH_IMPACT SINGLE_COLLISION
IN 9933 6478 44 157 190 0 0
IN 8059 2946 -662 157 87 0 0
IN 9648 2878 -378 -116 146 0 1
IN 8575 6959 440 -263 283 0 1
MOV 8149 5573 200
MOV 8732 4829 200
MOV -51918 81679 200
MOV 60079 -78758 74
OUT 9848 6537 443 -26 207 0 0
OUT 7464 3291 -505 293 70 0 0
OUT 9147 2920 -425 35 128 0 1
OUT 9004 6640 -151 -194 301 0 1
Round 151 of 240
tags: MOVE_ONLY
IN 9848 6537 443 -26 207 0 0
IN 7464 3291 -505 293 70 0 0
IN 9147 2920 -425 35 128 0 1
IN 9004 6640 -151 -194 301 0 1
MOV 8434 5123 0
MOV 8695 4867 200
MOV -48211 84835 123
MOV 84475 -58966 200
OUT 10291 6511 376 -22 225 0 0
OUT 7081 3742 -325 383 52 0 0
OUT 8651 3056 -421 115 125 0 1
OUT 9004 6315 0 -276 319 0 1
Round 152 of 240
tags: MOVE_ONLY
IN 10291 6511 376 -22 225 0 0
IN 7081 3742 -325 383 52 0 0
IN 8651 3056 -421 115 125 0 1
IN 9004 6315 0 -276 319 0 1
MOV 8509 5603 42
MOV 8654 4978 200
MOV -42853 88773 0
MOV 88868 -53867 200
OUT 10630 6470 287 -34 207 0 0
OUT 6913 4249 -142 430 38 0 0
OUT 8230 3171 -357 97 121 0 1
OUT 9164 5919 135 -336 323 0 1
Round 153 of 240
tags: SHIELD
IN 10630 6470 287 -34 207 0 0
IN 6913 4249 -142 430 38 0 0
IN 8230 3171 -357 97 121 0 1
IN 9164 5919 135 -336 323 0 1
MOV 9191 5081 SHIELD
MOV 8031 5907 200
MOV -14265 100608 0
MOV 103716 -26638 169
OUT 10917 6436 243 -28 224 3 0
OUT 6883 4845 -25 506 56 0 0
OUT 7873 3268 -303 82 103 0 1
OUT 9459 5528 250 -332 341 0 1
Round 154 of 240
tags: ENGINE_COOLDOWN
IN 10917 6436 243 -28 224 3 0
IN 6883 4845 -25 506 56 0 0
IN 7873 3268 -303 82 103 0 1
IN 9459 5528 250 -332 341 0 1
MOV 9978 4670 113
MOV 8459 6076 200
MOV -2580 102720 0
MOV 101509 -33545 198
OUT 11160 6408 206 -23 242 2 0
OUT 7016 5474 112 534 38 0 0
OUT 7570 3350 -257 69 96 0 1
OUT 9891 5119 367 -347 337 0 1
Round 155 of 240
tags: ENGINE_COOLDOWN
IN 11160 6408 206 -23 242 2 0
IN 7016 5474 112 534 38 0 0
IN 7570 3350 -257 69 96 0 1
IN 9891 5119 367 -347 337 0 1
MOV 10813 4438 102
MOV 8895 6158 0
MOV 28361 101165 0
MOV 109510 -3597 200
OUT 11366 6385 175 -19 260 1 0
OUT 7128 6008 95 453 20 0 0
OUT 7313 3419 -218 58 78 0 1
OUT 10457 4755 481 -309 355 0 1
Round 156 of 240
tags: ENGINE_COOLDOWN
IN 11366 6385 175 -19 260 1 0
IN 7128 6008 95 453 20 0 0
IN 7313 3419 -218 58 78 0 1
IN 10457 4755 481 -309 355 0 1
MOV 11644 4404 12
MOV 9127 6083 55
MOV 57313 90022 0
MOV 107894 27250 193
OUT 11541 6366 148 -16 278 0 0
OUT 7278 6463 127 386 2 0 0
OUT 7095 3477 -185 49 60 0 1
OUT 11126 4489 568 -225 13 0 1
Round 157 of 240
tags: MOVE_ONLY
IN 11541 6366 148 -16 278 0 0
IN 7278 6463 127 386 2 0 0
IN 7095 3477 -185 49 60 0 1
IN 11126 4489 568 -225 13 0 1
MOV 12418 4568 200
MOV 9201 5912 142
MOV 57095 90080 200
MOV 96843 55993 0
OUT 11777 6170 200 -166 296 0 0
OUT 7542 6810 224 295 344 0 0
OUT 7010 3699 -72 188 60 0 1
OUT 11694 4264 482 -191 31 0 1
Round 158 of 240
tags: MOVE_ONLY
IN 11777 6170 200 -166 296 0 0
IN 7542 6810 224 295 344 0 0
IN 7010 3699 -72 188 60 0 1
IN 11694 4264 482 -191 31 0 1
MOV 13166 4731 79
MOV 9200 5692 161
MOV 81324 70612 200
MOV 77300 79735 111
OUT 12032 5947 216 -189 314 0 0
OUT 7900 7015 304 174 326 0 0
OUT 7087 4021 65 273 42 0 1
OUT 12249 4157 471 -91 49 0 1
Round 159 of 240
tags: MOVE_ONLY
IN 12032 5947 216 -189 314 0 0
IN 7900 7015 304 174 326 0 0
IN 7087 4021 65 273 42 0 1
IN 12249 4157 471 -91 49 0 1
MOV 13798 5008 53
MOV 9131 5439 200
MOV 98442 44695 200
MOV 51322 96207 0
OUT 12295 5733 223 -181 332 0 0
OUT 8328 7032 363 14 308 0 0
OUT 7335 4375 210 301 24 0 1
OUT 12720 4066 400 -77 67 0 1
Round 160 of 240
tags: MOVE_ONLY
IN 12295 5733 223 -181 332 0 0
IN 8328 7032 363 14 308 0 0
IN 7335 4375 210 301 24 0 1
IN 12720 4066 400 -77 67 0 1
MOV 14227 5217 200
MOV 9396 5341 200
MOV 106787 14828 200
MOV 21436 103685 182
OUT 12711 5500 353 -197 345 0 0
OUT 8798 6877 399 -131 302 0 0
OUT 7744 4697 347 273 6 0 1
OUT 13136 4170 353 88 85 0 1
Round 161 of 240
tags: MOVE_ONLY
IN 12711 5500 353 -197 345 0 0
IN 8798 6877 399 -131 302 0 0
IN 7744 4697 347 273 6 0 1
IN 13136 4170 353 88 85 0 1
MOV 14388 4411 111
MOV 9282 4936 200
MOV 99099 45371 200
MOV -9359 101607 142
OUT 13157 5243 379 -218 327 0 0
OUT 9246 6552 381 -276 284 0 0
OUT 8274 5051 450 301 24 0 1
OUT 13457 4396 272 192 103 0 1
Round 162 of 240
tags: ONLY_HIGH_IMPACT SHIELD SINGLE_COLLISION
IN 13157 5243 379 -218 327 0 0
IN 9246 6552 381 -276 284 0 0
IN 8274 5051 450 301 24 0 1
IN 13457 4396 272 192 103 0 1
MOV 14416 3689 SHIELD
MOV 9106 4557 200
MOV 99629 45725 200
MOV -7334 102211 SHIELD
OUT 13425 5329 198 151 309 3 0
OUT 9614 6076 312 -404 266 0 0
OUT 8907 5433 537 324 24 0 1
OUT 13840 4284 354 -173 102 3 1
Round 163 of 240
tags: ENGINE_COOLDOWN ONLY_HIGH_IMPACT SHIELD SINGLE_COLLISION
IN 13425 5329 198 151 309 3 0
IN 9614 6076 312 -404 266 0 0
IN 8907 5433 537 324 24 0 1
IN 13840 4284 354 -173 102 3 1
MOV 15102 4240 0
MOV 9985 4111 SHIELD
MOV 108359 15886 SHIELD
MOV -15397 99914 179
OUT 13623 5480 168 128 327 2 0
OUT 10298 5937 684 -44 281 3 0
OUT 9072 5492 37 -23 6 3 1
OUT 14194 4111 300 -147 107 2 1
Round 164 of 240
tags: ENGINE_COOLDOWN
IN 13623 5480 168 128 327 2 0
IN 10298 5937 684 -44 281 3 0
IN 9072 5492 37 -23 6 3 1
IN 14194 4111 300 -147 107 2 1
MOV 15288 4373 1
MOV 10054 3952 200
MOV 106887 -15299 76
MOV -43164 86026 7
OUT 13791 5608 142 108 326 1 0
OUT 10982 5893 581 -37 263 2 0
OUT 9109 5469 31 -19 348 2 1
OUT 14494 3964 255 -124 125 1 1
Round 165 of 240
tags: ENGINE_COOLDOWN
IN 13791 5608 142 108 326 1 0
IN 10982 5893 581 -37 263 2 0
IN 9109 5469 31 -19 348 2 1
IN 14494 3964 255 -124 125 1 1
MOV 15022 4032 0
MOV 10137 4080 200
MOV 95712 -44531 31
MOV -65370 64146 69
OUT 13933 5716 120 91 308 0 0
OUT 11563 5856 493 -31 245 1 0
OUT 9140 5450 26 -16 330 1 1
OUT 14749 3840 216 -105 143 0 1
Round 166 of 240
tags: ENGINE_COOLDOWN
IN 13933 5716 120 91 308 0 0
IN 11563 5856 493 -31 245 1 0
IN 9140 5450 26 -16 330 1 1
IN 14749 3840 216 -105 143 0 1
MOV 14617 3837 89
MOV 10199 4393 200
MOV 91055 -51908 200
MOV -79803 36397 200
OUT 14084 5724 128 6 290 0 0
OUT 12056 5825 419 -26 227 0 0
OUT 9166 5434 22 -13 325 0 1
OUT 14776 3800 22 -33 161 0 1
Round 167 of 240
tags: MOVE_ONLY
IN 14084 5724 128 6 290 0 0
IN 12056 5825 419 -26 227 0 0
IN 9166 5434 22 -13 325 0 1
IN 14776 3800 22 -33 161 0 1
MOV 14154 3725 200
MOV 10701 4354 200
MOV 98267 -39965 200
MOV -65088 63982 200
OUT 14220 5530 115 -164 272 0 0
OUT 12339 5652 240 -147 227 0 0
OUT 9366 5330 170 -88 333 0 1
OUT 14638 3887 -117 74 143 0 1
Round 168 of 240
tags: MOVE_ONLY
IN 14220 5530 115 -164 272 0 0
IN 12339 5652 240 -147 227 0 0
IN 9366 5330 170 -88 333 0 1
IN 14638 3887 -117 74 143 0 1
MOV 13669 3607 200
MOV 10621 4628 200
MOV 92270 -50589 200
MOV -64163 65453 94
OUT 14281 5173 51 -303 254 0 0
OUT 12407 5403 57 -211 211 0 0
OUT 9702 5130 285 -169 326 0 1
OUT 14447 4019 -162 112 142 0 1
Round 169 of 240
tags: ONLY_HIGH_IMPACT SHIELD SINGLE_COLLISION
IN 14281 5173 51 -303 254 0 0
IN 12407 5403 57 -211 211 0 0
IN 9702 5130 285 -169 326 0 1
IN 14447 4019 -162 112 142 0 1
MOV 14185 3175 200
MOV 11095 3894 200
MOV 85173 -60476 200
MOV -41472 86923 SHIELD
OUT 14293 5149 -23 538 267 0 0
OUT 12332 5042 -63 -307 229 0 0
OUT 10138 4830 370 -255 319 0 1
OUT 14288 4083 -131 -1 124 3 1
Round 170 of 240
tags: ENGINE_COOLDOWN
IN 14293 5149 -23 538 267 0 0
IN 12332 5042 -63 -307 229 0 0
IN 10138 4830 370 -255 319 0 1
IN 14288 4083 -131 -1 124 3 1
MOV 14692 3189 200
MOV 10618 4012 60
MOV 102188 -34243 102
MOV -13276 100209 0
OUT 14310 5491 14 290 282 0 0
OUT 12218 4704 -97 -287 211 0 0
OUT 10602 4535 394 -250 337 0 1
OUT 14157 4082 -111 0 106 2 1
Round 171 of 240
tags: ENGINE_COOLDOWN ONLY_HIGH_IMPACT SINGLE_COLLISION
IN 14310 5491 14 290 282 0 0
IN 12218 4704 -97 -287 211 0 0
IN 10602 4535 394 -250 337 0 1
IN 14157 4082 -111 0 106 2 1
MOV 14642 3519 200
MOV 10269 4254 200
MOV 110221 -4181 199
MOV 17647 104021 49
OUT 14357 5584 40 78 280 0 0
OUT 11986 4380 496 -179 193 0 0
OUT 11134 4259 -241 -329 355 0 1
OUT 14046 4082 -94 0 88 1 1
Round 172 of 240
tags: ENGINE_COOLDOWN
IN 14357 5584 40 78 280 0 0
IN 11986 4380 496 -179 193 0 0
IN 11134 4259 -241 -329 355 0 1
IN 14046 4082 -94 0 88 1 1
MOV 14927 3667 200
MOV 10249 3389 200
MOV 110890 -2717 166
MOV 48248 98051 155
OUT 14454 5470 82 -96 287 0 0
OUT 12308 4102 273 -236 210 0 0
OUT 11059 3918 -64 -289 356 0 1
OUT 13952 4082 -79 0 70 0 1
Round 173 of 240
tags: MOVE_ONLY
IN 14454 5470 82 -96 287 0 0
IN 12308 4102 273 -236 210 0 0
IN 11059 3918 -64 -289 356 0 1
IN 13952 4082 -79 0 70 0 1
MOV 14419 3470 200
MOV 10970 2616 200
MOV 111044 5663 200
MOV 17442 104021 149
OUT 14533 5174 66 -251 269 0 0
OUT 12446 3718 117 -326 228 0 0
OUT 11195 3632 115 -242 1 0 1
OUT 13878 4231 -62 126 88 0 1
Round 174 of 240
tags: MOVE_ONLY
IN 14533 5174 66 -251 269 0 0
IN 12446 3718 117 -326 228 0 0
IN 11195 3632 115 -242 1 0 1
IN 13878 4231 -62 126 88 0 1
MOV 15118 3261 200
MOV 11281 2092 200
MOV 106825 -25605 200
MOV -13686 100357 0
OUT 14657 4732 105 -375 287 0 0
OUT 12447 3229 0 -415 234 0 0
OUT 11501 3332 260 -255 343 0 1
OUT 13816 4357 -52 107 106 0 1
Round 175 of 240
tags: ONLY_HIGH_IMPACT SHIELD SINGLE_COLLISION
IN 14657 4732 105 -375 287 0 0
IN 12447 3229 0 -415 234 0 0
IN 11501 3332 260 -255 343 0 1
IN 13816 4357 -52 107 106 0 1
MOV 15804 3094 SHIELD
MOV 10829 2053 200
MOV 93416 -54026 SHIELD
MOV -42103 87261 0
OUT 14762 4357 89 -318 305 3 0
OUT 12619 2600 350 -593 216 0 0
OUT 11728 3087 172 -202 325 3 1
OUT 13764 4464 -44 90 124 0 1
Round 176 of 240
tags: ENGINE_COOLDOWN SHIELD
IN 14762 4357 89 -318 305 3 0
IN 12619 2600 350 -593 216 0 0
IN 11728 3087 172 -202 325 3 1
IN 13764 4464 -44 90 124 0 1
MOV 16359 3153 SHIELD
MOV 10717 1982 200
MOV 71910 -76777 0
MOV -65037 66030 0
OUT 14851 4039 75 -270 323 3 0
OUT 12779 1944 136 -557 198 0 0
OUT 11900 2885 146 -171 307 2 1
OUT 13720 4554 -37 76 142 0 1
Round 177 of 240
tags: ENGINE_COOLDOWN
IN 14851 4039 75 -270 323 3 0
IN 12779 1944 136 -557 198 0 0
IN 11900 2885 146 -171 307 2 1
IN 13720 4554 -37 76 142 0 1
MOV 16599 3067 0
MOV 10779 1944 200
MOV 44457 -91667 0
MOV -80249 38756 39
OUT 14926 3769 63 -229 331 2 0
OUT 12715 1386 -54 -474 180 0 0
OUT 12046 2714 124 -145 289 1 1
OUT 13646 4643 -62 75 160 0 1
Round 178 of 240
tags: ENGINE_COOLDOWN SHIELD
IN 14926 3769 63 -229 331 2 0
IN 12715 1386 -54 -474 180 0 0
IN 12046 2714 124 -145 289 1 1
IN 13646 4643 -62 75 160 0 1
MOV 16889 3387 SHIELD
MOV 10813 2004 200
MOV 13791 -97271 0
MOV -86293 8133 200
OUT 14989 3540 53 -194 349 3 0
OUT 12470 973 -207 -351 162 0 0
OUT 12170 2569 105 -123 271 0 1
OUT 13384 4725 -222 69 178 0 1
Round 179 of 240
tags: ENGINE_COOLDOWN SHIELD
IN 14989 3540 53 -194 349 3 0
IN 12470 973 -207 -351 162 0 0
IN 12170 2569 105 -123 271 0 1
IN 13384 4725 -222 69 178 0 1
MOV 16974 3784 SHIELD
MOV 10852 2149 200
MOV -17067 -93061 0
MOV -82742 -22839 200
OUT 15042 3346 45 -164 7 3 0
OUT 12100 738 -314 -199 144 0 0
OUT 12275 2446 89 -104 253 0 1
OUT 12970 4739 -352 11 196 0 1
Round 180 of 240
tags: ENGINE_COOLDOWN SHIELD
IN 15042 3346 45 -164 7 3 0
IN 12100 738 -314 -199 144 0 0
IN 12275 2446 89 -104 253 0 1
IN 12970 4739 -352 11 196 0 1
MOV 16855 4191 SHIELD
MOV 10924 2356 200
MOV -45083 -79469 200
MOV -69934 -51180 18
OUT 15087 3182 38 -139 25 3 0
OUT 11667 700 -367 -32 126 0 0
OUT 12249 2178 -21 -227 235 0 1
OUT 12603 4740 -311 0 214 0 1
Round 181 of 240
tags: ENGINE_COOLDOWN SHIELD
IN 15087 3182 38 -139 25 3 0
IN 11667 700 -367 -32 126 0 0
IN 12249 2178 -21 -227 235 0 1
IN 12603 4740 -311 0 214 0 1
MOV 16550 4546 SHIELD
MOV 10049 1876 200
MOV -67615 -58004 200
MOV -48963 -74061 200
OUT 15125 3043 32 -118 43 3 0
OUT 11138 786 -449 72 144 0 0
OUT 12068 1831 -153 -295 217 0 1
OUT 12169 4582 -369 -133 232 0 1
Round 182 of 240
tags: ENGINE_COOLDOWN SHIELD
IN 15125 3043 32 -118 43 3 0
IN 11138 786 -449 72 144 0 0
IN 12068 1831 -153 -295 217 0 1
IN 12169 4582 -369 -133 232 0 1
MOV 16095 4792 SHIELD
MOV 9236 1404 200
MOV -82484 -30726 200
MOV -22033 -89387 0
OUT 15157 2925 27 -100 61 3 0
OUT 10499 920 -543 113 162 0 0
OUT 11726 1471 -290 -306 199 0 1
OUT 11800 4449 -313 -113 250 0 1
Round 183 of 240
tags: ENGINE_COOLDOWN
IN 15157 2925 27 -100 61 3 0
IN 10499 920 -543 113 162 0 0
IN 11726 1471 -290 -306 199 0 1
IN 11800 4449 -313 -113 250 0 1
MOV 15539 4888 0
MOV 8881 2096 200
MOV -88259 -274 200
MOV -22402 -89520 25
OUT 15184 2825 22 -85 79 2 0
OUT 9794 1151 -599 195 144 0 0
OUT 11236 1162 -416 -263 181 0 1
OUT 11478 4313 -273 -116 250 0 1
Round 184 of 240
tags: ENGINE_COOLDOWN
IN 15184 2825 22 -85 79 2 0
IN 9794 1151 -599 195 144 0 0
IN 11236 1162 -416 -263 181 0 1
IN 11478 4313 -273 -116 250 0 1
MOV 14940 4810 0
MOV 8021 2076 200
MOV -84394 30399 200
MOV 7988 -95626 36
OUT 15206 2740 18 -72 97 1 0
OUT 9018 1439 -659 244 152 0 0
OUT 10629 957 -516 -173 163 0 1
OUT 11204 4161 -233 -129 268 0 1
Round 185 of 240
tags: ENGINE_COOLDOWN
IN 15206 2740 18 -72 97 1 0
IN 9018 1439 -659 244 152 0 0
IN 10629 957 -516 -173 163 0 1
IN 11204 4161 -233 -129 268 0 1
MOV 14361 4553 0
MOV 7629 2878 200
MOV -71286 58315 200
MOV 38768 -91965 195
OUT 15224 2668 15 -61 115 0 0
OUT 8219 1826 -679 328 134 0 0
OUT 9949 899 -577 -49 145 0 1
OUT 11025 3845 -152 -268 286 0 1
Round 186 of 240
tags: MOVE_ONLY
IN 15224 2668 15 -61 115 0 0
IN 8219 1826 -679 328 134 0 0
IN 9949 899 -577 -49 145 0 1
IN 11025 3845 -152 -268 286 0 1
MOV 13917 4182 200
MOV 6462 2782 200
MOV -50233 80763 0
MOV 7535 -96094 0
OUT 15108 2758 -98 76 131 0 0
OUT 7364 2250 -726 360 151 0 0
OUT 9372 850 -490 -41 127 0 1
OUT 10873 3577 -129 -227 268 0 1
Round 187 of 240
tags: MOVE_ONLY
IN 15108 2758 -98 76 131 0 0
IN 7364 2250 -726 360 151 0 0
IN 9372 850 -490 -41 127 0 1
IN 10873 3577 -129 -227 268 0 1
MOV 13516 3968 200
MOV 6000 3713 200
MOV -23185 95402 66
MOV -23329 -90392 0
OUT 14851 2955 -218 167 143 0 0
OUT 6500 2755 -734 429 133 0 0
OUT 8861 871 -434 18 109 0 1
OUT 10744 3350 -109 -192 250 0 1
Round 188 of 240
tags: MOVE_ONLY
IN 14851 2955 -218 167 143 0 0
IN 6500 2755 -734 429 133 0 0
IN 8861 871 -434 18 109 0 1
IN 10744 3350 -109 -192 250 0 1
MOV 12960 3606 200
MOV 5655 4568 7
MOV 7116 100856 200
MOV -50822 -75451 0
OUT 14444 3188 -345 197 161 0 0
OUT 5763 3190 -626 370 115 0 0
OUT 8424 1089 -371 185 91 0 1
OUT 10635 3158 -92 -163 232 0 1
Round 189 of 240
tags: MOVE_ONLY
IN 14444 3188 -345 197 161 0 0
IN 5763 3190 -626 370 115 0 0
IN 8424 1089 -371 185 91 0 1
IN 10635 3158 -92 -163 232 0 1
MOV 12444 3223 180
MOV 5519 5175 0
MOV 37661 96719 200
MOV -72269 -52761 0
OUT 13919 3389 -446 170 179 0 0
OUT 5137 3560 -532 314 97 0 0
OUT 8111 1465 -265 319 73 0 1
OUT 10543 2995 -78 -138 214 0 1
Round 190 of 240
tags: MOVE_ONLY
IN 13919 3389 -446 170 179 0 0
IN 5137 3560 -532 314 97 0 0
IN 8111 1465 -265 319 73 0 1
IN 10543 2995 -78 -138 214 0 1
MOV 12006 2804 135
MOV 5519 5523 21
MOV 65469 83380 0
MOV -85583 -24569 0
OUT 13344 3520 -488 111 197 0 0
OUT 4609 3895 -448 284 79 0 0
OUT 7846 1784 -225 271 55 0 1
OUT 10465 2857 -66 -117 196 0 1
Round 191 of 240
tags: MOVE_ONLY
IN 13344 3520 -488 111 197 0 0
IN 4609 3895 -448 284 79 0 0
IN 7846 1784 -225 271 55 0 1
IN 10465 2857 -66 -117 196 0 1
MOV 11706 2373 3
MOV 5579 5644 200
MOV 87710 61966 84
MOV -89474 6347 39
OUT 12854 3629 -416 92 215 0 0
OUT 4257 4355 -299 390 61 0 0
OUT 7688 2106 -134 273 37 0 1
OUT 10360 2741 -89 -98 178 0 1
Round 192 of 240
tags: MOVE_ONLY
IN 12854 3629 -416 92 215 0 0
IN 4257 4355 -299 390 61 0 0
IN 7688 2106 -134 273 37 0 1
IN 10360 2741 -89 -98 178 0 1
MOV 10941 3044 200
MOV 5688 5752 200
MOV 102240 34663 143
MOV -83609 36943 200
OUT 12247 3663 -516 28 197 0 0
OUT 4101 4885 -132 450 44 0 0
OUT 7689 2426 1 271 19 0 1
OUT 10083 2711 -235 -25 160 0 1
Round 193 of 240
tags: MOVE_ONLY
IN 12247 3663 -516 28 197 0 0
IN 4101 4885 -132 450 44 0 0
IN 7689 2426 1 271 19 0 1
IN 10083 2711 -235 -25 160 0 1
MOV 10252 3522 200
MOV 5892 5775 200
MOV 107674 4171 166
MOV -68718 64277 200
OUT 11531 3677 -608 11 184 0 0
OUT 4148 5424 40 458 26 0 0
OUT 7856 2700 141 232 1 0 1
OUT 9690 2809 -333 83 142 0 1
Round 194 of 240
tags: MOVE_ONLY
IN 11531 3677 -608 11 184 0 0
IN 4148 5424 40 458 26 0 0
IN 7856 2700 141 232 1 0 1
IN 9690 2809 -333 83 142 0 1
MOV 9588 4149 200
MOV 6129 5702 200
MOV 103486 -26537 172
MOV -61021 73520 200
OUT 10729 3735 -681 49 166 0 0
OUT 4386 5911 202 414 8 0 0
OUT 8161 2882 259 154 343 0 1
OUT 9216 3033 -403 190 135 0 1
Round 195 of 240
tags: MULTI_COLLISION ONLY_HIGH_IMPACT SHIELD
IN 10729 3735 -681 49 166 0 0
IN 4386 5911 202 414 8 0 0
IN 8161 2882 259 154 343 0 1
IN 9216 3033 -403 190 135 0 1
MOV 8732 3629 200
MOV 6373 6141 200
MOV 108146 4627 SHIELD
MOV -57697 77347 200
OUT 10210 3934 590 627 183 0 0
OUT 4787 6348 340 371 7 0 0
OUT 8340 3013 113 100 1 3 1
OUT 9122 3438 -730 -7 132 0 1
Round 196 of 240
tags: ENGINE_COOLDOWN ONLY_HIGH_IMPACT SINGLE_COLLISION
IN 10210 3934 590 627 183 0 0
IN 4787 6348 340 371 7 0 0
IN 8340 3013 113 100 1 3 1
IN 9122 3438 -730 -7 132 0 1
MOV 8212 4015 200
MOV 6777 6543 200
MOV 107109 18656 200
MOV -49657 84340 200
OUT 10600 4569 331 539 178 0 0
OUT 5326 6739 458 331 6 0 0
OUT 7870 2740 -462 -272 9 2 1
OUT 8857 3966 -162 488 126 0 1
Round 197 of 240
tags: ENGINE_COOLDOWN
IN 10600 4569 331 539 178 0 0
IN 5326 6739 458 331 6 0 0
IN 7870 2740 -462 -272 9 2 1
IN 8857 3966 -162 488 126 0 1
MOV 8624 4878 200
MOV 7253 7275 200
MOV 103500 31977 200
MOV -22045 99072 200
OUT 10733 5139 113 484 171 0 0
OUT 5977 7124 553 326 16 0 0
OUT 7408 2468 -392 -231 17 1 1
OUT 8633 4644 -190 576 108 0 1
Round 198 of 240
tags: ENGINE_COOLDOWN
IN 10733 5139 113 484 171 0 0
IN 5977 7124 553 326 16 0 0
IN 7408 2468 -392 -231 17 1 1
IN 8633 4644 -190 576 108 0 1
MOV 8758 4826 200
MOV 7926 7574 200
MOV 103038 31705 200
MOV 8633 104644 200
OUT 10648 5592 -71 384 189 0 0
OUT 6725 7495 635 315 13 0 0
OUT 7016 2237 -333 -196 17 0 1
OUT 8443 5420 -161 659 90 0 1
Round 199 of 240
tags: MOVE_ONLY
IN 10648 5592 -71 384 189 0 0
IN 6725 7495 635 315 13 0 0
IN 7016 2237 -333 -196 17 0 1
IN 8443 5420 -161 659 90 0 1
MOV 8866 4684 200
MOV 8711 7735 200
MOV 102122 33139 161
MOV 39345 100526 189
OUT 10399 5885 -211 249 207 0 0
OUT 7559 7834 708 288 7 0 0
OUT 6836 2091 -152 -124 18 0 1
OUT 8340 6259 -87 712 72 0 1
Round 200 of 240
tags: MOVE_ONLY
IN 10399 5885 -211 249 207 0 0
IN 7559 7834 708 288 7 0 0
IN 6836 2091 -152 -124 18 0 1
IN 8340 6259 -87 712 72 0 1
MOV 8757 4743 200
MOV 9558 7761 200
MOV 98886 41164 200
MOV 67119 87161 200
OUT 10024 6020 -318 114 215 0 0
OUT 8467 8115 771 238 358 0 0
OUT 6868 2045 27 -38 23 0 1
OUT 8371 7133 25 742 54 0 1
Round 201 of 240
tags: MOVE_ONLY
IN 10024 6020 -318 114 215 0 0
IN 8467 8115 771 238 358 0 0
IN 6868 2045 27 -38 23 0 1
IN 8371 7133 25 742 54 0 1
MOV 8126 5389 200
MOV 10387 7555 200
MOV 95163 48992 200
MOV 79082 77844 200
OUT 9516 6071 -431 43 198 0 0
OUT 9430 8297 818 154 344 0 0
OUT 7072 2101 173 47 28 0 1
OUT 8537 8016 141 750 45 0 1
Round 202 of 240
tags: MOVE_ONLY
IN 9516 6071 -431 43 198 0 0
IN 9430 8297 818 154 344 0 0
IN 7072 2101 173 47 28 0 1
IN 8537 8016 141 750 45 0 1
MOV 7519 5955 200
MOV 11088 7179 200
MOV 97703 44363 200
MOV 97638 53415 0
OUT 8885 6102 -536 26 183 0 0
OUT 10414 8339 836 35 326 0 0
OUT 7426 2233 301 111 25 0 1
OUT 8678 8766 119 637 27 0 1
Round 203 of 240
tags: SHIELD
IN 8885 6102 -536 26 183 0 0
IN 10414 8339 836 35 326 0 0
IN 7426 2233 301 111 25 0 1
IN 8678 8766 119 637 27 0 1
MOV 6953 6620 SHIELD
MOV 11645 6763 200
MOV 106681 14420 0
MOV 107447 24409 0
OUT 8349 6128 -455 22 165 3 0
OUT 11373 8216 815 -104 308 0 0
OUT 7727 2344 255 94 7 0 1
OUT 8797 9403 101 541 9 0 1
Round 204 of 240
tags: ENGINE_COOLDOWN SHIELD
IN 8349 6128 -455 22 165 3 0
IN 11373 8216 815 -104 308 0 0
IN 7727 2344 255 94 7 0 1
IN 8797 9403 101 541 9 0 1
MOV 6401 6580 SHIELD
MOV 12057 6337 200
MOV 105890 -16737 0
MOV 107566 -6240 0
OUT 7894 6150 -386 18 167 3 0
OUT 12256 7924 750 -248 290 0 0
OUT 7982 2438 216 79 349 0 1
OUT 8898 9944 85 459 351 0 1
Round 205 of 240
tags: ENGINE_COOLDOWN
IN 7894 6150 -386 18 167 3 0
IN 12256 7924 750 -248 290 0 0
IN 7982 2438 216 79 349 0 1
IN 8898 9944 85 459 351 0 1
MOV 6013 6831 17
MOV 12326 5925 200
MOV 107845 -2796 67
MOV 97999 -35455 200
OUT 7508 6168 -328 15 160 2 0
OUT 13013 7476 643 -380 272 0 0
OUT 8265 2513 240 64 357 0 1
OUT 9161 10312 223 312 333 0 1
Round 206 of 240
tags: ENGINE_COOLDOWN
IN 7508 6168 -328 15 160 2 0
IN 13013 7476 643 -380 272 0 0
IN 8265 2513 240 64 357 0 1
IN 9161 10312 223 312 333 0 1
MOV 5932 7399 0
MOV 12462 5553 200
MOV 101623 -33324 163
MOV 79872 -60399 200
OUT 7180 6183 -278 12 142 1 0
OUT 13601 6904 499 -486 254 0 0
OUT 8657 2519 333 4 339 0 1
OUT 9525 10483 309 144 315 0 1
Round 207 of 240
tags: ENGINE_COOLDOWN SHIELD
IN 7180 6183 -278 12 142 1 0
IN 13601 6904 499 -486 254 0 0
IN 8657 2519 333 4 339 0 1
IN 9525 10483 309 144 315 0 1
MOV 6062 7841 SHIELD
MOV 12483 5246 200
MOV 108276 -6197 200
MOV 54924 -78618 200
OUT 6902 6195 -236 10 124 3 0
OUT 13988 6252 329 -554 236 0 0
OUT 9189 2506 452 -11 355 0 1
OUT 9925 10449 339 -29 297 0 1
Round 208 of 240
tags: ENGINE_COOLDOWN SHIELD
IN 6902 6195 -236 10 124 3 0
IN 13988 6252 329 -554 236 0 0
IN 9189 2506 452 -11 355 0 1
IN 9925 10449 339 -29 297 0 1
MOV 5995 7978 SHIELD
MOV 12412 5021 200
MOV 106626 25001 200
MOV 25568 -88320 200
OUT 6666 6205 -200 8 117 3 0
OUT 14159 5575 145 -575 218 0 0
OUT 9836 2540 549 28 13 0 1
OUT 10295 10222 314 -192 279 0 1
Round 209 of 240
tags: ENGINE_COOLDOWN SHIELD
IN 6666 6205 -200 8 117 3 0
IN 14159 5575 145 -575 218 0 0
IN 9836 2540 549 28 13 0 1
IN 10295 10222 314 -192 279 0 1
MOV 6099 8123 SHIELD
MOV 12280 4891 200
MOV 95553 54044 200
MOV -5348 -88547 200
OUT 6466 6213 -170 6 106 3 0
OUT 14116 4932 -36 -546 200 0 0
OUT 10556 2671 612 111 31 0 1
OUT 10578 9832 240 -331 261 0 1
Round 210 of 240
tags: ENGINE_COOLDOWN SHIELD
IN 6466 6213 -170 6 106 3 0
IN 14116 4932 -36 -546 200 0 0
IN 10556 2671 612 111 31 0 1
IN 10578 9832 240 -331 261 0 1
MOV 6536 8212 SHIELD
MOV 12117 4862 200
MOV 107993 25166 153
MOV -34821 -79269 200
OUT 6296 6219 -144 5 88 3 0
OUT 13880 4379 -200 -470 182 0 0
OUT 11317 2816 646 123 13 0 1
OUT 10727 9323 126 -432 243 0 1
Round 211 of 240
tags: ENGINE_COOLDOWN SHIELD
IN 6296 6219 -144 5 88 3 0
IN 13880 4379 -200 -470 182 0 0
IN 11317 2816 646 123 13 0 1
IN 10727 9323 126 -432 243 0 1
MOV 5974 8193 SHIELD
MOV 11885 4523 200
MOV 97034 54320 200
MOV -46631 -72592 200
OUT 6152 6224 -122 4 99 3 0
OUT 13481 3923 -339 -387 176 0 0
OUT 12134 3042 694 192 31 0 1
OUT 10738 8727 9 -506 235 0 1
Round 212 of 240
tags: ENGINE_COOLDOWN ONLY_HIGH_IMPACT SHIELD SINGLE_COLLISION
IN 6152 6224 -122 4 99 3 0
IN 13481 3923 -339 -387 176 0 0
IN 12134 3042 694 192 31 0 1
IN 10738 8727 9 -506 235 0 1
MOV 5351 8057 0
MOV 11627 4672 SHIELD
MOV 77740 78513 SHIELD
MOV -50828 -70074 200
OUT 6030 6228 -103 3 114 2 0
OUT 13435 3758 506 273 158 3 0
OUT 12535 3012 -204 -439 49 3 1
OUT 10624 8063 -97 -564 232 0 1
Round 213 of 240
tags: ENGINE_COOLDOWN
IN 6030 6228 -103 3 114 2 0
IN 13435 3758 506 273 158 3 0
IN 12535 3012 -204 -439 49 3 1
IN 10624 8063 -97 -564 232 0 1
MOV 5821 8217 0
MOV 11440 3898 200
MOV 98252 54516 200
MOV -50942 -70738 200
OUT 5927 6231 -87 2 96 1 0
OUT 13941 4031 430 232 176 2 0
OUT 12331 2573 -173 -373 31 2 1
OUT 10404 7341 -187 -613 232 0 1
Round 214 of 240
tags: ENGINE_COOLDOWN SHIELD
IN 5927 6231 -87 2 96 1 0
IN 13941 4031 430 232 176 2 0
IN 12331 2573 -173 -373 31 2 1
IN 10404 7341 -187 -613 232 0 1
MOV 6343 8187 SHIELD
MOV 12000 3547 200
MOV 81797 74507 200
MOV -60307 -63370 200
OUT 5840 6233 -73 1 78 3 0
OUT 14371 4263 365 197 194 1 0
OUT 12158 2200 -147 -317 46 1 1
OUT 10076 6587 -279 -641 225 0 1
Round 215 of 240
tags: ENGINE_COOLDOWN SHIELD
IN 5840 6233 -73 1 78 3 0
IN 14371 4263 365 197 194 1 0
IN 12158 2200 -147 -317 46 1 1
IN 10076 6587 -279 -641 225 0 1
MOV 6840 7965 SHIELD
MOV 12675 3203 200
MOV 55995 92079 200
MOV -61858 -62879 200
OUT 5767 6234 -62 0 60 3 0
OUT 14736 4460 310 167 212 0 0
OUT 12011 1883 -124 -269 64 0 1
OUT 9653 5807 -359 -662 224 0 1
Round 216 of 240
tags: ENGINE_COOLDOWN
IN 5767 6234 -62 0 60 3 0
IN 14736 4460 310 167 212 0 0
IN 12011 1883 -124 -269 64 0 1
IN 9653 5807 -359 -662 224 0 1
MOV 7253 7572 58
MOV 12864 3755 200
MOV 55848 91762 200
MOV -80226 -38030 194
OUT 5705 6234 -52 0 42 2 0
OUT 14859 4557 104 82 201 0 0
OUT 11975 1794 -30 -75 64 0 1
OUT 9120 5060 -453 -634 206 0 1
Round 217 of 240
tags: ENGINE_COOLDOWN
IN 5705 6234 -52 0 42 2 0
IN 14859 4557 104 82 201 0 0
IN 11975 1794 -30 -75 64 0 1
IN 9120 5060 -453 -634 206 0 1
MOV 7532 7047 0
MOV 13305 3298 200
MOV 66439 85661 200
MOV -76597 -46444 148
OUT 5653 6234 -44 0 24 1 0
OUT 14807 4514 -44 -36 219 0 0
OUT 12054 1887 67 78 57 0 1
OUT 8540 4350 -492 -603 211 0 1
Round 218 of 240
tags: ENGINE_COOLDOWN
IN 5653 6234 -44 0 24 1 0
IN 14807 4514 -44 -36 219 0 0
IN 12054 1887 67 78 57 0 1
IN 8540 4350 -492 -603 211 0 1
MOV 7642 6443 0
MOV 12940 3797 200
MOV 67973 84791 200
MOV -84178 -33111 161
OUT 5609 6234 -37 0 6 0 0
OUT 14576 4406 -196 -91 201 0 0
OUT 12233 2131 152 207 56 0 1
OUT 7899 3687 -545 -563 202 0 1
Round 219 of 240
tags: MOVE_ONLY
IN 5609 6234 -37 0 6 0 0
IN 14576 4406 -196 -91 201 0 0
IN 12233 2131 152 207 56 0 1
IN 7899 3687 -545 -563 202 0 1
MOV 7565 5818 133
MOV 12820 3449 200
MOV 54495 92762 200
MOV -91857 -3289 6
OUT 5702 6206 79 -23 348 0 0
OUT 14204 4219 -315 -158 209 0 0
OUT 12470 2519 201 330 65 0 1
OUT 7348 3124 -468 -478 184 0 1
Round 220 of 240
tags: MOVE_ONLY
IN 5702 6206 79 -23 348 0 0
IN 14204 4219 -315 -158 209 0 0
IN 12470 2519 201 330 65 0 1
IN 7348 3124 -468 -478 184 0 1
MOV 7435 5207 200
MOV 12390 3378 200
MOV 60951 89981 200
MOV -89682 27316 2
OUT 5954 6083 214 -104 330 0 0
OUT 13708 3977 -421 -205 205 0 0
OUT 12768 3024 253 429 61 0 1
OUT 6878 2646 -399 -405 166 0 1
Round 221 of 240
tags: ONLY_HIGH_IMPACT SHIELD SINGLE_COLLISION
IN 5954 6083 214 -104 330 0 0
IN 13708 3977 -421 -205 205 0 0
IN 12768 3024 253 429 61 0 1
IN 6878 2646 -399 -405 166 0 1
MOV 7292 4597 SHIELD
MOV 11723 3733 SHIELD
MOV 31849 101187 SHIELD
MOV -77927 55638 200
OUT 6168 5979 181 -88 312 3 0
OUT 13551 4053 179 398 187 3 0
OUT 12757 3172 -321 -207 79 3 1
OUT 6309 2347 -483 -254 148 0 1
Round 222 of 240
tags: ENGINE_COOLDOWN SHIELD
IN 6168 5979 181 -88 312 3 0
IN 13551 4053 179 398 187 3 0
IN 12757 3172 -321 -207 79 3 1
IN 6309 2347 -483 -254 148 0 1
MOV 6981 4152 SHIELD
MOV 11738 3208 200
MOV 570 102427 200
MOV -57970 78951 200
OUT 6349 5891 153 -74 294 3 0
OUT 13730 4451 152 338 205 2 0
OUT 12436 2965 -272 -175 97 2 1
OUT 5697 2246 -519 -85 130 0 1
Round 223 of 240
tags: ENGINE_COOLDOWN
IN 6349 5891 153 -74 294 3 0
IN 13730 4451 152 338 205 2 0
IN 12436 2965 -272 -175 97 2 1
IN 5697 2246 -519 -85 130 0 1
MOV 6558 3902 10
MOV 11781 4002 200
MOV 31517 101128 200
MOV -31764 94964 191
OUT 6502 5817 130 -62 276 2 0
OUT 13882 4789 129 287 193 1 0
OUT 12164 2790 -231 -148 79 1 1
OUT 5106 2338 -501 78 112 0 1
Round 224 of 240
tags: ENGINE_COOLDOWN
IN 6502 5817 130 -62 276 2 0
IN 13882 4789 129 287 193 1 0
IN 12164 2790 -231 -148 79 1 1
IN 5106 2338 -501 78 112 0 1
MOV 6086 3861 0
MOV 12069 3944 200
MOV 60645 90252 200
MOV -1870 102094 197
OUT 6632 5755 110 -52 258 1 0
OUT 14011 5076 109 243 205 0 0
OUT 11933 2642 -196 -125 61 0 1
OUT 4591 2613 -437 233 94 0 1
Round 225 of 240
tags: ENGINE_COOLDOWN
IN 6632 5755 110 -52 258 1 0
IN 14011 5076 109 243 205 0 0
IN 11933 2642 -196 -125 61 0 1
IN 4591 2613 -437 233 94 0 1
MOV 5632 4023 61
MOV 12473 3797 200
MOV 85068 70842 200
MOV 28783 99643 200
OUT 6742 5703 93 -44 240 0 0
OUT 13966 5191 -38 97 220 0 0
OUT 11883 2653 -42 9 43 0 1
OUT 4202 3040 -330 363 76 0 1
Round 226 of 240
tags: SHIELD
IN 6742 5703 93 -44 240 0 0
IN 13966 5191 -38 97 220 0 0
IN 11883 2653 -42 9 43 0 1
IN 4202 3040 -330 363 76 0 1
MOV 5256 4365 SHIELD
MOV 12494 3837 200
MOV 60364 90115 200
MOV 41663 95758 200
OUT 6835 5659 79 -37 222 3 0
OUT 13781 5153 -157 -32 223 0 0
OUT 11938 2837 46 156 61 0 1
OUT 3947 3588 -216 466 68 0 1
Round 227 of 240
tags: ENGINE_COOLDOWN
IN 6835 5659 79 -37 222 3 0
IN 13781 5153 -157 -32 223 0 0
IN 11938 2837 46 156 61 0 1
IN 3947 3588 -216 466 68 0 1
MOV 5008 4846 0
MOV 11968 4308 200
MOV 60419 90299 200
MOV 68226 80192 200
OUT 6914 5622 67 -31 204 2 0
OUT 13443 5037 -287 -99 205 0 0
OUT 12081 3168 121 281 61 0 1
OUT 3860 4207 -74 526 50 0 1
Round 228 of 240
tags: ENGINE_COOLDOWN SHIELD
IN 6914 5622 67 -31 204 2 0
IN 13443 5037 -287 -99 205 0 0
IN 12081 3168 121 281 61 0 1
IN 3860 4207 -74 526 50 0 1
MOV 5428 4284 SHIELD
MOV 11972 3682 200
MOV 31162 101331 200
MOV 88665 57199 200
OUT 6981 5591 56 -26 222 3 0
OUT 13009 4802 -368 -199 223 0 0
OUT 12240 3645 135 405 79 0 1
OUT 3956 4839 81 537 32 0 1
Round 229 of 240
tags: ENGINE_COOLDOWN ONLY_HIGH_IMPACT SHIELD SINGLE_COLLISION
IN 6981 5591 56 -26 222 3 0
IN 13009 4802 -368 -199 223 0 0
IN 12240 3645 135 405 79 0 1
IN 3956 4839 81 537 32 0 1
MOV 5154 4778 0
MOV 11196 3957 SHIELD
MOV 36432 100675 SHIELD
MOV 100986 29031 200
OUT 7037 5565 47 -22 204 2 0
OUT 12732 4767 5 404 205 3 0
OUT 12284 3886 -203 -229 76 3 1
OUT 4231 5424 233 497 14 0 1
Round 230 of 240
tags: ENGINE_COOLDOWN SHIELD
IN 7037 5565 47 -22 204 2 0
IN 12732 4767 5 404 205 3 0
IN 12284 3886 -203 -229 76 3 1
IN 4231 5424 233 497 14 0 1
MOV 5048 5356 SHIELD
MOV 11269 3403 200
MOV 26201 102913 195
MOV 103987 -1552 200
OUT 7084 5543 39 -18 186 3 0
OUT 12737 5171 4 343 223 2 0
OUT 12081 3657 -172 -194 82 2 1
OUT 4664 5907 367 410 356 0 1
Round 231 of 240
tags: ENGINE_COOLDOWN SHIELD
IN 7084 5543 39 -18 186 3 0
IN 12737 5171 4 343 223 2 0
IN 12081 3657 -172 -194 82 2 1
IN 4664 5907 367 410 356 0 1
MOV 5128 5959 SHIELD
MOV 11767 3422 200
MOV 46283 97626 200
MOV 97382 -31554 200
OUT 7123 5525 33 -15 168 3 0
OUT 12741 5514 3 291 241 1 0
OUT 11909 3463 -146 -164 70 1 1
OUT 5216 6242 469 284 338 0 1
Round 232 of 240
tags: ENGINE_COOLDOWN
IN 7123 5525 33 -15 168 3 0
IN 12741 5514 3 291 241 1 0
IN 11909 3463 -146 -164 70 1 1
IN 5216 6242 469 284 338 0 1
MOV 5391 6525 200
MOV 11620 3857 200
MOV 73475 82264 70
MOV 104835 -2474 200
OUT 7156 5510 28 -12 150 2 0
OUT 12744 5805 2 247 236 0 0
OUT 11763 3299 -124 -139 52 0 1
OUT 5884 6509 568 226 355 0 1
Round 233 of 240
tags: ENGINE_COOLDOWN
IN 7156 5510 28 -12 150 2 0
IN 12744 5805 2 247 236 0 0
IN 11763 3299 -124 -139 52 0 1
IN 5884 6509 568 226 355 0 1
MOV 5278 6198 17
MOV 12075 3920 200
MOV 45965 97268 127
MOV 97934 -32564 200
OUT 7184 5498 23 -10 160 1 0
OUT 12679 5864 -55 49 250 0 0
OUT 11682 3279 -68 -16 70 0 1
OUT 6636 6657 639 125 337 0 1
Round 234 of 240
tags: ENGINE_COOLDOWN SHIELD
IN 7184 5498 23 -10 160 1 0
IN 12679 5864 -55 49 250 0 0
IN 11682 3279 -68 -16 70 0 1
IN 6636 6657 639 125 337 0 1
MOV 5185 5568 SHIELD
MOV 11448 4288 200
MOV 15172 103218 200
MOV 93239 -43343 200
OUT 7207 5488 19 -8 178 3 0
OUT 12502 5754 -150 -93 232 0 0
OUT 11621 3463 -51 156 88 0 1
OUT 7448 6682 690 21 330 0 1
Round 235 of 240
tags: ENGINE_COOLDOWN
IN 7207 5488 19 -8 178 3 0
IN 12502 5754 -150 -93 232 0 0
IN 11621 3463 -51 156 88 0 1
IN 7448 6682 690 21 330 0 1
MOV 5219 5710 200
MOV 11148 4282 200
MOV -566 102718 200
MOV 89363 -50676 131
OUT 7226 5480 16 -6 174 2 0
OUT 12217 5514 -242 -204 227 0 0
OUT 11546 3818 -64 301 97 0 1
OUT 8245 6628 677 -46 325 0 1
Round 236 of 240
tags: ENGINE_COOLDOWN SHIELD
IN 7226 5480 16 -6 174 2 0
IN 12217 5514 -242 -204 227 0 0
IN 11546 3818 -64 301 97 0 1
IN 8245 6628 677 -46 325 0 1
MOV 5399 6293 SHIELD
MOV 10468 4544 200
MOV 30627 101981 200
MOV 88109 -53554 200
OUT 7242 5474 13 -5 156 3 0
OUT 11801 5212 -353 -256 209 0 0
OUT 11520 4315 -21 422 79 0 1
OUT 9082 6462 711 -141 323 0 1
Round 237 of 240
tags: ENGINE_COOLDOWN ONLY_HIGH_IMPACT SHIELD SINGLE_COLLISION
IN 7242 5474 13 -5 156 3 0
IN 11801 5212 -353 -256 209 0 0
IN 11520 4315 -21 422 79 0 1
IN 9082 6462 711 -141 323 0 1
MOV 5253 5683 200
MOV 10437 3749 SHIELD
MOV 45722 98284 200
MOV 103634 -26095 200
OUT 7255 5469 11 -4 174 2 0
OUT 11488 5096 -259 -77 227 3 0
OUT 11163 3522 -363 -881 70 0 1
OUT 9982 6256 765 -175 341 0 1
Round 238 of 240
tags: ENGINE_COOLDOWN SHIELD
IN 7255 5469 11 -4 174 2 0
IN 11488 5096 -259 -77 227 3 0
IN 11163 3522 -363 -881 70 0 1
IN 9982 6256 765 -175 341 0 1
MOV 5428 6282 SHIELD
MOV 10643 3283 141
MOV 72729 82323 200
MOV 102700 -31205 200
OUT 7266 5465 9 -3 156 3 0
OUT 11229 5019 -220 -65 245 2 0
OUT 10923 2799 -203 -614 52 0 1
OUT 10932 6006 807 -212 338 0 1
Round 239 of 240
tags: ENGINE_COOLDOWN
IN 7266 5465 9 -3 156 3 0
IN 11229 5019 -220 -65 245 2 0
IN 10923 2799 -203 -614 52 0 1
IN 10932 6006 807 -212 338 0 1
MOV 5705 6715 154
MOV 10743 3079 200
MOV 45125 96768 22
MOV 98394 -42475 200
OUT 7275 5462 7 -2 141 2 0
OUT 11009 4954 -187 -55 256 1 0
OUT 10728 2206 -166 -504 70 0 1
OUT 11914 5697 834 -262 331 0 1
Round 240 of 240
tags: ENGINE_COOLDOWN SHIELD
IN 7275 5462 7 -2 141 2 0
IN 11009 4954 -187 -55 256 1 0
IN 10728 2206 -166 -504 70 0 1
IN 11914 5697 834 -262 331 0 1
MOV 6186 7139 SHIELD
MOV 10910 2956 110
MOV 14218 102145 200
MOV 80114 -67438 28
OUT 7282 5460 5 -1 123 3 0
OUT 10822 4899 -158 -46 267 0 0
OUT 10569 1902 -135 -258 88 0 1
OUT 12767 5415 725 -240 313 0 1
