Replay between sethorizer and DePhille
where sethorizer wins!
Round 1 of 221
tags: BOOST
IN 11124 2438 0 0 116 0 0
IN 10190 2080 0 0 106 0 0
IN 12058 2795 0 0 144 0 0
IN 9256 1723 0 0 83 0 0
MOV 10240 4232 200
MOV 9653 4006 200
MOV 9631 4558 200
MOV 9622 4701 BOOST
OUT 11036 2617 -75 152 116 0 0
OUT 10136 2273 -45 163 106 0 0
OUT 11896 2913 -137 99 144 0 0
OUT 9335 2368 67 548 83 0 1
Round 2 of 221
tags: HAS_LOW_IMPACT MULTI_COLLISION
IN 11036 2617 -75 152 116 0 0
IN 10136 2273 -45 163 106 0 0
IN 11896 2913 -137 99 144 0 0
IN 9335 2368 67 548 83 0 1
MOV 10130 4400 200
MOV 9560 4188 200
MOV 9272 4367 140
MOV 10111 5266 200
OUT 10870 2971 -126 370 117 0 0
OUT 10138 2557 -228 123 107 0 0
OUT 11726 3099 77 206 151 0 0
OUT 9260 3136 -70 653 75 0 1
Round 3 of 221
tags: MOVE_ONLY
IN 10870 2971 -126 370 117 0 0
IN 10138 2557 -228 123 107 0 0
IN 11726 3099 77 206 151 0 0
IN 9260 3136 -70 653 75 0 1
MOV 10557 4946 200
MOV 9909 4544 200
MOV 9239 4777 200
MOV 9312 6136 200
OUT 10713 3539 -133 482 99 0 0
OUT 9887 2879 -213 273 97 0 0
OUT 11637 3417 -75 270 146 0 0
OUT 9193 3989 -56 725 89 0 1
Round 4 of 221
tags: MOVE_ONLY
IN 10713 3539 -133 482 99 0 0
IN 9887 2879 -213 273 97 0 0
IN 11637 3417 -75 270 146 0 0
IN 9193 3989 -56 725 89 0 1
MOV 9805 5321 200
MOV 10269 4842 176
MOV 8964 4779 200
MOV 8316 6858 200
OUT 10489 4199 -190 561 117 0 0
OUT 9708 3325 -152 378 79 0 0
OUT 11384 3778 -215 306 153 0 0
OUT 9079 4905 -97 778 107 0 1
Round 5 of 221
tags: BOOST ONLY_HIGH_IMPACT SINGLE_COLLISION
IN 10489 4199 -190 561 117 0 0
IN 9708 3325 -152 378 79 0 0
IN 11384 3778 -215 306 153 0 0
IN 9079 4905 -97 778 107 0 1
MOV 9075 5613 200
MOV 10678 5074 155
MOV 8868 5412 BOOST
MOV 7859 7646 200
OUT 10029 4987 -517 754 135 0 0
OUT 9631 3839 -65 436 61 0 0
OUT 10753 4352 -410 403 147 0 1
OUT 8901 5866 -151 816 114 0 1
Round 6 of 221
tags: ONLY_HIGH_IMPACT SHIELD SINGLE_COLLISION
IN 10029 4987 -517 754 135 0 0
IN 9631 3839 -65 436 61 0 0
IN 10753 4352 -410 403 147 0 1
IN 8901 5866 -151 816 114 0 1
MOV 8247 5895 SHIELD
MOV 10013 5802 178
MOV 8209 5942 40
MOV 6894 8095 200
OUT 9512 5741 -439 640 153 3 0
OUT 9582 4442 -376 358 79 0 0
OUT 10327 4784 -27 521 148 0 1
OUT 8616 6831 -242 819 132 0 1
Round 7 of 221
tags: ENGINE_COOLDOWN SHIELD
IN 9512 5741 -439 640 153 3 0
IN 9582 4442 -376 358 79 0 0
IN 10327 4784 -27 521 148 0 1
IN 8616 6831 -242 819 132 0 1
MOV 7539 6070 0
MOV 10552 6191 86
MOV 7678 6192 200
MOV 6018 8331 SHIELD
OUT 9073 6381 -373 544 171 2 0
OUT 9248 4875 -284 368 61 0 0
OUT 10123 5399 -173 522 152 0 1
OUT 8374 7650 -205 696 150 3 1
Round 8 of 221
tags: ENGINE_COOLDOWN
IN 9073 6381 -373 544 171 2 0
IN 9248 4875 -284 368 61 0 0
IN 10123 5399 -173 522 152 0 1
IN 8374 7650 -205 696 150 3 1
MOV 7098 6068 0
MOV 10711 6239 200
MOV 7169 5920 10
MOV 5440 8274 70
OUT 8700 6925 -317 462 189 1 0
OUT 9110 5379 -117 428 43 0 0
OUT 9940 5923 -155 445 170 0 1
OUT 8169 8346 -174 591 168 2 1
Round 9 of 221
tags: ENGINE_COOLDOWN ONLY_HIGH_IMPACT SINGLE_COLLISION
IN 8700 6925 -317 462 189 1 0
IN 9110 5379 -117 428 43 0 0
IN 9940 5923 -155 445 170 0 1
IN 8169 8346 -174 591 168 2 1
MOV 6918 6017 200
MOV 10117 7107 200
MOV 7071 6800 70
MOV 5185 8032 90
OUT 8383 7387 -269 392 207 0 0
OUT 9049 5950 -188 396 60 0 0
OUT 9763 6418 -13 510 163 0 1
OUT 7995 8937 -147 502 186 1 1
Round 10 of 221
tags: BOOST_DEPLETED ENGINE_COOLDOWN HAS_LOW_IMPACT SINGLE_COLLISION
IN 8383 7387 -269 392 207 0 0
IN 9049 5950 -188 396 60 0 0
IN 9763 6418 -13 510 163 0 1
IN 7995 8937 -147 502 186 1 1
MOV 6969 5973 200
MOV 10535 7288 200
MOV 6763 6366 BOOST
MOV 5254 7717 80
OUT 7971 7639 -349 213 225 0 0
OUT 8903 6405 -170 353 42 0 0
OUT 9656 6999 -43 527 181 0 1
OUT 7848 9439 -124 426 204 0 1
Round 11 of 221
tags: MOVE_ONLY
IN 7971 7639 -349 213 225 0 0
IN 8903 6405 -170 353 42 0 0
IN 9656 6999 -43 527 181 0 1
IN 7848 9439 -124 426 204 0 1
MOV 7063 5857 200
MOV 10156 7964 200
MOV 6693 6530 120
MOV 5619 7432 200
OUT 7530 7675 -375 30 243 0 0
OUT 8858 6914 -38 432 51 0 0
OUT 9494 7507 -137 432 189 0 1
OUT 7575 9731 -231 248 222 0 1
Round 12 of 221
tags: ONLY_HIGH_IMPACT SINGLE_COLLISION
IN 7530 7675 -375 30 243 0 0
IN 8858 6914 -38 432 51 0 0
IN 9494 7507 -137 432 189 0 1
IN 7575 9731 -231 248 222 0 1
MOV 7217 5700 200
MOV 10535 8003 200
MOV 6571 6832 10
MOV 6075 7133 200
OUT 7122 7508 -346 -142 261 0 0
OUT 8842 7311 -55 295 33 0 0
OUT 9493 8082 40 529 193 0 1
OUT 7244 9806 -281 63 240 0 1
Round 13 of 221
tags: MOVE_ONLY
IN 7122 7508 -346 -142 261 0 0
IN 8842 7311 -55 295 33 0 0
IN 9493 8082 40 529 193 0 1
IN 7244 9806 -281 63 240 0 1
MOV 7435 5533 200
MOV 10254 8727 33
MOV 6522 7664 100
MOV 6417 6922 200
OUT 6806 7168 -268 -288 279 0 0
OUT 8810 7629 -26 270 45 0 0
OUT 9434 8597 -50 437 188 0 1
OUT 6908 9677 -285 -109 254 0 1
Round 14 of 221
tags: MOVE_ONLY
IN 6806 7168 -268 -288 279 0 0
IN 8810 7629 -26 270 45 0 0
IN 9434 8597 -50 437 188 0 1
IN 6908 9677 -285 -109 254 0 1
MOV 7710 5384 200
MOV 9718 9411 200
MOV 6523 7871 130
MOV 6439 6714 200
OUT 6627 6701 -151 -396 297 0 0
OUT 8875 8077 55 380 63 0 0
OUT 9258 9003 -149 344 194 0 1
OUT 6592 9370 -268 -260 261 0 1
Round 15 of 221
tags: ONLY_HIGH_IMPACT SINGLE_COLLISION
IN 6627 6701 -151 -396 297 0 0
IN 8875 8077 55 380 63 0 0
IN 9258 9003 -149 344 194 0 1
IN 6592 9370 -268 -260 261 0 1
MOV 7219 4791 200
MOV 9279 10036 200
MOV 6585 7641 100
MOV 7061 6407 200
OUT 6535 6114 -78 -498 287 0 0
OUT 8930 8498 6 199 78 0 0
OUT 9060 9456 -127 543 207 0 1
OUT 6355 8912 -201 -388 279 0 1
Round 16 of 221
tags: SHIELD
IN 6535 6114 -78 -498 287 0 0
IN 8930 8498 6 199 78 0 0
IN 9060 9456 -127 543 207 0 1
IN 6355 8912 -201 -388 279 0 1
MOV 7682 4476 200
MOV 8721 10487 SHIELD
MOV 6729 7568 120
MOV 6927 5967 200
OUT 6572 5452 31 -562 305 0 0
OUT 8936 8697 5 169 96 3 0
OUT 8840 9923 -187 397 219 0 1
OUT 6192 8328 -138 -496 281 0 1
Round 17 of 221
tags: ENGINE_COOLDOWN
IN 6572 5452 31 -562 305 0 0
IN 8936 8697 5 169 96 3 0
IN 8840 9923 -187 397 219 0 1
IN 6192 8328 -138 -496 281 0 1
MOV 7157 3539 150
MOV 8123 10524 200
MOV 7206 7407 200
MOV 7119 5475 200
OUT 6647 4747 63 -599 287 0 0
OUT 8941 8866 4 143 114 2 0
OUT 8544 10152 -251 194 237 0 1
OUT 6116 7642 -64 -583 288 0 1
Round 18 of 221
tags: ENGINE_COOLDOWN SHIELD
IN 6647 4747 63 -599 287 0 0
IN 8941 8866 4 143 114 2 0
IN 8544 10152 -251 194 237 0 1
IN 6116 7642 -64 -583 288 0 1
MOV 6612 2747 0
MOV 8732 10855 SHIELD
MOV 7768 7254 90
MOV 7093 4805 200
OUT 6710 4148 53 -509 269 0 0
OUT 8945 9009 3 121 96 3 0
OUT 8270 10259 -233 91 255 0 1
OUT 6117 6870 0 -656 289 0 1
Round 19 of 221
tags: BOOST_DEPLETED ENGINE_COOLDOWN SHIELD
IN 6710 4148 53 -509 269 0 0
IN 8945 9009 3 121 96 3 0
IN 8270 10259 -233 91 255 0 1
IN 6117 6870 0 -656 289 0 1
MOV 6059 2257 0
MOV 9315 10974 SHIELD
MOV 8427 7263 200
MOV 7143 4051 BOOST
OUT 6763 3639 45 -432 251 0 0
OUT 8948 9130 2 102 79 3 0
OUT 8047 10150 -189 -92 273 0 1
OUT 6185 6026 58 -717 290 0 1
Round 20 of 221
tags: ENGINE_COOLDOWN SHIELD
IN 6763 3639 45 -432 251 0 0
IN 8948 9130 2 102 79 3 0
IN 8047 10150 -189 -92 273 0 1
IN 6185 6026 58 -717 290 0 1
MOV 5559 2042 0
MOV 8704 11115 0
MOV 8204 7154 SHIELD
MOV 7405 3285 200
OUT 6808 3207 38 -367 233 0 0
OUT 8950 9232 1 86 97 2 0
OUT 7858 10058 -160 -78 273 3 1
OUT 6324 5126 118 -764 294 0 1
Round 21 of 221
tags: ENGINE_COOLDOWN
IN 6808 3207 38 -367 233 0 0
IN 8950 9232 1 86 97 2 0
IN 7858 10058 -160 -78 273 3 1
IN 6324 5126 118 -764 294 0 1
MOV 5170 2060 0
MOV 8105 11045 0
MOV 8933 7257 BOOST
MOV 6638 2142 90
OUT 6846 2840 32 -311 215 0 0
OUT 8951 9318 0 73 115 1 0
OUT 7698 9980 -136 -66 291 2 1
OUT 6451 4272 108 -725 276 0 1
Round 22 of 221
tags: ENGINE_COOLDOWN
IN 6846 2840 32 -311 215 0 0
IN 8951 9318 0 73 115 1 0
IN 7698 9980 -136 -66 291 2 1
IN 6451 4272 108 -725 276 0 1
MOV 5518 1344 200
MOV 7587 10781 200
MOV 9586 7649 110
MOV 5827 1338 0
OUT 6745 2379 -85 -391 228 0 0
OUT 8951 9391 0 62 133 0 0
OUT 7562 9914 -115 -56 309 1 1
OUT 6559 3547 91 -616 258 0 1
Round 23 of 221
tags: ENGINE_COOLDOWN
IN 6745 2379 -85 -391 228 0 0
IN 8951 9391 0 62 133 0 0
IN 7562 9914 -115 -56 309 1 1
IN 6559 3547 91 -616 258 0 1
MOV 5013 1379 200
MOV 7202 10361 123
MOV 9530 7650 40
MOV 5291 828 100
OUT 6488 1887 -218 -418 210 0 0
OUT 8843 9513 -91 103 151 0 0
OUT 7447 9858 -97 -47 311 0 1
OUT 6608 2840 41 -600 245 0 1
Round 24 of 221
tags: BOOST_DEPLETED HAS_LOW_IMPACT SINGLE_COLLISION
IN 6488 1887 -218 -418 210 0 0
IN 8843 9513 -91 103 151 0 0
IN 7447 9858 -97 -47 311 0 1
IN 6608 2840 41 -600 245 0 1
MOV 4532 1471 160
MOV 6880 9895 200
MOV 9843 8053 130
MOV 5018 296 BOOST
OUT 6091 1387 -390 -534 192 0 0
OUT 8556 9654 -244 120 169 0 0
OUT 7454 9733 5 -106 323 0 1
OUT 6566 2118 16 -503 238 0 1
Round 25 of 221
tags: ONLY_HIGH_IMPACT SHIELD SINGLE_COLLISION
IN 6091 1387 -390 -534 192 0 0
IN 8556 9654 -244 120 169 0 0
IN 7454 9733 5 -106 323 0 1
IN 6566 2118 16 -503 238 0 1
MOV 4102 1596 0
MOV 6571 9410 200
MOV 10291 8756 50
MOV 4268 190 SHIELD
OUT 5701 853 -331 -453 174 0 0
OUT 8298 9762 29 109 187 0 0
OUT 7322 9598 -361 -131 341 0 1
OUT 6582 1615 13 -427 220 3 1
Round 26 of 221
tags: ENGINE_COOLDOWN SHIELD
IN 5701 853 -331 -453 174 0 0
IN 8298 9762 29 109 187 0 0
IN 7322 9598 -361 -131 341 0 1
IN 6582 1615 13 -427 220 3 1
MOV 3874 1666 200
MOV 6485 8917 200
MOV 10063 8378 60
MOV 3800 491 SHIELD
OUT 5187 480 -437 -317 156 0 0
OUT 8146 9787 -129 20 205 0 0
OUT 7016 9443 -260 -132 336 0 1
OUT 6595 1188 11 -362 202 3 1
Round 27 of 221
tags: ENGINE_COOLDOWN
IN 5187 480 -437 -317 156 0 0
IN 8146 9787 -129 20 205 0 0
IN 7016 9443 -260 -132 336 0 1
IN 6595 1188 11 -362 202 3 1
MOV 3701 1818 200
MOV 6683 8423 182
MOV 9712 8128 60
MOV 3602 979 30
OUT 4600 296 -498 -156 138 0 0
OUT 7884 9683 -222 -88 223 0 0
OUT 6810 9285 -175 -134 334 0 1
OUT 6606 826 9 -307 184 2 1
Round 28 of 221
tags: ENGINE_COOLDOWN
IN 4600 296 -498 -156 138 0 0
IN 7884 9683 -222 -88 223 0 0
IN 6810 9285 -175 -134 334 0 1
IN 6606 826 9 -307 184 2 1
MOV 3600 2028 200
MOV 6914 7934 200
MOV 9174 7438 20
MOV 3695 1552 110
OUT 4001 312 -509 14 120 0 0
OUT 7565 9420 -271 -223 241 0 0
OUT 6651 9139 -135 -124 322 0 1
OUT 6615 519 7 -260 166 1 1
Round 29 of 221
tags: ENGINE_COOLDOWN HAS_LOW_IMPACT SINGLE_COLLISION
IN 4001 312 -509 14 120 0 0
IN 7565 9420 -271 -223 241 0 0
IN 6651 9139 -135 -124 322 0 1
IN 6615 519 7 -260 166 1 1
MOV 3585 2268 200
MOV 7183 7457 200
MOV 8329 6652 20
MOV 4071 2109 10
OUT 3449 521 -469 177 102 0 0
OUT 7336 9011 -69 -332 259 0 0
OUT 6447 8988 -298 -143 304 0 1
OUT 6622 259 5 -221 148 0 1
Round 30 of 221
tags: BOOST_DEPLETED
IN 3449 521 -469 177 102 0 0
IN 7336 9011 -69 -332 259 0 0
IN 6447 8988 -298 -143 304 0 1
IN 6622 259 5 -221 148 0 1
MOV 3657 2510 200
MOV 7572 7025 200
MOV 8415 6724 BOOST
MOV 4694 2557 20
OUT 3000 897 -382 319 84 0 0
OUT 7291 8480 -38 -451 277 0 0
OUT 6280 8694 -141 -249 311 0 1
OUT 6614 53 -6 -174 130 0 1
Round 31 of 221
tags: MOVE_ONLY
IN 3000 897 -382 319 84 0 0
IN 7291 8480 -38 -451 277 0 0
IN 6280 8694 -141 -249 311 0 1
IN 6614 53 -6 -174 130 0 1
MOV 3813 2724 200
MOV 6920 6515 200
MOV 8438 6610 200
MOV 5490 2835 200
OUT 2698 1399 -256 426 66 0 0
OUT 7216 7832 -63 -550 259 0 0
OUT 6283 8306 2 -329 316 0 1
OUT 6533 64 -68 9 112 0 1
Round 32 of 221
tags: BOOST_DEPLETED
IN 2698 1399 -256 426 66 0 0
IN 7216 7832 -63 -550 259 0 0
IN 6283 8306 2 -329 316 0 1
IN 6533 64 -68 9 112 0 1
MOV 4036 2885 200
MOV 7460 5847 200
MOV 8171 5975 BOOST
MOV 6324 3057 BOOST
OUT 2575 1975 -104 489 48 0 0
OUT 7177 7083 -32 -636 277 0 0
OUT 6411 7822 108 -411 309 0 1
OUT 6451 273 -69 177 94 0 1
Round 33 of 221
tags: MOVE_ONLY
IN 2575 1975 -104 489 48 0 0
IN 7177 7083 -32 -636 277 0 0
IN 6411 7822 108 -411 309 0 1
IN 6451 273 -69 177 94 0 1
MOV 4122 3243 200
MOV 6881 5105 200
MOV 8675 5854 110
MOV 7177 3184 90
OUT 2626 2591 43 523 39 0 0
OUT 7115 6249 -52 -708 261 0 0
OUT 6602 7339 162 -410 319 0 1
OUT 6404 537 -40 224 76 0 1
Round 34 of 221
tags: MOVE_ONLY
IN 2626 2591 43 523 39 0 0
IN 7115 6249 -52 -708 261 0 0
IN 6602 7339 162 -410 319 0 1
IN 6404 537 -40 224 76 0 1
MOV 3911 4123 200
MOV 7324 4260 200
MOV 8407 4943 120
MOV 7766 3210 200
OUT 2798 3267 145 574 50 0 0
OUT 7084 5342 -26 -770 276 0 0
OUT 6836 6833 199 -429 307 0 1
OUT 6455 939 43 341 63 0 1
Round 35 of 221
tags: BOOST_DEPLETED
IN 2798 3267 145 574 50 0 0
IN 7084 5342 -26 -770 276 0 0
IN 6836 6833 199 -429 307 0 1
IN 6455 939 43 341 63 0 1
MOV 4494 4327 200
MOV 6668 3386 200
MOV 8426 4289 10
MOV 7231 3837 BOOST
OUT 3113 3947 267 578 32 0 0
OUT 7016 4376 -57 -820 258 0 0
OUT 7040 6396 173 -371 302 0 1
OUT 6550 1473 80 454 75 0 1
Round 36 of 221
tags: MOVE_ONLY
IN 3113 3947 267 578 32 0 0
IN 7016 4376 -57 -820 258 0 0
IN 7040 6396 173 -371 302 0 1
IN 6550 1473 80 454 75 0 1
MOV 5054 4431 200
MOV 6016 2644 200
MOV 8115 3595 200
MOV 6602 4473 200
OUT 3574 4573 391 532 14 0 0
OUT 6859 3383 -133 -844 240 0 0
OUT 7285 5838 207 -474 291 0 1
OUT 6633 2127 70 555 89 0 1
Round 37 of 221
tags: ONLY_HIGH_IMPACT SHIELD SINGLE_COLLISION
IN 3574 4573 391 532 14 0 0
IN 6859 3383 -133 -844 240 0 0
IN 7285 5838 207 -474 291 0 1
IN 6633 2127 70 555 89 0 1
MOV 5514 5060 200
MOV 6443 1427 SHIELD
MOV 7442 2842 120
MOV 6112 5081 SHIELD
OUT 4159 5154 497 493 14 0 0
OUT 6910 3456 123 458 258 3 0
OUT 7498 5244 181 -504 273 0 1
OUT 6519 1765 -176 -704 100 3 1
Round 38 of 221
tags: ENGINE_COOLDOWN
IN 4159 5154 497 493 14 0 0
IN 6910 3456 123 458 258 3 0
IN 7498 5244 181 -504 273 0 1
IN 6519 1765 -176 -704 100 3 1
MOV 6158 5083 200
MOV 7119 1467 200
MOV 6722 2346 200
MOV 5111 4414 200
OUT 4856 5640 592 413 358 0 0
OUT 7033 3914 104 389 276 2 0
OUT 7627 4547 109 -592 255 0 1
OUT 6343 1061 -149 -598 118 2 1
Round 39 of 221
tags: ENGINE_COOLDOWN ONLY_HIGH_IMPACT SINGLE_COLLISION
IN 4856 5640 592 413 358 0 0
IN 7033 3914 104 389 276 2 0
IN 7627 4547 109 -592 255 0 1
IN 6343 1061 -149 -598 118 2 1
MOV 6735 4956 200
MOV 7640 2008 0
MOV 5993 2031 200
MOV 5123 3802 BOOST
OUT 5636 5985 662 292 340 0 0
OUT 6557 3764 -445 -165 288 1 0
OUT 8207 4326 534 -149 237 0 1
OUT 6194 463 -126 -508 114 1 1
Round 40 of 221
tags: ENGINE_COOLDOWN SHIELD
IN 5636 5985 662 292 340 0 0
IN 6557 3764 -445 -165 288 1 0
IN 8207 4326 534 -149 237 0 1
IN 6194 463 -126 -508 114 1 1
MOV 7609 5660 200
MOV 6557 1764 0
MOV 6319 1995 SHIELD
MOV 4832 3136 140
OUT 6495 6244 730 220 351 0 0
OUT 6112 3599 -378 -140 270 0 0
OUT 8741 4177 453 -126 231 3 1
OUT 6068 -45 -107 -431 117 0 1
Round 41 of 221
tags: ENGINE_COOLDOWN SHIELD
IN 6495 6244 730 220 351 0 0
IN 6112 3599 -378 -140 270 0 0
IN 8741 4177 453 -126 231 3 1
IN 6068 -45 -107 -431 117 0 1
MOV 8277 5336 200
MOV 5494 1697 SHIELD
MOV 6225 2543 SHIELD
MOV 5141 2808 200
OUT 7403 6373 771 109 333 0 0
OUT 5734 3459 -321 -119 252 3 0
OUT 9194 4051 385 -107 213 3 1
OUT 5899 -286 -143 -204 108 0 1
Round 42 of 221
tags: BOOST_DEPLETED ENGINE_COOLDOWN SHIELD
IN 7403 6373 771 109 333 0 0
IN 5734 3459 -321 -119 252 3 0
IN 9194 4051 385 -107 213 3 1
IN 5899 -286 -143 -204 108 0 1
MOV 9378 6060 200
MOV 5734 1459 SHIELD
MOV 6570 2597 70
MOV 4824 2515 BOOST
OUT 8372 6451 823 66 351 0 0
OUT 5413 3340 -272 -101 270 3 0
OUT 9579 3944 327 -90 209 2 1
OUT 5684 -303 -182 -14 111 0 1
Round 43 of 221
tags: ENGINE_COOLDOWN
IN 8372 6451 823 66 351 0 0
IN 5413 3340 -272 -101 270 3 0
IN 9579 3944 327 -90 209 2 1
IN 5684 -303 -182 -14 111 0 1
MOV 10244 5746 200
MOV 5435 1340 200
MOV 6681 3168 200
MOV 4707 2534 200
OUT 9382 6447 858 -3 339 0 0
OUT 5141 3239 -231 -85 271 2 0
OUT 9906 3854 277 -76 195 1 1
OUT 5437 -128 -210 148 109 0 1
Round 44 of 221
tags: BOOST_DEPLETED ENGINE_COOLDOWN
IN 9382 6447 858 -3 339 0 0
IN 5141 3239 -231 -85 271 2 0
IN 9906 3854 277 -76 195 1 1
IN 5437 -128 -210 148 109 0 1
MOV 10936 5188 200
MOV 5302 1245 200
MOV 6908 3749 110
MOV 4265 2634 BOOST
OUT 10396 6319 862 -108 321 0 0
OUT 4910 3154 -196 -72 275 1 0
OUT 10183 3778 235 -64 182 0 1
OUT 5149 204 -244 282 113 0 1
Round 45 of 221
tags: BOOST_DEPLETED ENGINE_COOLDOWN
IN 10396 6319 862 -108 321 0 0
IN 4910 3154 -196 -72 275 1 0
IN 10183 3778 235 -64 182 0 1
IN 5149 204 -244 282 113 0 1
MOV 11485 4642 141
MOV 4460 1205 200
MOV 7205 4144 BOOST
MOV 3181 2468 200
OUT 11336 6093 798 -191 303 0 0
OUT 4714 3082 -166 -61 257 0 0
OUT 10219 3738 31 -33 173 0 1
OUT 4774 637 -318 368 131 0 1
Round 46 of 221
tags: MOVE_ONLY
IN 11336 6093 798 -191 303 0 0
IN 4714 3082 -166 -61 257 0 0
IN 10219 3738 31 -33 173 0 1
IN 4774 637 -318 368 131 0 1
MOV 11854 4161 16
MOV 3684 1368 200
MOV 7248 4156 0
MOV 2202 2182 200
OUT 12138 5887 681 -175 285 0 0
OUT 4445 2850 -228 -197 239 0 0
OUT 10250 3705 26 -28 172 0 1
OUT 4285 1108 -416 400 149 0 1
Round 47 of 221
tags: MOVE_ONLY
IN 12138 5887 681 -175 285 0 0
IN 4445 2850 -228 -197 239 0 0
IN 10250 3705 26 -28 172 0 1
IN 4285 1108 -416 400 149 0 1
MOV 12033 3890 200
MOV 2936 1538 200
MOV 7468 4829 80
MOV 2317 3372 10
OUT 12810 5512 571 -318 267 0 0
OUT 4066 2522 -322 -278 221 0 0
OUT 10202 3707 -40 1 158 0 1
OUT 3862 1516 -359 346 131 0 1
Round 48 of 221
tags: ONLY_HIGH_IMPACT SHIELD SINGLE_COLLISION
IN 12810 5512 571 -318 267 0 0
IN 4066 2522 -322 -278 221 0 0
IN 10202 3707 -40 1 158 0 1
IN 3862 1516 -359 346 131 0 1
MOV 12093 3645 200
MOV 2547 1221 SHIELD
MOV 7209 3916 130
MOV 2454 4165 SHIELD
OUT 13311 5007 425 -429 249 0 0
OUT 3844 2597 -136 246 221 3 0
OUT 10032 3717 -144 8 176 0 1
OUT 3403 1509 -441 -188 118 3 1
Round 49 of 221
tags: ENGINE_COOLDOWN
IN 13311 5007 425 -429 249 0 0
IN 3844 2597 -136 246 221 3 0
IN 10032 3717 -144 8 176 0 1
IN 3403 1509 -441 -188 118 3 1
MOV 12052 3453 200
MOV 2003 1816 200
MOV 7250 4841 0
MOV 2882 4463 40
OUT 13611 4422 255 -497 231 0 0
OUT 3708 2843 -115 209 203 2 0
OUT 9888 3725 -122 6 158 0 1
OUT 2962 1321 -374 -159 100 2 1
Round 50 of 221
tags: ENGINE_COOLDOWN SHIELD
IN 13611 4422 255 -497 231 0 0
IN 3708 2843 -115 209 203 2 0
IN 9888 3725 -122 6 158 0 1
IN 2962 1321 -374 -159 100 2 1
MOV 11934 3333 200
MOV 2199 1531 SHIELD
MOV 7461 5488 60
MOV 2287 4244 0
OUT 13699 3815 74 -515 213 0 0
OUT 3593 3052 -97 177 221 3 0
OUT 9717 3766 -144 35 144 0 1
OUT 2588 1162 -317 -135 103 1 1
Round 51 of 221
tags: ENGINE_COOLDOWN
IN 13699 3815 74 -515 213 0 0
IN 3593 3052 -97 177 221 3 0
IN 9717 3766 -144 35 144 0 1
IN 2588 1162 -317 -135 103 1 1
MOV 11767 3297 200
MOV 2312 1516 0
MOV 7260 5487 130
MOV 2640 4162 50
OUT 13580 3247 -101 -482 195 0 0
OUT 3496 3229 -82 150 230 2 0
OUT 9467 3876 -212 93 145 0 1
OUT 2271 1027 -269 -114 89 0 1
Round 52 of 221
tags: ENGINE_COOLDOWN SHIELD
IN 13580 3247 -101 -482 195 0 0
IN 3496 3229 -82 150 230 2 0
IN 9467 3876 -212 93 145 0 1
IN 2271 1027 -269 -114 89 0 1
MOV 11583 3352 200
MOV 2125 1773 SHIELD
MOV 7346 5997 40
MOV 2637 4005 200
OUT 13279 2774 -255 -401 177 0 0
OUT 3414 3379 -69 127 227 3 0
OUT 9227 3997 -204 103 135 0 1
OUT 2026 1112 -207 71 83 0 1
Round 53 of 221
tags: BOOST_DEPLETED ENGINE_COOLDOWN
IN 13279 2774 -255 -401 177 0 0
IN 3414 3379 -69 127 227 3 0
IN 9227 3997 -204 103 135 0 1
IN 2026 1112 -207 71 83 0 1
MOV 11412 3491 200
MOV 1907 2064 200
MOV 6770 5718 70
MOV 2853 3996 BOOST
OUT 12837 2443 -375 -280 159 0 0
OUT 3345 3506 -58 107 221 2 0
OUT 8966 4140 -222 121 145 0 1
OUT 1874 1375 -129 223 74 0 1
Round 54 of 221
tags: ENGINE_COOLDOWN
IN 12837 2443 -375 -280 159 0 0
IN 3345 3506 -58 107 221 2 0
IN 8966 4140 -222 121 145 0 1
IN 1874 1375 -129 223 74 0 1
MOV 11231 3635 200
MOV 1791 2248 200
MOV 6225 5360 30
MOV 3094 4116 200
OUT 12301 2282 -455 -136 143 0 0
OUT 3287 3613 -49 90 219 1 0
OUT 8717 4273 -211 113 156 0 1
OUT 1826 1781 -40 344 66 0 1
Round 55 of 221
tags: ENGINE_COOLDOWN
IN 12301 2282 -455 -136 143 0 0
IN 3287 3613 -49 90 219 1 0
IN 8717 4273 -211 113 156 0 1
IN 1826 1781 -40 344 66 0 1
MOV 11154 3920 200
MOV 1424 2886 200
MOV 5733 4587 100
MOV 2140 4765 200
OUT 11730 2309 -485 22 125 0 0
OUT 3238 3703 -41 76 201 0 0
OUT 8407 4396 -263 104 174 0 1
OUT 1807 2324 -16 461 84 0 1
Round 56 of 221
tags: BOOST_DEPLETED
IN 11730 2309 -485 22 125 0 0
IN 3238 3703 -41 76 201 0 0
IN 8407 4396 -263 104 174 0 1
IN 1807 2324 -16 461 84 0 1
MOV 11076 4199 200
MOV 1241 3598 200
MOV 5409 4501 0
MOV 1598 5317 BOOST
OUT 11180 2520 -467 179 109 0 0
OUT 2997 3767 -204 54 183 0 0
OUT 8144 4500 -223 88 178 0 1
OUT 1777 2985 -25 561 94 0 1
Round 57 of 221
tags: MOVE_ONLY
IN 11180 2520 -467 179 109 0 0
IN 2997 3767 -204 54 183 0 0
IN 8144 4500 -223 88 178 0 1
IN 1777 2985 -25 561 94 0 1
MOV 11145 4520 200
MOV 1065 4285 200
MOV 5260 3673 20
MOV 2503 5896 200
OUT 10709 2899 -400 322 91 0 0
OUT 2600 3872 -337 88 165 0 0
OUT 7902 4582 -205 70 196 0 1
OUT 1800 3740 19 641 76 0 1
Round 58 of 221
tags: ONLY_HIGH_IMPACT SHIELD SINGLE_COLLISION
IN 10709 2899 -400 322 91 0 0
IN 2600 3872 -337 88 165 0 0
IN 7902 4582 -205 70 196 0 1
IN 1800 3740 19 641 76 0 1
MOV 10058 4790 200
MOV 770 4680 SHIELD
MOV 5415 2904 100
MOV 3390 6284 SHIELD
OUT 10244 3410 -395 434 109 0 0
OUT 2682 4023 78 129 156 3 0
OUT 7614 4596 -244 11 214 0 1
OUT 1400 4318 -348 490 58 3 1
Round 59 of 221
tags: ENGINE_COOLDOWN
IN 10244 3410 -395 434 109 0 0
IN 2682 4023 78 129 156 3 0
IN 7614 4596 -244 11 214 0 1
IN 1400 4318 -348 490 58 3 1
MOV 10201 5410 200
MOV 1196 5361 200
MOV 5767 2232 100
MOV 3521 6439 200
OUT 9845 4044 -339 538 91 0 0
OUT 2760 4152 66 109 138 2 0
OUT 7308 4528 -259 -57 232 0 1
OUT 1052 4808 -295 416 45 2 1
Round 60 of 221
tags: ENGINE_COOLDOWN SHIELD
IN 9845 4044 -339 538 91 0 0
IN 2760 4152 66 109 138 2 0
IN 7308 4528 -259 -57 232 0 1
IN 1052 4808 -295 416 45 2 1
MOV 9331 5977 200
MOV 1760 5884 200
MOV 4821 2850 SHIELD
MOV 3383 6696 110
OUT 9455 4775 -331 621 105 0 0
OUT 2826 4261 56 92 120 1 0
OUT 7049 4471 -220 -48 214 3 1
OUT 757 5224 -250 353 39 1 1
Round 61 of 221
tags: ENGINE_COOLDOWN
IN 9455 4775 -331 621 105 0 0
IN 2826 4261 56 92 120 1 0
IN 7049 4471 -220 -48 214 3 1
IN 757 5224 -250 353 39 1 1
MOV 8366 6452 0
MOV 2410 6217 0
MOV 4248 3396 0
MOV 3558 6299 200
OUT 9124 5396 -281 527 123 0 0
OUT 2882 4353 47 78 102 0 0
OUT 6829 4423 -187 -40 201 2 1
OUT 507 5577 -212 300 21 0 1
Round 62 of 221
tags: ENGINE_COOLDOWN SHIELD
IN 9124 5396 -281 527 123 0 0
IN 2882 4353 47 78 102 0 0
IN 6829 4423 -187 -40 201 2 1
IN 507 5577 -212 300 21 0 1
MOV 7570 6655 SHIELD
MOV 3091 6342 200
MOV 3918 3697 SHIELD
MOV 3503 5734 200
OUT 8843 5923 -238 447 141 3 0
OUT 2949 4630 57 235 84 0 0
OUT 6642 4383 -158 -34 194 3 1
OUT 495 5887 -10 263 3 0 1
Round 63 of 221
tags: ENGINE_COOLDOWN SHIELD
IN 8843 5923 -238 447 141 3 0
IN 2949 4630 57 235 84 0 0
IN 6642 4383 -158 -34 194 3 1
IN 495 5887 -10 263 3 0 1
MOV 6976 6640 SHIELD
MOV 3762 6457 0
MOV 3841 3308 200
MOV 3393 5111 200
OUT 8605 6370 -202 379 159 3 0
OUT 3006 4865 48 199 66 0 0
OUT 6484 4349 -134 -28 201 2 1
OUT 678 6098 155 179 345 0 1
Round 64 of 221
tags: ENGINE_COOLDOWN SHIELD
IN 8605 6370 -202 379 159 3 0
IN 3006 4865 48 199 66 0 0
IN 6484 4349 -134 -28 201 2 1
IN 678 6098 155 179 345 0 1
MOV 6608 6475 0
MOV 3865 6671 0
MOV 3912 2804 SHIELD
MOV 3419 4878 200
OUT 8403 6749 -171 322 177 2 0
OUT 3054 5064 40 169 65 0 0
OUT 6350 4321 -113 -23 211 3 1
OUT 1016 6196 287 83 336 0 1
Round 65 of 221
tags: ENGINE_COOLDOWN SHIELD
IN 8403 6749 -171 322 177 2 0
IN 3054 5064 40 169 65 0 0
IN 6350 4321 -113 -23 211 3 1
IN 1016 6196 287 83 336 0 1
MOV 6471 6231 0
MOV 3298 7049 SHIELD
MOV 4192 2237 SHIELD
MOV 3914 5420 200
OUT 8232 7071 -145 273 195 1 0
OUT 3094 5233 34 143 83 3 0
OUT 6237 4298 -96 -19 224 3 1
OUT 1496 6227 408 26 345 0 1
Round 66 of 221
tags: ENGINE_COOLDOWN
IN 8232 7071 -145 273 195 1 0
IN 3094 5233 34 143 83 3 0
IN 6237 4298 -96 -19 224 3 1
IN 1496 6227 408 26 345 0 1
MOV 6555 5982 200
MOV 2712 7196 146
MOV 4829 1649 60
MOV 4012 4593 0
OUT 8087 7344 -123 232 213 0 0
OUT 3128 5376 28 121 101 2 0
OUT 6141 4279 -81 -16 242 2 1
OUT 1904 6253 346 22 327 0 1
Round 67 of 221
tags: ENGINE_COOLDOWN
IN 8087 7344 -123 232 213 0 0
IN 3128 5376 28 121 101 2 0
IN 6141 4279 -81 -16 242 2 1
IN 1904 6253 346 22 327 0 1
MOV 6828 5790 200
MOV 2158 7125 200
MOV 4826 1583 200
MOV 3792 3922 140
OUT 7838 7421 -211 65 231 0 0
OUT 3156 5497 23 102 119 1 0
OUT 6060 4263 -68 -13 244 1 1
OUT 2338 6166 369 -73 309 0 1
Round 68 of 221
tags: ENGINE_COOLDOWN ONLY_HIGH_IMPACT SHIELD SINGLE_COLLISION
IN 7838 7421 -211 65 231 0 0
IN 3156 5497 23 102 119 1 0
IN 6060 4263 -68 -13 244 1 1
IN 2338 6166 369 -73 309 0 1
MOV 7100 5562 200
MOV 2015 7140 SHIELD
MOV 5642 1292 80
MOV 3653 3470 SHIELD
OUT 7553 7300 -242 -102 248 0 0
OUT 3265 5518 249 -130 125 3 0
OUT 5992 4250 -57 -11 262 0 1
OUT 2621 6174 83 154 296 3 1
Round 69 of 221
tags: ENGINE_COOLDOWN
IN 7553 7300 -242 -102 248 0 0
IN 3265 5518 249 -130 125 3 0
IN 5992 4250 -57 -11 262 0 1
IN 2621 6174 83 154 296 3 1
MOV 7413 5305 200
MOV 1679 6736 200
MOV 6253 1261 40
MOV 3498 3305 200
OUT 7297 6998 -217 -256 266 0 0
OUT 3514 5388 211 -110 142 2 0
OUT 5938 4199 -45 -43 275 0 1
OUT 2704 6328 70 130 287 2 1
Round 70 of 221
tags: ENGINE_COOLDOWN SHIELD
IN 7297 6998 -217 -256 266 0 0
IN 3514 5388 211 -110 142 2 0
IN 5938 4199 -45 -43 275 0 1
IN 2704 6328 70 130 287 2 1
MOV 7781 5057 198
MOV 2396 7046 200
MOV 6199 1210 SHIELD
MOV 2652 3328 80
OUT 7128 6550 -143 -380 284 0 0
OUT 3725 5278 179 -93 124 1 0
OUT 5893 4156 -38 -36 275 3 1
OUT 2774 6458 59 110 269 1 1
Round 71 of 221
tags: ENGINE_COOLDOWN
IN 7128 6550 -143 -380 284 0 0
IN 3725 5278 179 -93 124 1 0
IN 5893 4156 -38 -36 275 3 1
IN 2774 6458 59 110 269 1 1
MOV 7905 4707 200
MOV 2638 6957 200
MOV 5788 1158 100
MOV 3651 3589 140
OUT 7063 5986 -55 -479 293 0 0
OUT 3904 5185 152 -79 123 0 0
OUT 5855 4120 -32 -30 268 2 1
OUT 2833 6568 50 93 287 0 1
Round 72 of 221
tags: ENGINE_COOLDOWN
IN 7063 5986 -55 -479 293 0 0
IN 3904 5185 152 -79 123 0 0
IN 5855 4120 -32 -30 268 2 1
IN 2833 6568 50 93 287 0 1
MOV 7237 3994 200
MOV 2381 6481 200
MOV 4829 1301 80
MOV 4287 3944 200
OUT 7025 5308 -31 -576 275 0 0
OUT 3904 5236 0 43 140 0 0
OUT 5823 4090 -27 -25 250 1 1
OUT 2980 6486 124 -69 299 0 1
Round 73 of 221
tags: ENGINE_COOLDOWN SHIELD
IN 7025 5308 -31 -576 275 0 0
IN 3904 5236 0 43 140 0 0
IN 5823 4090 -27 -25 250 1 1
IN 2980 6486 124 -69 299 0 1
MOV 6575 3359 135
MOV 2844 6932 200
MOV 5718 1092 SHIELD
MOV 3552 3541 130
OUT 6964 4600 -52 -601 257 0 0
OUT 3798 5449 -90 180 122 0 0
OUT 5796 4065 -22 -21 268 3 1
OUT 3129 6289 126 -167 281 0 1
Round 74 of 221
tags: ENGINE_COOLDOWN ONLY_HIGH_IMPACT SHIELD SINGLE_COLLISION
IN 6964 4600 -52 -601 257 0 0
IN 3798 5449 -90 180 122 0 0
IN 5796 4065 -22 -21 268 3 1
IN 3129 6289 126 -167 281 0 1
MOV 5934 2886 SHIELD
MOV 2266 6735 200
MOV 5901 1067 40
MOV 4583 3665 SHIELD
OUT 6912 3999 -44 -510 239 3 0
OUT 3928 5292 375 -462 140 0 0
OUT 5774 4044 -18 -17 272 2 1
OUT 3218 6169 48 -69 299 3 1
Round 75 of 221
tags: ENGINE_COOLDOWN SHIELD
IN 6912 3999 -44 -510 239 3 0
IN 3928 5292 375 -462 140 0 0
IN 5774 4044 -18 -17 272 2 1
IN 3218 6169 48 -69 299 3 1
MOV 5888 2281 SHIELD
MOV 2622 6807 0
MOV 5879 1046 80
MOV 5146 3871 200
OUT 6868 3489 -37 -433 239 3 0
OUT 4303 4830 318 -392 131 0 0
OUT 5756 4027 -15 -14 272 1 1
OUT 3266 6100 40 -58 310 2 1
Round 76 of 221
tags: ENGINE_COOLDOWN SHIELD
IN 6868 3489 -37 -433 239 3 0
IN 4303 4830 318 -392 131 0 0
IN 5756 4027 -15 -14 272 1 1
IN 3266 6100 40 -58 310 2 1
MOV 5359 2177 SHIELD
MOV 3522 6671 200
MOV 6225 1064 SHIELD
MOV 5424 4016 200
OUT 6831 3056 -31 -368 221 3 0
OUT 4543 4622 203 -176 113 0 0
OUT 5741 4013 -12 -11 279 3 1
OUT 3306 6042 34 -49 316 1 1
Round 77 of 221
tags: ENGINE_COOLDOWN SHIELD
IN 6831 3056 -31 -368 221 3 0
IN 4543 4622 203 -176 113 0 0
IN 5741 4013 -12 -11 279 3 1
IN 3306 6042 34 -49 316 1 1
MOV 4990 2275 6
MOV 3231 6131 106
MOV 5272 1050 SHIELD
MOV 5904 4542 0
OUT 6800 2688 -26 -312 203 2 0
OUT 4676 4526 113 -81 131 0 0
OUT 5729 4002 -10 -9 261 3 1
OUT 3340 5993 28 -41 330 0 1
Round 78 of 221
tags: ENGINE_COOLDOWN
IN 6800 2688 -26 -312 203 2 0
IN 4676 4526 113 -81 131 0 0
IN 5729 4002 -10 -9 261 3 1
IN 3340 5993 28 -41 330 0 1
MOV 4808 2514 102
MOV 3737 6292 200
MOV 5468 1013 200
MOV 5827 4315 130
OUT 6774 2376 -22 -265 185 1 0
OUT 4695 4622 16 81 118 0 0
OUT 5719 3993 -8 -7 265 2 1
OUT 3476 5879 115 -96 326 0 1
Round 79 of 221
tags: ENGINE_COOLDOWN
IN 6774 2376 -22 -265 185 1 0
IN 4695 4622 16 81 118 0 0
IN 5719 3993 -8 -7 265 2 1
IN 3476 5879 115 -96 326 0 1
MOV 4825 2826 195
MOV 3772 6396 200
MOV 5719 993 30
MOV 6360 5052 30
OUT 6752 2111 -18 -225 167 0 0
OUT 4619 4880 -64 219 117 0 0
OUT 5711 3986 -6 -5 270 1 1
OUT 3620 5775 122 -88 344 0 1
Round 80 of 221
tags: ENGINE_COOLDOWN ONLY_HIGH_IMPACT SINGLE_COLLISION
IN 6752 2111 -18 -225 167 0 0
IN 4619 4880 -64 219 117 0 0
IN 5711 3986 -6 -5 270 1 1
IN 3620 5775 122 -88 344 0 1
MOV 5038 3141 200
MOV 4016 6787 200
MOV 5242 1023 140
MOV 6618 5670 140
OUT 6562 1988 -161 -104 149 0 0
OUT 4555 5249 316 58 108 0 0
OUT 5705 3981 -5 -4 261 0 1
OUT 3822 5723 -199 211 358 0 1
Round 81 of 221
tags: BOOST_DEPLETED
IN 6562 1988 -161 -104 149 0 0
IN 4555 5249 316 58 108 0 0
IN 5705 3981 -5 -4 261 0 1
IN 3822 5723 -199 211 358 0 1
MOV 5250 3497 103
MOV 3463 6924 200
MOV 4679 1162 200
MOV 6820 5828 BOOST
OUT 6333 1961 -194 -22 131 0 0
OUT 4762 5475 175 191 123 0 0
OUT 5632 3789 -62 -163 250 0 1
OUT 3823 5941 0 185 2 0 1
Round 82 of 221
tags: MOVE_ONLY
IN 6333 1961 -194 -22 131 0 0
IN 4762 5475 175 191 123 0 0
IN 5632 3789 -62 -163 250 0 1
IN 3823 5941 0 185 2 0 1
MOV 5552 3802 70
MOV 3208 6734 200
MOV 4042 1245 200
MOV 6819 5784 20
OUT 6111 2003 -188 35 113 0 0
OUT 4782 5792 16 269 141 0 0
OUT 5464 3456 -142 -282 238 0 1
OUT 3843 6125 16 156 357 0 1
Round 83 of 221
tags: HAS_LOW_IMPACT SHIELD SINGLE_COLLISION
IN 6111 2003 -188 35 113 0 0
IN 4782 5792 16 269 141 0 0
IN 5464 3456 -142 -282 238 0 1
IN 3843 6125 16 156 357 0 1
MOV 5937 3995 171
MOV 2915 6509 200
MOV 4738 545 SHIELD
MOV 6644 5050 0
OUT 5907 2208 -172 174 95 0 0
OUT 4645 6125 46 246 159 0 0
OUT 5322 3174 -120 -239 256 3 1
OUT 3825 6289 -178 175 339 0 1
Round 84 of 221
tags: ENGINE_COOLDOWN HAS_LOW_IMPACT MULTI_COLLISION SHIELD
IN 5907 2208 -172 174 95 0 0
IN 4645 6125 46 246 159 0 0
IN 5322 3174 -120 -239 256 3 1
IN 3825 6289 -178 175 339 0 1
MOV 5135 4053 200
MOV 2649 6257 200
MOV 5531 181 SHIELD
MOV 6566 5069 200
OUT 5919 2250 322 -342 113 0 0
OUT 4659 6356 46 190 176 0 0
OUT 5176 2967 -155 -138 274 3 1
OUT 3662 6411 -173 109 336 0 1
Round 85 of 221
tags: ENGINE_COOLDOWN
IN 5919 2250 322 -342 113 0 0
IN 4659 6356 46 190 176 0 0
IN 5176 2967 -155 -138 274 3 1
IN 3662 6411 -173 109 336 0 1
MOV 4616 3767 200
MOV 2718 5872 200
MOV 5594 -4 100
MOV 6424 5239 20
OUT 6111 2060 162 -161 131 0 0
OUT 4511 6498 -125 120 194 0 0
OUT 5021 2829 -131 -117 278 2 1
OUT 3507 6512 -131 86 337 0 1
Round 86 of 221
tags: ENGINE_COOLDOWN ONLY_HIGH_IMPACT SINGLE_COLLISION
IN 6111 2060 162 -161 131 0 0
IN 4511 6498 -125 120 194 0 0
IN 5021 2829 -131 -117 278 2 1
IN 3507 6512 -131 86 337 0 1
MOV 4582 3349 200
MOV 2697 5656 200
MOV 5998 -8 200
MOV 5994 4834 110
OUT 6120 2028 7 -27 140 0 0
OUT 4267 6533 -33 28 205 0 0
OUT 4890 2712 -111 -99 289 1 1
OUT 3405 6537 -260 22 326 0 1
Round 87 of 221
tags: ENGINE_COOLDOWN
IN 6120 2028 7 -27 140 0 0
IN 4267 6533 -33 28 205 0 0
IN 4890 2712 -111 -99 289 1 1
IN 3405 6537 -260 22 326 0 1
MOV 4432 3101 200
MOV 2559 5493 200
MOV 6695 316 140
MOV 6206 5462 100
OUT 5958 2108 -137 68 148 0 0
OUT 4063 6457 -173 -64 211 0 0
OUT 4779 2613 -94 -84 307 0 1
OUT 3238 6523 -141 -11 339 0 1
Round 88 of 221
tags: HAS_LOW_IMPACT SINGLE_COLLISION
IN 5958 2108 -137 68 148 0 0
IN 4063 6457 -173 -64 211 0 0
IN 4779 2613 -94 -84 307 0 1
IN 3238 6523 -141 -11 339 0 1
MOV 4668 3636 200
MOV 2142 5901 200
MOV 7008 606 80
MOV 6209 6105 0
OUT 5692 2329 -226 187 130 0 0
OUT 3894 6318 -119 -120 196 0 0
OUT 4744 2475 -29 -116 318 0 1
OUT 2901 6532 -311 9 352 0 1
Round 89 of 221
tags: ONLY_HIGH_IMPACT SINGLE_COLLISION
IN 5692 2329 -226 187 130 0 0
IN 3894 6318 -119 -120 196 0 0
IN 4744 2475 -29 -116 318 0 1
IN 2901 6532 -311 9 352 0 1
MOV 4943 4183 200
MOV 1895 6370 200
MOV 7485 1255 70
MOV 5897 6689 100
OUT 5541 2718 -22 342 112 0 0
OUT 3575 6203 -271 -97 179 0 0
OUT 4629 2314 -204 -148 336 0 1
OUT 2690 6546 -179 12 3 0 1
Round 90 of 221
tags: ONLY_HIGH_IMPACT SINGLE_COLLISION
IN 5541 2718 -22 342 112 0 0
IN 3575 6203 -271 -97 179 0 0
IN 4629 2314 -204 -148 336 0 1
IN 2690 6546 -179 12 3 0 1
MOV 5401 4713 199
MOV 1684 6854 200
MOV 7448 1288 110
MOV 5588 5770 30
OUT 5505 3258 -31 459 94 0 0
OUT 3218 6119 -194 -127 161 0 0
OUT 4528 2128 -85 -157 340 0 1
OUT 2437 6603 -324 103 345 0 1
Round 91 of 221
tags: MOVE_ONLY
IN 5505 3258 -31 459 94 0 0
IN 3218 6119 -194 -127 161 0 0
IN 4528 2128 -85 -157 340 0 1
IN 2437 6603 -324 103 345 0 1
MOV 4756 5112 18
MOV 1621 7323 200
MOV 7512 1814 200
MOV 5433 6760 100
OUT 5467 3734 -32 404 112 0 0
OUT 2864 6112 -300 -5 143 0 0
OUT 4642 1950 96 -151 354 0 1
OUT 2213 6711 -190 91 3 0 1
Round 92 of 221
tags: ONLY_HIGH_IMPACT SINGLE_COLLISION
IN 5467 3734 -32 404 112 0 0
IN 2864 6112 -300 -5 143 0 0
IN 4642 1950 96 -151 354 0 1
IN 2213 6711 -190 91 3 0 1
MOV 4181 5266 50
MOV 1717 7750 200
MOV 7620 1584 200
MOV 5014 7786 200
OUT 5403 4176 -54 375 130 0 0
OUT 2574 6129 -201 -36 125 0 0
OUT 4937 1775 250 -149 353 0 1
OUT 2085 7016 -154 309 21 0 1
Round 93 of 221
tags: MOVE_ONLY
IN 5403 4176 -54 375 130 0 0
IN 2574 6129 -201 -36 125 0 0
IN 4937 1775 250 -149 353 0 1
IN 2085 7016 -154 309 21 0 1
MOV 4654 6030 0
MOV 1989 8042 0
MOV 7882 2347 200
MOV 5081 7173 200
OUT 5349 4551 -45 318 112 0 0
OUT 2373 6093 -170 -30 107 0 0
OUT 5383 1664 379 -94 11 0 1
OUT 2131 7335 38 271 3 0 1
Round 94 of 221
tags: SHIELD
IN 5349 4551 -45 318 112 0 0
IN 2373 6093 -170 -30 107 0 0
IN 5383 1664 379 -94 11 0 1
IN 2131 7335 38 271 3 0 1
MOV 4063 6083 0
MOV 2408 8093 SHIELD
MOV 8328 2236 200
MOV 5109 7701 200
OUT 5304 4869 -38 270 130 0 0
OUT 2203 6063 -144 -25 89 3 0
OUT 5958 1608 489 -47 11 0 1
OUT 2368 7630 201 251 7 0 1
Round 95 of 221
tags: BOOST_DEPLETED ENGINE_COOLDOWN SHIELD
IN 5304 4869 -38 270 130 0 0
IN 2203 6063 -144 -25 89 3 0
IN 5958 1608 489 -47 11 0 1
IN 2368 7630 201 251 7 0 1
MOV 3608 5929 SHIELD
MOV 1618 7976 SHIELD
MOV 8582 3062 BOOST
MOV 5313 7058 BOOST
OUT 5266 5139 -32 229 148 3 0
OUT 2059 6038 -122 -21 107 3 0
OUT 6622 1658 564 42 29 0 1
OUT 2765 7843 337 180 349 0 1
Round 96 of 221
tags: ENGINE_COOLDOWN SHIELD
IN 5266 5139 -32 229 148 3 0
IN 2059 6038 -122 -21 107 3 0
IN 6622 1658 564 42 29 0 1
IN 2765 7843 337 180 349 0 1
MOV 3325 5623 SHIELD
MOV 912 7676 0
MOV 8668 3852 50
MOV 5527 6671 200
OUT 5234 5368 -27 194 166 3 0
OUT 1937 6017 -103 -17 125 2 0
OUT 7220 1737 508 66 47 0 1
OUT 3286 7945 442 86 337 0 1
Round 97 of 221
tags: ENGINE_COOLDOWN SHIELD
IN 5234 5368 -27 194 166 3 0
IN 1937 6017 -103 -17 125 2 0
IN 7220 1737 508 66 47 0 1
IN 3286 7945 442 86 337 0 1
MOV 3239 5228 SHIELD
MOV 1352 7930 184
MOV 8765 4309 110
MOV 6240 7424 200
OUT 5207 5562 -22 164 184 3 0
OUT 1834 6000 -87 -14 107 1 0
OUT 7785 1897 479 136 59 0 1
OUT 3925 7996 543 43 350 0 1
Round 98 of 221
tags: ENGINE_COOLDOWN SHIELD
IN 5207 5562 -22 164 184 3 0
IN 1834 6000 -87 -14 107 1 0
IN 7785 1897 479 136 59 0 1
IN 3925 7996 543 43 350 0 1
MOV 3353 4813 150
MOV 687 7638 SHIELD
MOV 8662 4766 200
MOV 6726 6921 200
OUT 5185 5726 -18 139 202 2 0
OUT 1747 5986 -73 -11 125 3 0
OUT 8322 2224 456 278 73 0 1
OUT 4655 7967 620 -24 339 0 1
Round 99 of 221
tags: BOOST_DEPLETED ENGINE_COOLDOWN SHIELD
IN 5185 5726 -18 139 202 2 0
IN 1747 5986 -73 -11 125 3 0
IN 8322 2224 456 278 73 0 1
IN 4655 7967 620 -24 339 0 1
MOV 3236 5277 SHIELD
MOV 150 7190 SHIELD
MOV 8479 5220 BOOST
MOV 7227 6422 BOOST
OUT 5167 5865 -15 118 193 3 0
OUT 1674 5975 -62 -9 143 3 0
OUT 8788 2702 396 406 87 0 1
OUT 5446 7840 672 -107 329 0 1
Round 100 of 221
tags: ENGINE_COOLDOWN
IN 5167 5865 -15 118 193 3 0
IN 1674 5975 -62 -9 143 3 0
IN 8788 2702 396 406 87 0 1
IN 5446 7840 672 -107 329 0 1
MOV 3453 4835 139
MOV -105 6889 0
MOV 8527 5691 120
MOV 8165 6572 200
OUT 5152 5983 -12 100 211 2 0
OUT 1612 5966 -52 -7 153 2 0
OUT 9174 3228 327 446 95 0 1
OUT 6299 7648 725 -162 335 0 1
Round 101 of 221
tags: ENGINE_COOLDOWN SHIELD
IN 5152 5983 -12 100 211 2 0
IN 1612 5966 -52 -7 153 2 0
IN 9174 3228 327 446 95 0 1
IN 6299 7648 725 -162 335 0 1
MOV 3203 5533 200
MOV -355 6327 SHIELD
MOV 8297 6097 SHIELD
MOV 8995 6333 200
OUT 5140 6083 -10 85 193 1 0
OUT 1560 5959 -44 -5 170 3 0
OUT 9501 3674 277 379 107 3 1
OUT 7204 7398 769 -212 334 0 1
Round 102 of 221
tags: ENGINE_COOLDOWN
IN 5140 6083 -10 85 193 1 0
IN 1560 5959 -44 -5 170 3 0
IN 9501 3674 277 379 107 3 1
IN 7204 7398 769 -212 334 0 1
MOV 3362 5168 200
MOV -421 5681 47
MOV 8001 6272 10
MOV 9966 6226 200
OUT 5130 6168 -8 72 207 0 0
OUT 1516 5954 -37 -4 188 2 0
OUT 9778 4053 235 322 120 2 1
OUT 8157 7108 810 -246 337 0 1
Round 103 of 221
tags: BOOST_DEPLETED ENGINE_COOLDOWN
IN 5130 6168 -8 72 207 0 0
IN 1516 5954 -37 -4 188 2 0
IN 9778 4053 235 322 120 2 1
IN 8157 7108 810 -246 337 0 1
MOV 3204 5630 200
MOV -282 5077 28
MOV 8654 6835 200
MOV 10421 5140 BOOST
OUT 4929 6186 -170 15 196 0 0
OUT 1479 5950 -31 -3 206 1 0
OUT 10013 4375 199 273 112 1 1
OUT 9118 6731 816 -320 319 0 1
Round 104 of 221
tags: ENGINE_COOLDOWN SHIELD
IN 4929 6186 -170 15 196 0 0
IN 1479 5950 -31 -3 206 1 0
IN 10013 4375 199 273 112 1 1
IN 9118 6731 816 -320 319 0 1
MOV 3271 5068 0
MOV -502 5672 SHIELD
MOV 8987 7194 110
MOV 11767 5323 200
OUT 4759 6201 -144 12 214 0 0
OUT 1448 5947 -26 -2 188 3 0
OUT 10212 4648 169 232 110 0 1
OUT 10111 6317 843 -351 332 0 1
Round 105 of 221
tags: ENGINE_COOLDOWN
IN 4759 6201 -144 12 214 0 0
IN 1448 5947 -26 -2 188 3 0
IN 10212 4648 169 232 110 0 1
IN 10111 6317 843 -351 332 0 1
MOV 3528 4625 61
MOV -522 6294 119
MOV 8622 7192 10
MOV 12709 4817 200
OUT 4577 6165 -154 -30 232 0 0
OUT 1422 5945 -22 -1 170 2 0
OUT 10376 4888 139 204 122 0 1
OUT 11127 5866 863 -383 330 0 1
Round 106 of 221
tags: ENGINE_COOLDOWN SHIELD
IN 4577 6165 -154 -30 232 0 0
IN 1422 5945 -22 -1 170 2 0
IN 10376 4888 139 204 122 0 1
IN 11127 5866 863 -383 330 0 1
MOV 3893 4286 62
MOV -344 6884 11
MOV 8078 6816 50
MOV 13134 3637 SHIELD
OUT 4401 6077 -149 -74 250 0 0
OUT 1400 5944 -18 0 152 1 0
OUT 10477 5124 85 200 140 0 1
OUT 11990 5483 733 -325 312 3 1
Round 107 of 221
tags: ENGINE_COOLDOWN SHIELD
IN 4401 6077 -149 -74 250 0 0
IN 1400 5944 -18 0 152 1 0
IN 10477 5124 85 200 140 0 1
IN 11990 5483 733 -325 312 3 1
MOV 4331 4078 200
MOV 11 7383 SHIELD
MOV 7961 6758 50
MOV 13210 2742 110
OUT 4244 5803 -133 -232 268 0 0
OUT 1382 5944 -15 0 134 3 0
OUT 10520 5351 36 193 147 0 1
OUT 12723 5158 623 -276 294 2 1
Round 108 of 221
tags: ENGINE_COOLDOWN SHIELD
IN 4244 5803 -133 -232 268 0 0
IN 1382 5944 -15 0 134 3 0
IN 10520 5351 36 193 147 0 1
IN 12723 5158 623 -276 294 2 1
MOV 4795 3880 200
MOV 505 7742 SHIELD
MOV 8291 7358 0
MOV 13037 2174 10
OUT 4165 5378 -67 -360 286 0 0
OUT 1367 5944 -12 0 116 3 0
OUT 10556 5544 30 164 138 0 1
OUT 13346 4882 529 -234 276 1 1
Round 109 of 221
tags: ENGINE_COOLDOWN
IN 4165 5378 -67 -360 286 0 0
IN 1367 5944 -12 0 116 3 0
IN 10556 5544 30 164 138 0 1
IN 13346 4882 529 -234 276 1 1
MOV 5283 3720 200
MOV 1089 7925 0
MOV 7815 6764 200
MOV 12928 1911 110
OUT 4209 4851 37 -447 304 0 0
OUT 1355 5944 -10 0 98 2 0
OUT 10403 5789 -129 208 156 0 1
OUT 13875 4648 449 -198 262 0 1
Round 110 of 221
tags: ENGINE_COOLDOWN
IN 4209 4851 37 -447 304 0 0
IN 1355 5944 -10 0 98 2 0
IN 10403 5789 -129 208 156 0 1
IN 13875 4648 449 -198 262 0 1
MOV 5785 3620 200
MOV 1702 7914 0
MOV 8174 7796 200
MOV 12560 1952 200
OUT 4403 4280 164 -485 322 0 0
OUT 1345 5944 -8 0 80 1 0
OUT 10125 6131 -235 290 138 0 1
OUT 14236 4270 307 -321 244 0 1
Round 111 of 221
tags: ENGINE_COOLDOWN
IN 4403 4280 164 -485 322 0 0
IN 1345 5944 -8 0 80 1 0
IN 10125 6131 -235 290 138 0 1
IN 14236 4270 307 -321 244 0 1
MOV 6282 3596 200
MOV 2284 7710 0
MOV 8237 8462 90
MOV 12152 2112 200
OUT 4754 3725 298 -471 340 0 0
OUT 1337 5944 -6 0 62 0 0
OUT 9833 6491 -247 305 129 0 1
OUT 14404 3805 142 -395 226 0 1
Round 112 of 221
tags: MOVE_ONLY
IN 4754 3725 298 -471 340 0 0
IN 1337 5944 -6 0 62 0 0
IN 9833 6491 -247 305 129 0 1
IN 14404 3805 142 -395 226 0 1
MOV 6753 3655 200
MOV 2776 7333 200
MOV 7437 8296 0
MOV 12246 1721 200
OUT 5252 3246 423 -407 358 0 0
OUT 1475 6083 117 118 44 0 0
OUT 9586 6796 -209 259 143 0 1
OUT 14402 3271 -1 -453 224 0 1
Round 113 of 221
tags: MOVE_ONLY
IN 5252 3246 423 -407 358 0 0
IN 1475 6083 117 118 44 0 0
IN 9586 6796 -209 259 143 0 1
IN 14402 3271 -1 -453 224 0 1
MOV 7251 3322 200
MOV 3273 6960 200
MOV 6845 8016 200
MOV 11706 1956 200
OUT 5875 2847 529 -339 2 0 0
OUT 1772 6289 252 174 26 0 0
OUT 9194 7136 -332 289 156 0 1
OUT 14221 2730 -153 -459 206 0 1
Round 114 of 221
tags: MOVE_ONLY
IN 5875 2847 529 -339 2 0 0
IN 1772 6289 252 174 26 0 0
IN 9194 7136 -332 289 156 0 1
IN 14221 2730 -153 -459 206 0 1
MOV 7859 3100 200
MOV 3753 6567 200
MOV 6570 8590 80
MOV 11250 2312 200
OUT 6602 2533 618 -266 7 0 0
OUT 2222 6491 382 171 8 0 0
OUT 8792 7464 -341 278 151 0 1
OUT 13870 2243 -298 -413 188 0 1
Round 115 of 221
tags: BOOST_DEPLETED
IN 6602 2533 618 -266 7 0 0
IN 2222 6491 382 171 8 0 0
IN 8792 7464 -341 278 151 0 1
IN 13870 2243 -298 -413 188 0 1
MOV 8601 2578 200
MOV 4193 6151 200
MOV 5847 8036 110
MOV 10916 2764 BOOST
OUT 7420 2272 695 -222 1 0 0
OUT 2801 6628 492 116 350 0 0
OUT 8343 7763 -381 254 169 0 1
OUT 13375 1865 -420 -321 170 0 1
Round 116 of 221
tags: BOOST_DEPLETED
IN 7420 2272 695 -222 1 0 0
IN 2801 6628 492 116 350 0 0
IN 8343 7763 -381 254 169 0 1
IN 13375 1865 -420 -321 170 0 1
MOV 9417 2382 200
MOV 4567 5689 200
MOV 5365 7397 20
MOV 10726 3273 BOOST
OUT 8315 2061 760 -179 3 0 0
OUT 3470 6651 568 19 332 0 0
OUT 7942 8015 -340 213 187 0 1
OUT 12778 1638 -507 -193 152 0 1
Round 117 of 221
tags: MOVE_ONLY
IN 8315 2061 760 -179 3 0 0
IN 3470 6651 568 19 332 0 0
IN 7942 8015 -340 213 187 0 1
IN 12778 1638 -507 -193 152 0 1
MOV 10315 2104 200
MOV 5227 5695 200
MOV 5089 7088 40
MOV 10447 3526 200
OUT 9275 1886 815 -148 1 0 0
OUT 4214 6574 632 -65 331 0 0
OUT 7564 8216 -321 170 198 0 1
OUT 12116 1571 -563 -57 141 0 1
Round 118 of 221
tags: MOVE_ONLY
IN 9275 1886 815 -148 1 0 0
IN 4214 6574 632 -65 331 0 0
IN 7564 8216 -321 170 198 0 1
IN 12116 1571 -563 -57 141 0 1
MOV 11272 1994 200
MOV 5651 5183 200
MOV 5137 6453 20
MOV 10482 4087 200
OUT 10290 1749 862 -116 3 0 0
OUT 4990 6370 659 -173 316 0 0
OUT 7227 8374 -286 134 216 0 1
OUT 11444 1682 -571 94 123 0 1
Round 119 of 221
tags: ONLY_HIGH_IMPACT SHIELD SINGLE_COLLISION
IN 10290 1749 862 -116 3 0 0
IN 4990 6370 659 -173 316 0 0
IN 7227 8374 -286 134 216 0 1
IN 11444 1682 -571 94 123 0 1
MOV 12157 2466 SHIELD
MOV 6369 4921 200
MOV 5464 5947 200
MOV 9398 3876 SHIELD
OUT 10071 1653 -488 -75 21 3 0
OUT 5787 6052 677 -270 314 0 0
OUT 6823 8346 -343 -23 234 0 1
OUT 11954 1756 735 56 133 3 1
Round 120 of 221
tags: ENGINE_COOLDOWN
IN 10071 1653 -488 -75 21 3 0
IN 5787 6052 677 -270 314 0 0
IN 6823 8346 -343 -23 234 0 1
IN 11954 1756 735 56 133 3 1
MOV 12049 1948 200
MOV 6664 4254 200
MOV 5555 5627 120
MOV 9527 3519 200
OUT 9583 1578 -414 -63 8 2 0
OUT 6552 5602 649 -382 296 0 0
OUT 6429 8214 -334 -111 245 0 1
OUT 12689 1812 624 47 144 2 1
Round 121 of 221
tags: ENGINE_COOLDOWN
IN 9583 1578 -414 -63 8 2 0
IN 6552 5602 649 -382 296 0 0
IN 6429 8214 -334 -111 245 0 1
IN 12689 1812 624 47 144 2 1
MOV 11578 1721 200
MOV 6830 3621 125
MOV 6063 5236 20
MOV 9836 2739 200
OUT 9169 1515 -351 -53 4 1 0
OUT 7218 5096 566 -429 278 0 0
OUT 6093 8083 -285 -111 263 0 1
OUT 13313 1859 530 39 162 1 1
Round 122 of 221
tags: ENGINE_COOLDOWN
IN 9169 1515 -351 -53 4 1 0
IN 7218 5096 566 -429 278 0 0
IN 6093 8083 -285 -111 263 0 1
IN 13313 1859 530 39 162 1 1
MOV 11110 1031 200
MOV 8095 3298 113
MOV 6665 5138 90
MOV 10594 3127 90
OUT 8818 1462 -298 -45 346 0 0
OUT 7834 4565 523 -450 296 0 0
OUT 5825 7884 -227 -169 281 0 1
OUT 13843 1898 450 33 155 0 1
Round 123 of 221
tags: MOVE_ONLY
IN 8818 1462 -298 -45 346 0 0
IN 7834 4565 523 -450 296 0 0
IN 5825 7884 -227 -169 281 0 1
IN 13843 1898 450 33 155 0 1
MOV 10813 1602 159
MOV 9223 3126 85
MOV 7045 5143 100
MOV 10865 2264 200
OUT 8679 1428 -118 -28 4 0 0
OUT 8416 4054 494 -434 314 0 0
OUT 5639 7624 -158 -221 294 0 1
OUT 14094 1955 213 48 173 0 1
Round 124 of 221
tags: MOVE_ONLY
IN 8679 1428 -118 -28 4 0 0
IN 8416 4054 494 -434 314 0 0
IN 5639 7624 -158 -221 294 0 1
IN 14094 1955 213 48 173 0 1
MOV 10533 2177 200
MOV 10182 3115 200
MOV 6954 4928 50
MOV 11096 2060 200
OUT 8746 1475 57 39 22 0 0
OUT 9087 3526 569 -448 332 0 0
OUT 5503 7358 -115 -226 296 0 1
OUT 14107 2010 11 46 178 0 1
Round 125 of 221
tags: MOVE_ONLY
IN 8746 1475 57 39 22 0 0
IN 9087 3526 569 -448 332 0 0
IN 5503 7358 -115 -226 296 0 1
IN 14107 2010 11 46 178 0 1
MOV 10278 2761 200
MOV 11057 3179 200
MOV 7587 5200 200
MOV 11107 2062 200
OUT 8956 1643 178 142 40 0 0
OUT 9853 3043 651 -410 350 0 0
OUT 5527 6988 20 -314 314 0 1
OUT 13918 2059 -160 42 179 0 1
Round 126 of 221
tags: MOVE_ONLY
IN 8956 1643 178 142 40 0 0
IN 9853 3043 651 -410 350 0 0
IN 5527 6988 20 -314 314 0 1
IN 13918 2059 -160 42 179 0 1
MOV 10726 2575 200
MOV 11851 3127 200
MOV 7611 4830 70
MOV 11081 3036 200
OUT 9311 1878 301 199 28 0 0
OUT 10704 2641 723 -341 2 0 0
OUT 5596 6624 58 -309 314 0 1
OUT 13569 2166 -296 91 161 0 1
Round 127 of 221
tags: MOVE_ONLY
IN 9311 1878 301 199 28 0 0
IN 10704 2641 723 -341 2 0 0
IN 5596 6624 58 -309 314 0 1
IN 13569 2166 -296 91 161 0 1
MOV 10777 3238 200
MOV 12583 3325 200
MOV 7680 4466 140
MOV 10569 2218 200
OUT 9759 2213 380 284 43 0 0
OUT 11615 2368 774 -231 20 0 0
OUT 5751 6214 131 -348 314 0 1
OUT 13073 2260 -421 80 179 0 1
Round 128 of 221
tags: BOOST_DEPLETED ONLY_HIGH_IMPACT SHIELD SINGLE_COLLISION
IN 9759 2213 380 284 43 0 0
IN 11615 2368 774 -231 20 0 0
IN 5751 6214 131 -348 314 0 1
IN 13073 2260 -421 80 179 0 1
MOV 11059 3733 200
MOV 13570 2792 SHIELD
MOV 8049 4286 BOOST
MOV 10204 1383 SHIELD
OUT 10269 2649 433 370 49 0 0
OUT 11869 2095 -330 -275 12 3 0
OUT 6035 5737 241 -405 320 0 1
OUT 13172 2382 630 147 197 3 1
Round 129 of 221
tags: ENGINE_COOLDOWN
IN 10269 2649 433 370 49 0 0
IN 11869 2095 -330 -275 12 3 0
IN 6035 5737 241 -405 320 0 1
IN 13172 2382 630 147 197 3 1
MOV 11983 3679 157
MOV 13601 3095 0
MOV 8579 4147 200
MOV 10218 1861 200
OUT 10836 3101 481 384 31 0 0
OUT 11539 1820 -280 -233 30 2 0
OUT 6446 5226 349 -434 328 0 1
OUT 13802 2529 535 124 190 2 1
Round 130 of 221
tags: ENGINE_COOLDOWN
IN 10836 3101 481 384 31 0 0
IN 11539 1820 -280 -233 30 2 0
IN 6446 5226 349 -434 328 0 1
IN 13802 2529 535 124 190 2 1
MOV 12785 3551 141
MOV 12877 3306 200
MOV 9357 4500 40
MOV 11020 1405 50
OUT 11454 3518 525 354 13 0 0
OUT 11259 1587 -238 -198 48 1 0
OUT 6834 4782 329 -377 346 0 1
OUT 14337 2653 454 105 202 1 1
Round 131 of 221
tags: ENGINE_COOLDOWN SHIELD
IN 11454 3518 525 354 13 0 0
IN 11259 1587 -238 -198 48 1 0
IN 6834 4782 329 -377 346 0 1
IN 14337 2653 454 105 202 1 1
MOV 13446 3344 SHIELD
MOV 12460 3186 200
MOV 9827 4991 120
MOV 11344 2444 100
OUT 11979 3872 446 300 355 3 0
OUT 11021 1389 -202 -168 53 0 0
OUT 7283 4413 381 -313 4 0 1
OUT 14791 2758 385 89 184 0 1
Round 132 of 221
tags: ENGINE_COOLDOWN SHIELD
IN 11979 3872 446 300 355 3 0
IN 11021 1389 -202 -168 53 0 0
IN 7283 4413 381 -313 4 0 1
IN 14791 2758 385 89 184 0 1
MOV 13820 3091 SHIELD
MOV 11672 3280 200
MOV 10136 5340 100
MOV 11791 2706 200
OUT 12425 4172 379 255 337 3 0
OUT 10884 1410 -116 17 71 0 0
OUT 7759 4131 404 -239 18 0 1
OUT 14976 2844 157 72 181 0 1
Round 133 of 221
tags: BOOST_DEPLETED ENGINE_COOLDOWN SHIELD
IN 12425 4172 379 255 337 3 0
IN 10884 1410 -116 17 71 0 0
IN 7759 4131 404 -239 18 0 1
IN 14976 2844 157 72 181 0 1
MOV 13934 2860 SHIELD
MOV 11480 3319 131
MOV 10759 4131 100
MOV 12005 2426 BOOST
OUT 12804 4427 322 216 319 3 0
OUT 10807 1552 -65 120 73 0 0
OUT 8263 3892 428 -203 0 0 1
OUT 14935 2888 -34 37 188 0 1
Round 134 of 221
tags: ENGINE_COOLDOWN
IN 12804 4427 322 216 319 3 0
IN 10807 1552 -65 120 73 0 0
IN 8263 3892 428 -203 0 0 1
IN 14935 2888 -34 37 188 0 1
MOV 13834 2713 0
MOV 11954 3190 200
MOV 11259 4049 10
MOV 12116 1862 200
OUT 13126 4643 273 183 301 2 0
OUT 10857 1836 42 241 55 0 0
OUT 8701 3690 372 -172 3 0 1
OUT 14713 2857 -188 -26 200 0 1
Round 135 of 221
tags: BOOST_DEPLETED ENGINE_COOLDOWN
IN 13126 4643 273 183 301 2 0
IN 10857 1836 42 241 55 0 0
IN 8701 3690 372 -172 3 0 1
IN 14713 2857 -188 -26 200 0 1
MOV 13576 2694 84
MOV 11442 3749 0
MOV 11672 3272 30
MOV 11768 2285 BOOST
OUT 13399 4826 232 155 283 1 0
OUT 10899 2077 35 204 73 0 0
OUT 9103 3514 341 -149 352 0 1
OUT 14329 2793 -326 -54 191 0 1
Round 136 of 221
tags: ENGINE_COOLDOWN
IN 13399 4826 232 155 283 1 0
IN 10899 2077 35 204 73 0 0
IN 9103 3514 341 -149 352 0 1
IN 14329 2793 -326 -54 191 0 1
MOV 13271 2830 200
MOV 11116 4065 12
MOV 12057 4035 110
MOV 11358 2375 200
OUT 13631 4981 197 131 266 0 0
OUT 10935 2293 30 183 84 0 0
OUT 9552 3384 381 -110 10 0 1
OUT 13805 2711 -445 -69 188 0 1
Round 137 of 221
tags: BOOST_DEPLETED SHIELD
IN 13631 4981 197 131 266 0 0
IN 10935 2293 30 183 84 0 0
IN 9552 3384 381 -110 10 0 1
IN 13805 2711 -445 -69 188 0 1
MOV 12882 3127 200
MOV 10985 4292 121
MOV 12334 4508 SHIELD
MOV 10851 2190 BOOST
OUT 13754 4926 104 -46 248 0 0
OUT 10968 2597 28 258 89 0 0
OUT 9933 3274 323 -93 22 3 1
OUT 13163 2607 -545 -88 190 0 1
Round 138 of 221
tags: ENGINE_COOLDOWN
IN 13754 4926 104 -46 248 0 0
IN 10968 2597 28 258 89 0 0
IN 9933 3274 323 -93 22 3 1
IN 13163 2607 -545 -88 190 0 1
MOV 12468 3394 200
MOV 10956 4597 0
MOV 12802 4151 200
MOV 10192 3025 200
OUT 13730 4726 -20 -169 230 0 0
OUT 10996 2855 23 219 90 0 0
OUT 10256 3181 274 -79 17 2 1
OUT 12420 2547 -631 -51 172 0 1
Round 139 of 221
tags: ENGINE_COOLDOWN MULTI_COLLISION ONLY_HIGH_IMPACT
IN 13730 4726 -20 -169 230 0 0
IN 10996 2855 23 219 90 0 0
IN 10256 3181 274 -79 17 2 1
IN 12420 2547 -631 -51 172 0 1
MOV 12340 3288 200
MOV 11614 4757 0
MOV 12880 4635 BOOST
MOV 9724 3862 70
OUT 13571 4413 -135 -265 226 0 0
OUT 11106 3061 -353 418 72 0 0
OUT 10218 3238 -39 50 29 1 1
OUT 11951 2404 54 -367 154 0 1
Round 140 of 221
tags: ENGINE_COOLDOWN HAS_LOW_IMPACT SINGLE_COLLISION
IN 13571 4413 -135 -265 226 0 0
IN 11106 3061 -353 418 72 0 0
IN 10218 3238 -39 50 29 1 1
IN 11951 2404 54 -367 154 0 1
MOV 11959 3230 200
MOV 12282 4679 174
MOV 12412 5284 130
MOV 9793 4488 200
OUT 13275 4030 -251 -325 216 0 0
OUT 10979 3626 -31 483 54 0 0
OUT 10054 3282 -215 34 43 0 1
OUT 11861 2176 -76 -193 136 0 1
Round 141 of 221
tags: BOOST_DEPLETED SHIELD
IN 13275 4030 -251 -325 216 0 0
IN 10979 3626 -31 483 54 0 0
IN 10054 3282 -215 34 43 0 1
IN 11861 2176 -76 -193 136 0 1
MOV 11373 3412 183
MOV 12206 5205 SHIELD
MOV 11508 5906 BOOST
MOV 10227 4692 200
OUT 12850 3648 -361 -325 198 0 0
OUT 10948 4109 -26 410 52 3 0
OUT 9936 3491 -100 177 61 0 1
OUT 11676 2151 -157 -21 123 0 1
Round 142 of 221
tags: ENGINE_COOLDOWN
IN 12850 3648 -361 -325 198 0 0
IN 10948 4109 -26 410 52 3 0
IN 9936 3491 -100 177 61 0 1
IN 11676 2151 -157 -21 123 0 1
MOV 11232 2472 200
MOV 12606 5227 58
MOV 11108 6253 130
MOV 9345 4039 200
OUT 12327 3205 -444 -376 216 0 0
OUT 10922 4519 -22 348 34 2 0
OUT 9887 3788 -41 252 67 0 1
OUT 11364 2256 -265 89 141 0 1
Round 143 of 221
tags: ENGINE_COOLDOWN
IN 12327 3205 -444 -376 216 0 0
IN 10922 4519 -22 348 34 2 0
IN 9887 3788 -41 252 67 0 1
IN 11364 2256 -265 89 141 0 1
MOV 10425 2587 200
MOV 12845 5070 0
MOV 10511 6722 110
MOV 8968 4061 200
OUT 11693 2767 -539 -372 198 0 0
OUT 10900 4867 -18 295 16 1 0
OUT 9869 4148 -15 305 78 0 1
OUT 10939 2465 -361 177 143 0 1
Round 144 of 221
tags: ENGINE_COOLDOWN ONLY_HIGH_IMPACT SHIELD SINGLE_COLLISION
IN 11693 2767 -539 -372 198 0 0
IN 10900 4867 -18 295 16 1 0
IN 9869 4148 -15 305 78 0 1
IN 10939 2465 -361 177 143 0 1
MOV 9693 2767 200
MOV 12899 4797 6
MOV 10846 6985 30
MOV 9218 4922 SHIELD
OUT 11868 2750 165 -7 180 0 0
OUT 10882 5162 -15 250 358 0 0
OUT 9864 4481 -4 283 71 0 1
OUT 10487 2606 -386 119 125 3 1
Round 145 of 221
tags: ENGINE_COOLDOWN SHIELD
IN 11868 2750 165 -7 180 0 0
IN 10882 5162 -15 250 358 0 0
IN 9864 4481 -4 283 71 0 1
IN 10487 2606 -386 119 125 3 1
MOV 9945 2202 200
MOV 12788 4555 13
MOV 11409 7053 SHIELD
MOV 9125 5279 50
OUT 11841 2688 -23 -52 196 0 0
OUT 10879 5408 -2 209 342 0 0
OUT 9860 4764 -3 240 59 3 1
OUT 10101 2725 -328 101 117 2 1
Round 146 of 221
tags: ENGINE_COOLDOWN SHIELD
IN 11841 2688 -23 -52 196 0 0
IN 10879 5408 -2 209 342 0 0
IN 9860 4764 -3 240 59 3 1
IN 10101 2725 -328 101 117 2 1
MOV 9842 2758 200
MOV 12497 4232 SHIELD
MOV 12124 6732 100
MOV 8929 5487 200
OUT 11618 2643 -189 -38 178 0 0
OUT 10877 5617 -1 177 324 3 0
OUT 9857 5004 -2 204 41 2 1
OUT 9773 2826 -278 85 113 1 1
Round 147 of 221
tags: ENGINE_COOLDOWN SHIELD
IN 11618 2643 -189 -38 178 0 0
IN 10877 5617 -1 177 324 3 0
IN 9857 5004 -2 204 41 2 1
IN 9773 2826 -278 85 113 1 1
MOV 9739 3327 200
MOV 12072 4014 SHIELD
MOV 12619 6176 40
MOV 9512 5815 200
OUT 11241 2673 -320 25 160 0 0
OUT 10876 5794 0 150 307 3 0
OUT 9855 5208 -1 173 23 1 1
OUT 9495 2911 -236 72 95 0 1
Round 148 of 221
tags: ENGINE_COOLDOWN SHIELD
IN 11241 2673 -320 25 160 0 0
IN 10876 5794 0 150 307 3 0
IN 9855 5208 -1 173 23 1 1
IN 9495 2911 -236 72 95 0 1
MOV 9665 3904 200
MOV 11616 3936 SHIELD
MOV 12844 5469 60
MOV 10170 5834 110
OUT 10763 2821 -405 125 142 0 0
OUT 10876 5944 0 127 292 3 0
OUT 9854 5381 0 147 5 0 1
OUT 9284 3090 -179 152 77 0 1
Round 149 of 221
tags: ENGINE_COOLDOWN SHIELD
IN 10763 2821 -405 125 142 0 0
IN 10876 5944 0 127 292 3 0
IN 9854 5381 0 147 5 0 1
IN 9284 3090 -179 152 77 0 1
MOV 9645 4479 200
MOV 11854 4199 SHIELD
MOV 12777 4706 200
MOV 9908 6024 200
OUT 10246 3112 -439 247 124 0 0
OUT 10876 6071 0 107 299 3 0
OUT 10049 5483 165 86 347 0 1
OUT 9147 3438 -116 295 78 0 1
Round 150 of 221
tags: ENGINE_COOLDOWN ONLY_HIGH_IMPACT SHIELD SINGLE_COLLISION
IN 10246 3112 -439 247 124 0 0
IN 10876 6071 0 107 299 3 0
IN 10049 5483 165 86 347 0 1
IN 9147 3438 -116 295 78 0 1
MOV 9695 5035 200
MOV 12339 4707 SHIELD
MOV 12745 4168 130
MOV 10222 6239 200
OUT 9800 3527 -130 226 106 0 0
OUT 10876 6178 0 90 317 3 0
OUT 10331 5512 239 24 334 0 1
OUT 9054 3944 -326 556 69 0 1
Round 151 of 221
tags: ENGINE_COOLDOWN ONLY_HIGH_IMPACT SHIELD SINGLE_COLLISION
IN 9800 3527 -130 226 106 0 0
IN 10876 6178 0 90 317 3 0
IN 10331 5512 239 24 334 0 1
IN 9054 3944 -326 556 69 0 1
MOV 9288 5460 200
MOV 11846 4429 SHIELD
MOV 12489 3428 SHIELD
MOV 10942 6275 200
OUT 9619 3946 -154 356 105 0 0
OUT 10879 6275 16 110 299 3 0
OUT 10567 5529 186 -13 316 3 1
OUT 8854 4655 -170 604 51 0 1
Round 152 of 221
tags: ENGINE_COOLDOWN
IN 9619 3946 -154 356 105 0 0
IN 10879 6275 16 110 299 3 0
IN 10567 5529 186 -13 316 3 1
IN 8854 4655 -170 604 51 0 1
MOV 9724 5943 200
MOV 12342 4911 38
MOV 12455 3198 200
MOV 11370 6289 0
OUT 9476 4502 -121 472 87 0 0
OUT 10895 6385 13 93 317 2 0
OUT 10753 5516 158 -11 309 2 1
OUT 8684 5259 -144 513 33 0 1
Round 153 of 221
tags: ENGINE_COOLDOWN SHIELD
IN 9476 4502 -121 472 87 0 0
IN 10895 6385 13 93 317 2 0
IN 10753 5516 158 -11 309 2 1
IN 8684 5259 -144 513 33 0 1
MOV 8958 6434 200
MOV 12395 5062 200
MOV 12760 3287 SHIELD
MOV 11521 6236 200
OUT 9303 5167 -146 565 105 0 0
OUT 10908 6478 11 79 319 1 0
OUT 10911 5505 134 -9 312 3 1
OUT 8729 5837 38 491 19 0 1
Round 154 of 221
tags: ENGINE_COOLDOWN ONLY_HIGH_IMPACT SHIELD SINGLE_COLLISION
IN 9303 5167 -146 565 105 0 0
IN 10908 6478 11 79 319 1 0
IN 10911 5505 134 -9 312 3 1
IN 8729 5837 38 491 19 0 1
MOV 8214 6844 200
MOV 12739 5673 SHIELD
MOV 12131 2764 80
MOV 11729 5889 SHIELD
OUT 9385 5492 150 178 123 0 0
OUT 10919 6557 9 67 336 3 0
OUT 11045 5496 113 -7 294 2 1
OUT 8733 6369 -4 461 1 3 1
Round 155 of 221
tags: ENGINE_COOLDOWN SHIELD
IN 9385 5492 150 178 123 0 0
IN 10919 6557 9 67 336 3 0
IN 11045 5496 113 -7 294 2 1
IN 8733 6369 -4 461 1 3 1
MOV 8173 7083 200
MOV 12664 5580 200
MOV 12022 2659 200
MOV 11667 5745 SHIELD
OUT 9414 5829 24 286 127 0 0
OUT 10928 6624 7 56 331 2 0
OUT 11158 5489 96 -5 289 1 1
OUT 8729 6830 -3 391 348 3 1
Round 156 of 221
tags: ENGINE_COOLDOWN
IN 9414 5829 24 286 127 0 0
IN 10928 6624 7 56 331 2 0
IN 11158 5489 96 -5 289 1 1
IN 8729 6830 -3 391 348 3 1
MOV 8573 7643 200
MOV 12292 5161 200
MOV 11210 2489 200
MOV 11530 5755 120
OUT 9354 6296 -51 397 115 0 0
OUT 10935 6680 5 47 313 1 0
OUT 11254 5484 81 -4 271 0 1
OUT 8726 7221 -2 332 339 2 1
Round 157 of 221
tags: ENGINE_COOLDOWN SHIELD
IN 9354 6296 -51 397 115 0 0
IN 10935 6680 5 47 313 1 0
IN 11254 5484 81 -4 271 0 1
IN 8726 7221 -2 332 339 2 1
MOV 7990 7759 200
MOV 12542 5490 SHIELD
MOV 11411 2488 200
MOV 11057 5333 200
OUT 9167 6840 -159 462 133 0 0
OUT 10940 6727 4 39 323 3 0
OUT 11345 5280 77 -173 273 0 1
OUT 8724 7553 -1 282 321 1 1
Round 158 of 221
tags: ENGINE_COOLDOWN ONLY_HIGH_IMPACT SINGLE_COLLISION
IN 9167 6840 -159 462 133 0 0
IN 10940 6727 4 39 323 3 0
IN 11345 5280 77 -173 273 0 1
IN 8724 7553 -1 282 321 1 1
MOV 7418 7810 200
MOV 12238 5205 200
MOV 11450 2282 40
MOV 10358 5037 0
OUT 9023 7082 -105 177 151 0 0
OUT 10944 6766 3 33 310 2 0
OUT 11423 5067 66 -181 272 0 1
OUT 8533 8152 -179 537 303 0 1
Round 159 of 221
tags: ENGINE_COOLDOWN
IN 9023 7082 -105 177 151 0 0
IN 10944 6766 3 33 310 2 0
IN 11423 5067 66 -181 272 0 1
IN 8533 8152 -179 537 303 0 1
MOV 7063 7478 0
MOV 12501 5511 200
MOV 11266 2071 40
MOV 9895 5479 200
OUT 8918 7259 -89 150 169 0 0
OUT 10947 6799 2 28 321 1 0
OUT 11487 4846 54 -187 267 0 1
OUT 8445 8511 -74 304 297 0 1
Round 160 of 221
tags: ENGINE_COOLDOWN SHIELD
IN 8918 7259 -89 150 169 0 0
IN 10947 6799 2 28 321 1 0
IN 11487 4846 54 -187 267 0 1
IN 8445 8511 -74 304 297 0 1
MOV 6933 7015 167
MOV 12814 6082 SHIELD
MOV 10966 1892 110
MOV 8914 5548 200
OUT 8663 7390 -216 111 187 0 0
OUT 10949 6827 1 23 339 3 0
OUT 11522 4551 29 -251 260 0 1
OUT 8402 8617 -36 90 279 0 1
Round 161 of 221
tags: BOOST_DEPLETED ENGINE_COOLDOWN SHIELD
IN 8663 7390 -216 111 187 0 0
IN 10949 6827 1 23 339 3 0
IN 11522 4551 29 -251 260 0 1
IN 8402 8617 -36 90 279 0 1
MOV 6850 6545 200
MOV 12946 6722 SHIELD
MOV 10398 1769 200
MOV 8193 5624 BOOST
OUT 8265 7418 -338 23 205 0 0
OUT 10950 6850 0 19 357 3 0
OUT 11476 4115 -39 -370 248 0 1
OUT 8352 8507 -42 -93 266 0 1
Round 162 of 221
tags: BOOST_DEPLETED ENGINE_COOLDOWN
IN 8265 7418 -338 23 205 0 0
IN 10950 6850 0 19 357 3 0
IN 11476 4115 -39 -370 248 0 1
IN 8352 8507 -42 -93 266 0 1
MOV 6802 6054 200
MOV 12882 7368 0
MOV 10304 1353 50
MOV 7525 5623 BOOST
OUT 7780 7306 -412 -95 223 0 0
OUT 10950 6869 0 16 15 2 0
OUT 11417 3699 -49 -353 247 0 1
OUT 8255 8222 -82 -242 254 0 1
Round 163 of 221
tags: BOOST_DEPLETED ENGINE_COOLDOWN SHIELD
IN 7780 7306 -412 -95 223 0 0
IN 10950 6869 0 16 15 2 0
IN 11417 3699 -49 -353 247 0 1
IN 8255 8222 -82 -242 254 0 1
MOV 6810 5557 200
MOV 12627 7958 SHIELD
MOV 9449 1435 100
MOV 7131 5440 BOOST
OUT 7270 7037 -433 -228 241 0 0
OUT 10950 6885 0 13 33 3 0
OUT 11302 3271 -97 -364 229 0 1
OUT 8098 7795 -133 -363 248 0 1
Round 164 of 221
tags: ENGINE_COOLDOWN
IN 7270 7037 -433 -228 241 0 0
IN 10950 6885 0 13 33 3 0
IN 11302 3271 -97 -364 229 0 1
IN 8098 7795 -133 -363 248 0 1
MOV 6888 5074 200
MOV 12209 8439 0
MOV 9038 1303 110
MOV 7680 4824 200
OUT 6797 6613 -401 -360 259 0 0
OUT 10950 6898 0 11 51 2 0
OUT 11122 2835 -153 -370 221 0 1
OUT 7937 7234 -136 -476 262 0 1
Round 165 of 221
tags: BOOST_DEPLETED ENGINE_COOLDOWN SHIELD
IN 6797 6613 -401 -360 259 0 0
IN 10950 6898 0 11 51 2 0
IN 11122 2835 -153 -370 221 0 1
IN 7937 7234 -136 -476 262 0 1
MOV 7041 4628 200
MOV 11667 8765 SHIELD
MOV 8858 867 100
MOV 7365 4289 BOOST
OUT 6419 6054 -321 -474 277 0 0
OUT 10950 6909 0 9 69 3 0
OUT 10894 2399 -194 -370 221 0 1
OUT 7763 6562 -148 -571 259 0 1
Round 166 of 221
tags: ENGINE_COOLDOWN
IN 6419 6054 -321 -474 277 0 0
IN 10950 6909 0 9 69 3 0
IN 10894 2399 -194 -370 221 0 1
IN 7763 6562 -148 -571 259 0 1
MOV 7264 4241 200
MOV 11055 8906 0
MOV 8296 899 40
MOV 8129 3584 200
OUT 6181 5398 -202 -557 295 0 0
OUT 10950 6918 0 7 87 2 0
OUT 10665 2009 -194 -331 210 0 1
OUT 7639 5792 -105 -654 277 0 1
Round 167 of 221
tags: BOOST_DEPLETED ENGINE_COOLDOWN SHIELD
IN 6181 5398 -202 -557 295 0 0
IN 10950 6918 0 7 87 2 0
IN 10665 2009 -194 -331 210 0 1
IN 7639 5792 -105 -654 277 0 1
MOV 7545 3935 200
MOV 10432 8850 SHIELD
MOV 7969 694 BOOST
MOV 7067 2847 BOOST
OUT 6114 4694 -56 -598 313 0 0
OUT 10950 6925 0 5 105 3 0
OUT 10291 1590 -317 -355 206 0 1
OUT 7496 4942 -121 -722 259 0 1
Round 168 of 221
tags: ENGINE_COOLDOWN
IN 6114 4694 -56 -598 313 0 0
IN 10950 6925 0 5 105 3 0
IN 10291 1590 -317 -355 206 0 1
IN 7496 4942 -121 -722 259 0 1
MOV 7863 3724 104
MOV 11055 8922 40
MOV 7422 713 200
MOV 6042 2318 10
OUT 6149 4045 29 -551 331 0 0
OUT 10950 6930 0 4 87 2 0
OUT 9783 1177 -432 -351 197 0 1
OUT 7370 4211 -106 -621 241 0 1
Round 169 of 221
tags: ENGINE_COOLDOWN ONLY_HIGH_IMPACT SHIELD SINGLE_COLLISION
IN 6149 4045 29 -551 331 0 0
IN 10950 6930 0 4 87 2 0
IN 9783 1177 -432 -351 197 0 1
IN 7370 4211 -106 -621 241 0 1
MOV 8112 3663 200
MOV 11667 8797 SHIELD
MOV 6885 401 200
MOV 5402 1947 140
OUT 6373 3454 -172 -515 349 0 0
OUT 10950 6934 0 3 69 3 0
OUT 9158 774 -531 -342 195 0 1
OUT 7173 3484 195 -603 229 0 1
Round 170 of 221
tags: ENGINE_COOLDOWN
IN 6373 3454 -172 -515 349 0 0
IN 10950 6934 0 3 69 3 0
IN 9158 774 -531 -342 195 0 1
IN 7173 3484 195 -603 229 0 1
MOV 8358 3698 164
MOV 12085 8581 0
MOV 6162 931 110
MOV 4746 1721 200
OUT 6364 2958 -7 -421 7 0 0
OUT 10950 6937 0 2 55 2 0
OUT 8517 438 -544 -285 177 0 1
OUT 7206 2763 28 -612 216 0 1
Round 171 of 221
tags: BOOST_DEPLETED ENGINE_COOLDOWN
IN 6364 2958 -7 -421 7 0 0
IN 10950 6937 0 2 55 2 0
IN 8517 438 -544 -285 177 0 1
IN 7206 2763 28 -612 216 0 1
MOV 8177 3803 0
MOV 12343 8372 6
MOV 5716 1513 40
MOV 5443 336 BOOST
OUT 6357 2537 -5 -357 25 0 0
OUT 10950 6939 0 1 46 1 0
OUT 7936 167 -494 -230 159 0 1
OUT 7116 1989 -76 -657 234 0 1
Round 172 of 221
tags: ENGINE_COOLDOWN SHIELD
IN 6357 2537 -5 -357 25 0 0
IN 10950 6939 0 1 46 1 0
IN 7936 167 -494 -230 159 0 1
IN 7116 1989 -76 -657 234 0 1
MOV 7820 3901 53
MOV 12716 7878 SHIELD
MOV 5174 1339 200
MOV 4852 21 200
OUT 6391 2216 28 -272 43 0 0
OUT 10950 6940 0 0 28 3 0
OUT 7258 15 -576 -129 157 0 1
OUT 6889 1201 -192 -669 221 0 1
Round 173 of 221
tags: ENGINE_COOLDOWN ONLY_HIGH_IMPACT SHIELD SINGLE_COLLISION
IN 6391 2216 28 -272 43 0 0
IN 10950 6940 0 0 28 3 0
IN 7258 15 -576 -129 157 0 1
IN 6889 1201 -192 -669 221 0 1
MOV 7361 3965 200
MOV 12920 7287 SHIELD
MOV 4295 484 SHIELD
MOV 4127 29 90
OUT 6517 2118 107 -83 61 0 0
OUT 10950 6940 0 0 10 3 0
OUT 6689 -147 -470 -204 171 3 1
OUT 6546 832 -424 345 203 0 1
Round 174 of 221
tags: ENGINE_COOLDOWN
IN 6517 2118 107 -83 61 0 0
IN 10950 6940 0 0 10 3 0
IN 6689 -147 -470 -204 171 3 1
IN 6546 832 -424 345 203 0 1
MOV 6899 4081 200
MOV 12931 6662 0
MOV 3726 322 40
MOV 3557 571 100
OUT 6664 2231 124 96 79 0 0
OUT 10950 6940 0 0 352 2 0
OUT 6219 -351 -399 -173 171 2 1
OUT 6022 1168 -445 285 185 0 1
Round 175 of 221
tags: BOOST_DEPLETED ENGINE_COOLDOWN SHIELD
IN 6664 2231 124 96 79 0 0
IN 10950 6940 0 0 352 2 0
IN 6219 -351 -399 -173 171 2 1
IN 6022 1168 -445 285 185 0 1
MOV 6420 4216 200
MOV 12748 6063 SHIELD
MOV 3265 170 120
MOV 3099 1843 BOOST
OUT 6765 2526 85 250 97 0 0
OUT 10950 6940 0 0 334 3 0
OUT 5820 -524 -339 -147 170 1 1
OUT 5382 1498 -543 280 167 0 1
Round 176 of 221
tags: ENGINE_COOLDOWN SHIELD
IN 6765 2526 85 250 97 0 0
IN 10950 6940 0 0 334 3 0
IN 5820 -524 -339 -147 170 1 1
IN 5382 1498 -543 280 167 0 1
MOV 5920 4339 200
MOV 12389 5551 SHIELD
MOV 2824 -681 0
MOV 2810 3043 80
OUT 6767 2958 1 367 115 0 0
OUT 10950 6940 0 0 316 3 0
OUT 5481 -671 -288 -124 183 0 1
OUT 4770 1819 -519 273 149 0 1
Round 177 of 221
tags: ENGINE_COOLDOWN
IN 6767 2958 1 367 115 0 0
IN 10950 6940 0 0 316 3 0
IN 5481 -671 -288 -124 183 0 1
IN 4770 1819 -519 273 149 0 1
MOV 5403 4421 200
MOV 11889 5174 29
MOV 2680 -1746 110
MOV 2802 4083 0
OUT 6633 3472 -114 437 133 0 0
OUT 10950 6940 0 0 298 2 0
OUT 5090 -834 -332 -138 201 0 1
OUT 4251 2092 -441 232 131 0 1
Round 178 of 221
tags: ENGINE_COOLDOWN
IN 6633 3472 -114 437 133 0 0
IN 10950 6940 0 0 298 2 0
IN 5090 -834 -332 -138 201 0 1
IN 4251 2092 -441 232 131 0 1
MOV 5299 4962 122
MOV 11297 4970 200
MOV 2546 -2424 10
MOV 3079 4854 90
OUT 6438 4000 -166 448 132 0 0
OUT 10950 6940 0 0 280 1 0
OUT 4750 -977 -289 -121 212 0 1
OUT 3775 2407 -404 267 113 0 1
Round 179 of 221
tags: ENGINE_COOLDOWN
IN 6438 4000 -166 448 132 0 0
IN 10950 6940 0 0 280 1 0
IN 4750 -977 -289 -121 212 0 1
IN 3775 2407 -404 267 113 0 1
MOV 4706 5000 188
MOV 10701 4956 200
MOV 1839 -1703 10
MOV 3514 5396 200
OUT 6109 4542 -279 461 150 0 0
OUT 10950 6940 0 0 263 0 0
OUT 4451 -1100 -253 -104 194 0 1
OUT 3354 2873 -358 396 95 0 1
Round 180 of 221
tags: MOVE_ONLY
IN 6109 4542 -279 461 150 0 0
IN 10950 6940 0 0 263 0 0
IN 4451 -1100 -253 -104 194 0 1
IN 3354 2873 -358 396 95 0 1
MOV 4153 4958 200
MOV 10113 5123 200
MOV 1517 -1724 130
MOV 4029 5796 20
OUT 5634 5045 -403 427 168 0 0
OUT 10866 6758 -71 -154 245 0 0
OUT 4071 -1231 -323 -111 192 0 1
OUT 3000 3288 -300 353 77 0 1
Round 181 of 221
tags: MOVE_ONLY
IN 5634 5045 -403 427 168 0 0
IN 10866 6758 -71 -154 245 0 0
IN 4071 -1231 -323 -111 192 0 1
IN 3000 3288 -300 353 77 0 1
MOV 3645 4836 0
MOV 9515 5283 136
MOV 1087 -917 200
MOV 4545 5860 200
OUT 5231 5472 -342 362 186 0 0
OUT 10703 6504 -138 -216 228 0 0
OUT 3549 -1321 -443 -76 174 0 1
OUT 2803 3812 -167 445 59 0 1
Round 182 of 221
tags: MOVE_ONLY
IN 5231 5472 -342 362 186 0 0
IN 10703 6504 -138 -216 228 0 0
IN 3549 -1321 -443 -76 174 0 1
IN 2803 3812 -167 445 59 0 1
MOV 3404 4659 200
MOV 9101 5307 200
MOV 626 -646 70
MOV 5067 5780 70
OUT 4706 5753 -446 238 204 0 0
OUT 10405 6168 -253 -285 217 0 0
OUT 3038 -1381 -434 -51 167 0 1
OUT 2689 4303 -97 417 41 0 1
Round 183 of 221
tags: BOOST_DEPLETED
IN 4706 5753 -446 238 204 0 0
IN 10405 6168 -253 -285 217 0 0
IN 3038 -1381 -434 -51 167 0 1
IN 2689 4303 -97 417 41 0 1
MOV 3220 4415 200
MOV 8942 4804 200
MOV 466 164 10
MOV 5451 5475 BOOST
OUT 4111 5858 -505 88 222 0 0
OUT 10006 5747 -339 -358 223 0 0
OUT 2595 -1427 -376 -38 149 0 1
OUT 2776 4798 74 420 23 0 1
Round 184 of 221
tags: ONLY_HIGH_IMPACT SINGLE_COLLISION
IN 4111 5858 -505 88 222 0 0
IN 10006 5747 -339 -358 223 0 0
IN 2595 -1427 -376 -38 149 0 1
IN 2776 4798 74 420 23 0 1
MOV 3111 4126 200
MOV 8193 4902 200
MOV 627 837 200
MOV 5040 6766 70
OUT 3514 5780 79 429 240 0 0
OUT 9486 5304 -442 -376 205 0 0
OUT 2088 -1314 -431 95 131 0 1
OUT 2894 5257 -486 -105 41 0 1
Round 185 of 221
tags: SHIELD
IN 3514 5780 79 429 240 0 0
IN 9486 5304 -442 -376 205 0 0
IN 2088 -1314 -431 95 131 0 1
IN 2894 5257 -486 -105 41 0 1
MOV 3098 3824 200
MOV 7501 5060 200
MOV 916 1448 SHIELD
MOV 5492 6757 200
OUT 3551 6013 31 198 258 0 0
OUT 8845 4904 -544 -340 187 0 0
OUT 1657 -1219 -366 80 113 3 1
OUT 2581 5252 -265 -4 30 0 1
Round 186 of 221
tags: ENGINE_COOLDOWN
IN 3551 6013 31 198 258 0 0
IN 8845 4904 -544 -340 187 0 0
IN 1657 -1219 -366 80 113 3 1
IN 2581 5252 -265 -4 30 0 1
MOV 2551 4281 200
MOV 6882 5286 200
MOV 1136 1735 120
MOV 5322 6472 200
OUT 3482 6038 -58 21 240 0 0
OUT 8105 4602 -629 -256 169 0 0
OUT 1291 -1139 -311 68 100 2 1
OUT 2499 5329 -69 65 24 0 1
Round 187 of 221
tags: ENGINE_COOLDOWN
IN 3482 6038 -58 21 240 0 0
IN 8105 4602 -629 -256 169 0 0
IN 1291 -1139 -311 68 100 2 1
IN 2499 5329 -69 65 24 0 1
MOV 2413 4348 200
MOV 6277 5414 200
MOV 822 1824 0
MOV 5453 5850 0
OUT 3317 5890 -140 -125 238 0 0
OUT 7293 4427 -690 -148 156 0 0
OUT 980 -1071 -264 57 99 1 1
OUT 2430 5394 -58 55 10 0 1
Round 188 of 221
tags: ENGINE_COOLDOWN HAS_LOW_IMPACT SINGLE_COLLISION
IN 3317 5890 -140 -125 238 0 0
IN 7293 4427 -690 -148 156 0 0
IN 980 -1071 -264 57 99 1 1
IN 2430 5394 -58 55 10 0 1
MOV 2833 3949 194
MOV 5304 4636 200
MOV 1449 1892 200
MOV 5401 4976 0
OUT 3164 5585 27 -221 256 0 0
OUT 6404 4300 -755 -108 174 0 0
OUT 716 -1014 -224 48 81 0 1
OUT 2337 5441 -236 1 352 0 1
Round 189 of 221
tags: BOOST_DEPLETED
IN 3164 5585 27 -221 256 0 0
IN 6404 4300 -755 -108 174 0 0
IN 716 -1014 -224 48 81 0 1
IN 2337 5441 -236 1 352 0 1
MOV 2823 3614 93
MOV 4577 5113 59
MOV 2078 1659 200
MOV 5330 5232 BOOST
OUT 3175 5272 9 -265 260 0 0
OUT 5595 4216 -687 -71 156 0 0
OUT 583 -788 -113 192 63 0 1
OUT 2301 5428 -31 -10 356 0 1
Round 190 of 221
tags: SHIELD
IN 3175 5272 9 -265 260 0 0
IN 5595 4216 -687 -71 156 0 0
IN 583 -788 -113 192 63 0 1
IN 2301 5428 -31 -10 356 0 1
MOV 3453 3291 SHIELD
MOV 3803 5105 200
MOV 2430 1576 20
MOV 5301 5376 200
OUT 3184 5007 7 -225 278 3 0
OUT 4729 4234 -736 15 154 0 0
OUT 482 -580 -85 176 52 0 1
OUT 2470 5415 143 -11 359 0 1
Round 191 of 221
tags: BOOST_DEPLETED ENGINE_COOLDOWN HAS_LOW_IMPACT MULTI_COLLISION
IN 3184 5007 7 -225 278 3 0
IN 4729 4234 -736 15 154 0 0
IN 482 -580 -85 176 52 0 1
IN 2470 5415 143 -11 359 0 1
MOV 4061 3209 1
MOV 3290 5623 200
MOV 2969 1098 BOOST
MOV 5339 6292 200
OUT 3155 4785 -715 189 296 2 0
OUT 4007 4301 97 -335 136 0 0
OUT 563 -292 68 244 34 0 1
OUT 2683 5546 159 125 17 0 1
Round 192 of 221
tags: ENGINE_COOLDOWN ONLY_HIGH_IMPACT SINGLE_COLLISION
IN 3155 4785 -715 189 296 2 0
IN 4007 4301 97 -335 136 0 0
IN 563 -292 68 244 34 0 1
IN 2683 5546 159 125 17 0 1
MOV 4544 3346 1
MOV 3020 6041 190
MOV 2861 1636 30
MOV 5581 6322 200
OUT 2529 4709 -512 -122 314 1 0
OUT 4010 4131 2 -144 120 0 0
OUT 654 -29 77 223 40 0 1
OUT 2946 5988 204 433 15 0 1
Round 193 of 221
tags: ENGINE_COOLDOWN SHIELD
IN 2529 4709 -512 -122 314 1 0
IN 4010 4131 2 -144 120 0 0
IN 654 -29 77 223 40 0 1
IN 2946 5988 204 433 15 0 1
MOV 3976 3329 200
MOV 3594 6087 190
MOV 3303 1379 SHIELD
MOV 5939 6197 SHIELD
OUT 2017 4587 -435 -103 316 0 0
OUT 3972 4173 -31 35 102 0 0
OUT 731 194 65 189 28 3 1
OUT 3150 6421 173 368 4 3 1
Round 194 of 221
tags: ENGINE_COOLDOWN
IN 2017 4587 -435 -103 316 0 0
IN 3972 4173 -31 35 102 0 0
IN 731 194 65 189 28 3 1
IN 3150 6421 173 368 4 3 1
MOV 3815 3710 200
MOV 3815 6167 200
MOV 3188 1915 200
MOV 6061 5695 20
OUT 1762 4396 -216 -162 334 0 0
OUT 3925 4407 -39 199 95 0 0
OUT 796 383 55 160 35 2 1
OUT 3323 6789 147 312 346 2 1
Round 195 of 221
tags: ENGINE_COOLDOWN
IN 1762 4396 -216 -162 334 0 0
IN 3925 4407 -39 199 95 0 0
IN 796 383 55 160 35 2 1
IN 3323 6789 147 312 346 2 1
MOV 3608 3625 200
MOV 4375 6356 200
MOV 2764 2647 70
MOV 5867 5199 20
OUT 1731 4157 -26 -203 337 0 0
OUT 3931 4801 5 334 77 0 0
OUT 851 543 46 136 49 1 1
OUT 3470 7101 124 265 328 1 1
Round 196 of 221
tags: ENGINE_COOLDOWN
IN 1731 4157 -26 -203 337 0 0
IN 3931 4801 5 334 77 0 0
IN 851 543 46 136 49 1 1
IN 3470 7101 124 265 328 1 1
MOV 3723 3983 200
MOV 4823 6591 200
MOV 3423 2088 120
MOV 5398 4803 50
OUT 1904 3937 147 -187 355 0 0
OUT 4025 5314 80 436 64 0 0
OUT 897 679 39 115 31 0 1
OUT 3594 7366 105 225 310 0 1
Round 197 of 221
tags: MOVE_ONLY
IN 1904 3937 147 -187 355 0 0
IN 4025 5314 80 436 64 0 0
IN 897 679 39 115 31 0 1
IN 3594 7366 105 225 310 0 1
MOV 3884 4216 200
MOV 4373 7284 200
MOV 3716 1705 110
MOV 4718 4584 120
OUT 2249 3778 293 -135 8 0 0
OUT 4140 5947 97 538 80 0 0
OUT 1039 832 121 129 20 0 1
OUT 3744 7480 127 96 292 0 1
Round 198 of 221
tags: ONLY_HIGH_IMPACT SINGLE_COLLISION
IN 2249 3778 293 -135 8 0 0
IN 4140 5947 97 538 80 0 0
IN 1039 832 121 129 20 0 1
IN 3744 7480 127 96 292 0 1
MOV 4246 3893 200
MOV 3862 7928 200
MOV 3993 1353 200
MOV 3953 4487 200
OUT 2742 3654 418 -104 3 0 0
OUT 4223 6651 335 8 98 0 0
OUT 1357 996 270 139 10 0 1
OUT 3871 7408 -156 528 274 0 1
Round 199 of 221
tags: SHIELD
IN 2742 3654 418 -104 3 0 0
IN 4223 6651 335 8 98 0 0
IN 1357 996 270 139 10 0 1
IN 3871 7408 -156 528 274 0 1
MOV 4609 4371 200
MOV 3529 8527 SHIELD
MOV 4291 1620 200
MOV 4080 4415 200
OUT 3347 3622 513 -27 21 0 0
OUT 4558 6659 284 6 110 3 0
OUT 1823 1177 395 153 12 0 1
OUT 3729 7736 -120 279 274 0 1
Round 200 of 221
tags: ENGINE_COOLDOWN
IN 3347 3622 513 -27 21 0 0
IN 4558 6659 284 6 110 3 0
IN 1823 1177 395 153 12 0 1
IN 3729 7736 -120 279 274 0 1
MOV 5243 4257 200
MOV 3327 8235 183
MOV 4421 2677 60
MOV 3003 4825 200
OUT 4050 3659 597 31 19 0 0
OUT 4842 6665 241 5 128 2 0
OUT 2270 1360 379 155 30 0 1
OUT 3561 7821 -143 72 256 0 1
Round 201 of 221
tags: ENGINE_COOLDOWN
IN 4050 3659 597 31 19 0 0
IN 4842 6665 241 5 128 2 0
IN 2270 1360 379 155 30 0 1
IN 3561 7821 -143 72 256 0 1
MOV 6000 4105 200
MOV 3184 7783 200
MOV 4868 2860 90
MOV 3770 4828 200
OUT 4842 3735 673 64 13 0 0
OUT 5083 6670 204 4 146 1 0
OUT 2727 1560 388 170 30 0 1
OUT 3432 7693 -109 -108 274 0 1
Round 202 of 221
tags: ENGINE_COOLDOWN SHIELD
IN 4842 3735 673 64 13 0 0
IN 5083 6670 204 4 146 1 0
IN 2727 1560 388 170 30 0 1
IN 3432 7693 -109 -108 274 0 1
MOV 6766 4282 200
MOV 3249 7468 200
MOV 5661 2184 SHIELD
MOV 3798 4715 200
OUT 5707 3854 735 100 16 0 0
OUT 5287 6674 173 3 156 0 0
OUT 3115 1730 329 144 12 3 1
OUT 3347 7386 -71 -260 277 0 1
Round 203 of 221
tags: BOOST_DEPLETED ENGINE_COOLDOWN SHIELD
IN 5707 3854 735 100 16 0 0
IN 5287 6674 173 3 156 0 0
IN 3115 1730 329 144 12 3 1
IN 3347 7386 -71 -260 277 0 1
MOV 7706 3907 200
MOV 3298 6883 158
MOV 6113 1625 SHIELD
MOV 4615 4667 BOOST
OUT 6642 3959 794 89 2 0 0
OUT 5303 6694 13 16 174 0 0
OUT 3444 1874 279 122 358 3 1
OUT 3361 6945 11 -375 295 0 1
Round 204 of 221
tags: ENGINE_COOLDOWN SHIELD
IN 6642 3959 794 89 2 0 0
IN 5303 6694 13 16 174 0 0
IN 3444 1874 279 122 358 3 1
IN 3361 6945 11 -375 295 0 1
MOV 8521 4643 200
MOV 3332 6355 SHIELD
MOV 6378 2498 200
MOV 5208 4581 200
OUT 7625 4115 835 132 20 0 0
OUT 5316 6710 11 13 190 3 0
OUT 3723 1996 237 103 12 2 1
OUT 3495 6412 114 -452 308 0 1
Round 205 of 221
tags: BOOST_DEPLETED ENGINE_COOLDOWN SHIELD
IN 7625 4115 835 132 20 0 0
IN 5316 6710 11 13 190 3 0
IN 3723 1996 237 103 12 2 1
IN 3495 6412 114 -452 308 0 1
MOV 9624 4185 200
MOV 3335 6988 SHIELD
MOV 6686 2465 70
MOV 5982 4734 BOOST
OUT 8660 4254 879 118 2 0 0
OUT 5327 6723 9 11 172 3 0
OUT 3960 2099 201 87 9 1 1
OUT 3775 5848 237 -479 326 0 1
Round 206 of 221
tags: BOOST_DEPLETED ENGINE_COOLDOWN SHIELD
IN 8660 4254 879 118 2 0 0
IN 5327 6723 9 11 172 3 0
IN 3960 2099 201 87 9 1 1
IN 3775 5848 237 -479 326 0 1
MOV 10658 4341 200
MOV 3330 6834 SHIELD
MOV 6923 1630 40
MOV 6659 5021 BOOST
OUT 9739 4381 916 107 2 0 0
OUT 5336 6734 7 9 177 3 0
OUT 4161 2186 170 73 351 0 1
OUT 4204 5314 364 -454 344 0 1
Round 207 of 221
tags: BOOST_DEPLETED ENGINE_COOLDOWN
IN 9739 4381 916 107 2 0 0
IN 5336 6734 7 9 177 3 0
IN 4161 2186 170 73 351 0 1
IN 4204 5314 364 -454 344 0 1
MOV 11662 3830 3
MOV 3404 6216 0
MOV 7124 2655 50
MOV 7202 5419 BOOST
OUT 10658 4487 781 90 344 0 0
OUT 5343 6743 5 7 195 2 0
OUT 4380 2267 186 68 9 0 1
OUT 4768 4867 479 -379 2 0 1
Round 208 of 221
tags: BOOST_DEPLETED ENGINE_COOLDOWN SHIELD
IN 10658 4487 781 90 344 0 0
IN 5343 6743 5 7 195 2 0
IN 4380 2267 186 68 9 0 1
IN 4768 4867 479 -379 2 0 1
MOV 12316 3369 SHIELD
MOV 3666 5654 SHIELD
MOV 7053 3629 90
MOV 7757 5128 BOOST
OUT 11439 4577 663 76 326 3 0
OUT 5348 6750 4 5 213 3 0
OUT 4646 2376 226 92 27 0 1
OUT 5446 4505 576 -307 5 0 1
Round 209 of 221
tags: ENGINE_COOLDOWN SHIELD
IN 11439 4577 663 76 326 3 0
IN 5348 6750 4 5 213 3 0
IN 4646 2376 226 92 27 0 1
IN 5446 4505 576 -307 5 0 1
MOV 12670 3001 SHIELD
MOV 3416 6232 SHIELD
MOV 7609 2845 200
MOV 8330 5332 200
OUT 12102 4653 563 64 308 3 0
OUT 5352 6755 3 4 195 3 0
OUT 5070 2499 360 104 9 0 1
OUT 6214 4253 653 -214 16 0 1
Round 210 of 221
tags: ENGINE_COOLDOWN SHIELD
IN 12102 4653 563 64 308 3 0
IN 5352 6755 3 4 195 3 0
IN 5070 2499 360 104 9 0 1
IN 6214 4253 653 -214 16 0 1
MOV 12786 2774 SHIELD
MOV 3675 5666 0
MOV 7968 3275 200
MOV 9067 5180 200
OUT 12665 4717 478 54 290 3 0
OUT 5355 6759 2 3 213 2 0
OUT 5623 2655 470 132 15 0 1
OUT 7057 4101 716 -129 18 0 1
Round 211 of 221
tags: ENGINE_COOLDOWN
IN 12665 4717 478 54 290 3 0
IN 5355 6759 2 3 213 2 0
IN 5623 2655 470 132 15 0 1
IN 7057 4101 716 -129 18 0 1
MOV 12735 2718 0
MOV 4096 5205 0
MOV 8619 2812 140
MOV 9941 4928 200
OUT 13143 4771 406 45 272 2 0
OUT 5357 6762 1 2 231 1 0
OUT 6233 2794 518 118 3 0 1
OUT 7965 4027 772 -62 16 0 1
Round 212 of 221
tags: BOOST_DEPLETED ENGINE_COOLDOWN SHIELD
IN 13143 4771 406 45 272 2 0
IN 5357 6762 1 2 231 1 0
IN 6233 2794 518 118 3 0 1
IN 7965 4027 772 -62 16 0 1
MOV 12592 2848 173
MOV 3680 5673 SHIELD
MOV 9196 3263 20
MOV 10863 4803 BOOST
OUT 13549 4816 345 38 254 1 0
OUT 5358 6764 0 1 213 3 0
OUT 6771 2915 457 102 9 0 1
OUT 8930 4017 820 -8 15 0 1
Round 213 of 221
tags: ENGINE_COOLDOWN SHIELD
IN 13549 4816 345 38 254 1 0
IN 5358 6764 0 1 213 3 0
IN 6771 2915 457 102 9 0 1
IN 8930 4017 820 -8 15 0 1
MOV 12431 3158 200
MOV 4099 5210 SHIELD
MOV 9734 2446 200
MOV 11712 5141 200
OUT 13894 4854 293 32 236 0 0
OUT 5358 6765 0 0 231 3 0
OUT 7426 2986 556 60 351 0 1
OUT 9935 4084 854 56 22 0 1
Round 214 of 221
tags: ENGINE_COOLDOWN SHIELD
IN 13894 4854 293 32 236 0 0
IN 5358 6765 0 0 231 3 0
IN 7426 2986 556 60 351 0 1
IN 9935 4084 854 56 22 0 1
MOV 12378 3549 200
MOV 4641 4898 84
MOV 10360 2362 SHIELD
MOV 12608 5446 140
OUT 14035 4756 120 -83 221 0 0
OUT 5358 6765 0 0 249 2 0
OUT 7982 3046 472 51 348 3 1
OUT 10914 4204 831 101 27 0 1
Round 215 of 221
tags: ENGINE_COOLDOWN
IN 14035 4756 120 -83 221 0 0
IN 5358 6765 0 0 249 2 0
IN 7982 3046 472 51 348 3 1
IN 10914 4204 831 101 27 0 1
MOV 13005 3042 200
MOV 4099 5211 200
MOV 10851 2169 90
MOV 13655 5424 200
OUT 14051 4502 13 -215 239 0 0
OUT 5358 6765 0 0 231 1 0
OUT 8454 3097 401 43 343 2 1
OUT 11928 4386 861 154 24 0 1
Round 216 of 221
tags: ENGINE_COOLDOWN
IN 14051 4502 13 -215 239 0 0
IN 5358 6765 0 0 231 1 0
IN 8454 3097 401 43 343 2 1
IN 11928 4386 861 154 24 0 1
MOV 13022 2787 200
MOV 3681 5676 200
MOV 11388 2473 200
MOV 14839 5112 200
OUT 13961 4116 -76 -328 239 0 0
OUT 5358 6765 0 0 213 0 0
OUT 8855 3140 340 36 348 1 1
OUT 12983 4588 896 172 14 0 1
Round 217 of 221
tags: ENGINE_COOLDOWN SHIELD
IN 13961 4116 -76 -328 239 0 0
IN 5358 6765 0 0 213 0 0
IN 8855 3140 340 36 348 1 1
IN 12983 4588 896 172 14 0 1
MOV 12452 2804 200
MOV 3876 5422 200
MOV 11724 2263 140
MOV 15976 4379 SHIELD
OUT 13734 3657 -192 -390 221 0 0
OUT 5210 6631 -125 -114 222 0 0
OUT 9195 3176 289 30 343 0 1
OUT 13879 4760 761 146 356 3 1
Round 218 of 221
tags: ENGINE_COOLDOWN SHIELD
IN 13734 3657 -192 -390 221 0 0
IN 5210 6631 -125 -114 222 0 0
IN 9195 3176 289 30 343 0 1
IN 13879 4760 761 146 356 3 1
MOV 11893 2876 76
MOV 3447 5687 200
MOV 12195 3228 0
MOV 16661 3636 SHIELD
OUT 13472 3237 -222 -356 203 0 0
OUT 4909 6423 -256 -177 208 0 0
OUT 9484 3206 245 25 1 0 1
OUT 14640 4906 646 124 338 3 1
Round 219 of 221
tags: BOOST_DEPLETED ENGINE_COOLDOWN
IN 13472 3237 -222 -356 203 0 0
IN 4909 6423 -256 -177 208 0 0
IN 9484 3206 245 25 1 0 1
IN 14640 4906 646 124 338 3 1
MOV 11481 3045 200
MOV 3223 5347 200
MOV 12321 4183 BOOST
MOV 16938 2978 110
OUT 13051 2862 -357 -318 186 0 0
OUT 4484 6138 -360 -241 213 0 0
OUT 9918 3296 368 76 19 0 1
OUT 15286 5030 549 105 320 2 1
Round 220 of 221
tags: ENGINE_COOLDOWN
IN 13051 2862 -357 -318 186 0 0
IN 4484 6138 -360 -241 213 0 0
IN 9918 3296 368 76 19 0 1
IN 15286 5030 549 105 320 2 1
MOV 11088 2477 200
MOV 2842 4996 200
MOV 12918 3348 20
MOV 16876 2486 200
OUT 12498 2506 -470 -303 191 0 0
OUT 3960 5783 -445 -301 215 0 0
OUT 10306 3372 329 64 1 0 1
OUT 15835 5135 466 89 302 1 1
Round 221 of 221
tags: BOOST_DEPLETED ENGINE_COOLDOWN
IN 12498 2506 -470 -303 191 0 0
IN 3960 5783 -445 -301 215 0 0
IN 10306 3372 329 64 1 0 1
IN 15835 5135 466 89 302 1 1
MOV 10505 2674 200
MOV 2413 4515 200
MOV 13302 3215 BOOST
MOV 16561 2224 140
OUT 11829 2220 -568 -243 175 0 0
OUT 3360 5355 -509 -363 219 0 0
OUT 10835 3426 449 45 357 0 1
OUT 16301 5224 396 75 284 0 1
