Replay between sethorizer and SwagColoredKitteh
where SwagColoredKitteh wins!
Round 1 of 121
tags: BOOST
IN 11654 3181 0 0 138 0 0
IN 10922 2499 0 0 142 0 0
IN 12385 3863 0 0 148 0 0
IN 10191 1817 0 0 110 0 0
MOV 10157 4507 200
MOV 9336 3717 200
MOV 7296 7041 BOOST
MOV 8185 7472 92
OUT 11504 3314 -127 112 138 0 0
OUT 10763 2621 -134 103 142 0 0
OUT 11834 4207 -468 292 148 0 1
OUT 10160 1904 -26 73 110 0 0
Round 2 of 121
tags: BOOST MULTI_COLLISION ONLY_HIGH_IMPACT
IN 11504 3314 -127 112 138 0 0
IN 10763 2621 -134 103 142 0 0
IN 11834 4207 -468 292 148 0 1
IN 10160 1904 -26 73 110 0 0
MOV 9677 4127 200
MOV 9645 4279 200
MOV 6121 6042 83
MOV 8200 7574 BOOST
OUT 11224 3534 -24 383 156 0 0
OUT 10605 2967 -267 168 124 0 0
OUT 11287 4524 -464 269 162 0 1
OUT 9803 2487 -383 423 109 0 1
Round 3 of 121
tags: MOVE_ONLY
IN 11224 3534 -24 383 156 0 0
IN 10605 2967 -267 168 124 0 0
IN 11287 4524 -464 269 162 0 1
IN 9803 2487 -383 423 109 0 1
MOV 9400 4355 200
MOV 9393 4558 200
MOV 5580 6378 110
MOV 7849 8160 157
OUT 11018 3999 -175 395 156 0 0
OUT 10217 3294 -329 278 127 0 0
OUT 10718 4827 -483 257 162 0 1
OUT 9369 3058 -369 485 109 0 1
Round 4 of 121
tags: HAS_LOW_IMPACT SINGLE_COLLISION
IN 11018 3999 -175 395 156 0 0
IN 10217 3294 -329 278 127 0 0
IN 10718 4827 -483 257 162 0 1
IN 9369 3058 -369 485 109 0 1
MOV 9321 5058 200
MOV 8579 4441 200
MOV 5011 6681 200
MOV 7415 8731 0
OUT 10673 4500 -292 425 148 0 0
OUT 9806 3706 -261 371 145 0 0
OUT 10045 5146 -572 270 162 0 1
OUT 8919 3524 -471 374 109 0 1
Round 5 of 121
tags: MOVE_ONLY
IN 10673 4500 -292 425 148 0 0
IN 9806 3706 -261 371 145 0 0
IN 10045 5146 -572 270 162 0 1
IN 8919 3524 -471 374 109 0 1
MOV 8732 4984 200
MOV 8072 4703 200
MOV 4045 5146 200
MOV 6965 9197 153
OUT 10187 4973 -413 402 166 0 0
OUT 9372 4177 -369 400 150 0 0
OUT 9273 5416 -656 229 180 0 1
OUT 8398 4043 -442 440 109 0 1
Round 6 of 121
tags: MOVE_ONLY
IN 10187 4973 -413 402 166 0 0
IN 9372 4177 -369 400 150 0 0
IN 9273 5416 -656 229 180 0 1
IN 8398 4043 -442 440 109 0 1
MOV 8192 4833 200
MOV 7821 5440 192
MOV 3566 3562 0
MOV 7841 10017 40
OUT 9574 5361 -520 329 184 0 0
OUT 8854 4698 -440 443 141 0 0
OUT 8617 5645 -557 194 198 0 1
OUT 7952 4523 -378 407 95 0 1
Round 7 of 121
tags: HAS_LOW_IMPACT MULTI_COLLISION
IN 9574 5361 -520 329 184 0 0
IN 8854 4698 -440 443 141 0 0
IN 8617 5645 -557 194 198 0 1
IN 7952 4523 -378 407 95 0 1
MOV 7574 5368 200
MOV 7555 6219 200
MOV 2910 3790 130
MOV 8975 10435 115
OUT 8910 5747 -434 456 180 0 0
OUT 8355 5058 -395 62 130 0 0
OUT 7863 5988 -692 425 198 0 1
OUT 7539 5033 -457 414 80 0 1
Round 8 of 121
tags: HAS_LOW_IMPACT SINGLE_COLLISION
IN 8910 5747 -434 456 180 0 0
IN 8355 5058 -395 62 130 0 0
IN 7863 5988 -692 425 198 0 1
IN 7539 5033 -457 414 80 0 1
MOV 7008 5129 38
MOV 6738 6235 200
MOV 3008 2461 0
MOV 9631 10656 43
OUT 8440 6191 -399 377 198 0 0
OUT 7949 5235 -324 150 144 0 0
OUT 7171 6413 -588 361 216 0 1
OUT 6947 5490 -524 388 70 0 1
Round 9 of 121
tags: ONLY_HIGH_IMPACT SINGLE_COLLISION
IN 8440 6191 -399 377 198 0 0
IN 7949 5235 -324 150 144 0 0
IN 7171 6413 -588 361 216 0 1
IN 6947 5490 -524 388 70 0 1
MOV 6822 5015 0
MOV 6335 6417 200
MOV 3644 1559 200
MOV 10640 10218 200
OUT 8041 6568 -339 320 216 0 0
OUT 7464 5503 -412 227 144 0 0
OUT 6498 6850 -555 493 234 0 1
OUT 6513 5798 -385 139 52 0 1
Round 10 of 121
tags: HAS_LOW_IMPACT SINGLE_COLLISION
IN 8041 6568 -339 320 216 0 0
IN 7464 5503 -412 227 144 0 0
IN 6498 6850 -555 493 234 0 1
IN 6513 5798 -385 139 52 0 1
MOV 6865 4950 200
MOV 5761 6552 200
MOV 4643 1143 200
MOV 11487 9153 4
OUT 7584 6727 -388 134 234 0 0
OUT 6925 5827 -297 247 148 0 0
OUT 5881 7153 -524 257 252 0 1
OUT 6088 5947 -521 155 34 0 1
Round 11 of 121
tags: HAS_LOW_IMPACT SINGLE_COLLISION
IN 7584 6727 -388 134 234 0 0
IN 6925 5827 -297 247 148 0 0
IN 5881 7153 -524 257 252 0 1
IN 6088 5947 -521 155 34 0 1
MOV 6847 4868 200
MOV 4984 6311 200
MOV 5880 1153 200
MOV 11844 7638 85
OUT 7122 6675 -392 -44 248 0 0
OUT 6474 6121 -291 245 166 0 0
OUT 5357 7210 -445 48 270 0 1
OUT 5609 6128 -499 157 16 0 1
Round 12 of 121
tags: MULTI_COLLISION ONLY_HIGH_IMPACT
IN 7122 6675 -392 -44 248 0 0
IN 6474 6121 -291 245 166 0 0
IN 5357 7210 -445 48 270 0 1
IN 5609 6128 -499 157 16 0 1
MOV 6292 4856 200
MOV 4744 7125 200
MOV 5295 1210 200
MOV 11608 6212 194
OUT 6886 6623 -166 -19 245 0 0
OUT 6104 6300 -259 128 150 0 0
OUT 4908 7078 -407 149 269 0 1
OUT 4973 6260 -604 -151 1 0 1
Round 13 of 121
tags: MOVE_ONLY
IN 6886 6623 -166 -19 245 0 0
IN 6104 6300 -259 128 150 0 0
IN 4908 7078 -407 149 269 0 1
IN 4973 6260 -604 -151 1 0 1
MOV 6642 4638 200
MOV 4148 6716 200
MOV 5543 1111 200
MOV 10925 5509 200
OUT 6696 6405 -161 -184 263 0 0
OUT 5649 6470 -386 144 168 0 0
OUT 4522 7028 -327 -42 276 0 1
OUT 4567 6084 -344 -149 353 0 1
Round 14 of 121
tags: MOVE_ONLY
IN 6696 6405 -161 -184 263 0 0
IN 5649 6470 -386 144 168 0 0
IN 4522 7028 -327 -42 276 0 1
IN 4567 6084 -344 -149 353 0 1
MOV 7078 4442 200
MOV 3660 6261 200
MOV 6962 1546 0
MOV 10052 3654 200
OUT 6573 6025 -104 -323 281 0 0
OUT 5064 6594 -497 105 186 0 0
OUT 4195 6986 -277 -35 294 0 1
OUT 4406 5854 -136 -195 336 0 1
Round 15 of 121
tags: ONLY_HIGH_IMPACT SINGLE_COLLISION
IN 6573 6025 -104 -323 281 0 0
IN 5064 6594 -497 105 186 0 0
IN 4195 6986 -277 -35 294 0 1
IN 4406 5854 -136 -195 336 0 1
MOV 7543 4276 200
MOV 3108 7010 200
MOV 8088 2421 36
MOV 10004 3694 200
OUT 6566 5527 -6 -423 299 0 0
OUT 4675 6605 -211 -43 168 0 0
OUT 3638 7059 -592 115 310 0 1
OUT 4457 5587 43 -226 339 0 1
Round 16 of 121
tags: MOVE_ONLY
IN 6566 5527 -6 -423 299 0 0
IN 4675 6605 -211 -43 168 0 0
IN 3638 7059 -592 115 310 0 1
IN 4457 5587 43 -226 339 0 1
MOV 8029 4163 200
MOV 2943 7605 200
MOV 8726 3879 200
MOV 10425 4972 200
OUT 6706 4968 119 -475 317 0 0
OUT 4291 6662 -326 48 150 0 0
OUT 3216 7068 -359 7 328 0 1
OUT 4699 5340 205 -209 354 0 1
Round 17 of 121
tags: MOVE_ONLY
IN 6706 4968 119 -475 317 0 0
IN 4291 6662 -326 48 150 0 0
IN 3216 7068 -359 7 328 0 1
IN 4699 5340 205 -209 354 0 1
MOV 8510 4106 200
MOV 2953 8148 200
MOV 8158 3665 48
MOV 10666 4712 200
OUT 7005 4407 254 -477 334 0 0
OUT 3831 6859 -390 167 132 0 0
OUT 2897 7048 -271 -17 325 0 1
OUT 5103 5110 343 -195 354 0 1
Round 18 of 121
tags: ONLY_HIGH_IMPACT SINGLE_COLLISION
IN 7005 4407 254 -477 334 0 0
IN 3831 6859 -390 167 132 0 0
IN 2897 7048 -271 -17 325 0 1
IN 5103 5110 343 -195 354 0 1
MOV 8986 4129 163
MOV 2099 7859 61
MOV 7811 3606 107
MOV 11022 6092 182
OUT 7420 3907 353 -424 352 0 0
OUT 3519 7049 -143 154 150 0 0
OUT 2582 6977 -388 -53 325 0 1
OUT 5626 4945 444 -140 9 0 1
Round 19 of 121
tags: SHIELD
IN 7420 3907 353 -424 352 0 0
IN 3519 7049 -143 154 150 0 0
IN 2582 6977 -388 -53 325 0 1
IN 5626 4945 444 -140 9 0 1
MOV 9390 4254 200
MOV 2181 8535 SHIELD
MOV 8242 4986 200
MOV 11562 5816 200
OUT 7970 3518 467 -330 10 0 0
OUT 3376 7203 -121 130 132 3 0
OUT 2383 6858 -169 -101 341 0 1
OUT 6268 4834 545 -94 8 0 1
Round 20 of 121
tags: ENGINE_COOLDOWN
IN 7970 3518 467 -330 10 0 0
IN 3376 7203 -121 130 132 3 0
IN 2383 6858 -169 -101 341 0 1
IN 6268 4834 545 -94 8 0 1
MOV 9736 4457 53
MOV 2563 9030 0
MOV 8056 4904 200
MOV 12209 5669 200
OUT 8484 3213 436 -259 28 0 0
OUT 3255 7333 -102 110 114 2 0
OUT 2403 6692 17 -141 341 0 1
OUT 7011 4768 631 -56 8 0 1
Round 21 of 121
tags: ENGINE_COOLDOWN
IN 8484 3213 436 -259 28 0 0
IN 3255 7333 -102 110 114 2 0
IN 2403 6692 17 -141 341 0 1
IN 7011 4768 631 -56 8 0 1
MOV 9873 4652 0
MOV 3046 9322 0
MOV 8076 4738 200
MOV 12919 3726 200
OUT 8920 2954 370 -220 46 0 0
OUT 3153 7443 -86 93 96 1 0
OUT 2609 6486 175 -175 341 0 1
OUT 7839 4677 703 -77 350 0 1
Round 22 of 121
tags: ENGINE_COOLDOWN SHIELD
IN 8920 2954 370 -220 46 0 0
IN 3153 7443 -86 93 96 1 0
IN 2609 6486 175 -175 341 0 1
IN 7839 4677 703 -77 350 0 1
MOV 10347 4355 200
MOV 3569 9399 SHIELD
MOV 8282 4532 200
MOV 13529 2773 0
OUT 9433 2874 435 -67 44 0 0
OUT 3067 7536 -73 79 78 3 0
OUT 2973 6246 309 -204 341 0 1
OUT 8542 4600 597 -65 341 0 1
Round 23 of 121
tags: ENGINE_COOLDOWN SHIELD
IN 9433 2874 435 -67 44 0 0
IN 3067 7536 -73 79 78 3 0
IN 2973 6246 309 -204 341 0 1
IN 8542 4600 597 -65 341 0 1
MOV 10372 4640 0
MOV 3372 9513 SHIELD
MOV 8649 4302 200
MOV 13931 1963 200
OUT 9868 2807 369 -56 62 0 0
OUT 2994 7615 -62 67 81 3 0
OUT 3471 5977 423 -228 341 0 1
OUT 9319 4447 660 -129 334 0 1
Round 24 of 121
tags: ENGINE_COOLDOWN
IN 9868 2807 369 -56 62 0 0
IN 2994 7615 -62 67 81 3 0
IN 3471 5977 423 -228 341 0 1
IN 9319 4447 660 -129 334 0 1
MOV 10513 4700 82
MOV 3902 9397 162
MOV 9144 4023 200
MOV 14711 1816 0
OUT 10263 2829 336 18 71 0 0
OUT 2932 7682 -52 56 63 2 0
OUT 4083 5684 520 -249 341 0 1
OUT 9979 4318 561 -109 334 0 1
Round 25 of 121
tags: ENGINE_COOLDOWN
IN 10263 2829 336 18 71 0 0
IN 2932 7682 -52 56 63 2 0
IN 4083 5684 520 -249 341 0 1
IN 9979 4318 561 -109 334 0 1
MOV 10298 4829 65
MOV 4346 9096 91
MOV 9756 3730 200
MOV 14295 150 178
OUT 10600 2912 286 70 89 0 0
OUT 2880 7738 -44 47 45 1 0
OUT 4792 5370 602 -267 341 0 1
OUT 10668 4085 585 -197 316 0 1
Round 26 of 121
tags: ENGINE_COOLDOWN SHIELD
IN 10600 2912 286 70 89 0 0
IN 2880 7738 -44 47 45 1 0
IN 4792 5370 602 -267 341 0 1
IN 10668 4085 585 -197 316 0 1
MOV 10015 4825 200
MOV 4662 8646 200
MOV 10749 4655 76
MOV 13485 -1212 SHIELD
OUT 10828 3173 193 222 107 0 0
OUT 2836 7785 -37 39 27 0 0
OUT 5469 5094 575 -234 353 0 1
OUT 11253 3888 497 -167 298 3 1
Round 27 of 121
tags: ENGINE_COOLDOWN HAS_LOW_IMPACT SINGLE_COLLISION
IN 10828 3173 193 222 107 0 0
IN 2836 7785 -37 39 27 0 0
IN 5469 5094 575 -234 353 0 1
IN 11253 3888 497 -167 298 3 1
MOV 9681 4811 200
MOV 4811 8098 200
MOV 11358 6238 200
MOV 12295 -2020 174
OUT 10795 3413 -43 183 125 0 0
OUT 2996 7856 136 60 9 0 0
OUT 6240 4898 655 -166 11 0 1
OUT 11861 3867 532 2 280 2 1
Round 28 of 121
tags: ENGINE_COOLDOWN SHIELD
IN 10795 3413 -43 183 125 0 0
IN 2996 7856 136 60 9 0 0
IN 6240 4898 655 -166 11 0 1
IN 11861 3867 532 2 280 2 1
MOV 9198 4617 200
MOV 4971 7543 200
MOV 11901 6885 200
MOV 11026 -2074 SHIELD
OUT 10592 3716 -172 257 143 0 0
OUT 3330 7886 283 25 351 0 0
OUT 7084 4798 717 -84 19 0 1
OUT 12393 3869 452 1 262 3 1
Round 29 of 121
tags: ENGINE_COOLDOWN SHIELD
IN 10592 3716 -172 257 143 0 0
IN 3330 7886 283 25 351 0 0
IN 7084 4798 717 -84 19 0 1
IN 12393 3869 452 1 262 3 1
MOV 8712 4398 200
MOV 5112 6978 200
MOV 12828 6531 200
MOV 9766 -1525 SHIELD
OUT 10232 4041 -306 276 160 0 0
OUT 3792 7821 392 -55 333 0 0
OUT 7992 4772 772 -22 17 0 1
OUT 12845 3870 384 0 244 3 1
Round 30 of 121
tags: ENGINE_COOLDOWN SHIELD
IN 10232 4041 -306 276 160 0 0
IN 3792 7821 392 -55 333 0 0
IN 7992 4772 772 -22 17 0 1
IN 12845 3870 384 0 244 3 1
MOV 8256 4350 200
MOV 5324 6535 200
MOV 13990 4903 200
MOV 8677 -446 SHIELD
OUT 9728 4348 -428 260 171 0 0
OUT 4337 7637 463 -156 320 0 0
OUT 8964 4754 826 -14 1 0 1
OUT 13229 3870 326 0 226 3 1
Round 31 of 121
tags: ENGINE_COOLDOWN ONLY_HIGH_IMPACT SHIELD SINGLE_COLLISION
IN 9728 4348 -428 260 171 0 0
IN 4337 7637 463 -156 320 0 0
IN 8964 4754 826 -14 1 0 1
IN 13229 3870 326 0 226 3 1
MOV 7753 4035 SHIELD
MOV 5717 6190 200
MOV 14701 3000 SHIELD
MOV 9061 -446 28
OUT 10314 4039 546 -289 189 3 0
OUT 4938 7336 510 -255 314 0 0
OUT 8776 5309 -207 498 343 3 1
OUT 13555 3870 277 0 226 2 1
Round 32 of 121
tags: ENGINE_COOLDOWN
IN 10314 4039 546 -289 189 3 0
IN 4938 7336 510 -255 314 0 0
IN 8776 5309 -207 498 343 3 1
IN 13555 3870 277 0 226 2 1
MOV 8339 4352 200
MOV 6683 6359 200
MOV 14406 3237 0
MOV 8257 1052 56
OUT 10860 3750 464 -245 171 2 0
OUT 5623 6983 581 -299 331 0 0
OUT 8569 5807 -175 423 340 2 1
OUT 13832 3870 235 0 208 1 1
Round 33 of 121
tags: ENGINE_COOLDOWN
IN 10860 3750 464 -245 171 2 0
IN 5623 6983 581 -299 331 0 0
IN 8569 5807 -175 423 340 2 1
IN 13832 3870 235 0 208 1 1
MOV 9078 4658 200
MOV 7180 5728 200
MOV 13297 2113 200
MOV 7923 2827 200
OUT 11324 3505 394 -208 153 1 0
OUT 6360 6558 626 -360 321 0 0
OUT 8394 6230 -148 359 322 1 1
OUT 14067 3870 199 0 190 0 1
Round 34 of 121
tags: ENGINE_COOLDOWN
IN 11324 3505 394 -208 153 1 0
IN 6360 6558 626 -360 321 0 0
IN 8394 6230 -148 359 322 1 1
IN 14067 3870 199 0 190 0 1
MOV 9426 4136 200
MOV 8227 5841 191
MOV 12039 1464 200
MOV 8073 4152 105
OUT 11718 3297 334 -176 162 0 0
OUT 7164 6130 683 -364 339 0 0
OUT 8246 6589 -125 305 307 0 1
OUT 14161 3875 79 4 177 0 1
Round 35 of 121
tags: MOVE_ONLY
IN 11718 3297 334 -176 162 0 0
IN 7164 6130 683 -364 339 0 0
IN 8246 6589 -125 305 307 0 1
IN 14161 3875 79 4 177 0 1
MOV 10100 4473 200
MOV 9161 6025 0
MOV 11856 1797 200
MOV 8169 4189 200
OUT 11890 3239 146 -49 144 0 0
OUT 7847 5766 580 -309 357 0 0
OUT 8241 6734 -3 123 307 0 1
OUT 14040 3889 -102 12 177 0 1
Round 36 of 121
tags: MOVE_ONLY
IN 11890 3239 146 -49 144 0 0
IN 7847 5766 580 -309 357 0 0
IN 8241 6734 -3 123 307 0 1
IN 14040 3889 -102 12 177 0 1
MOV 10103 4137 200
MOV 9829 5495 200
MOV 11802 1905 200
MOV 8438 6038 200
OUT 11857 3280 -27 34 153 0 0
OUT 8625 5430 661 -285 352 0 0
OUT 8357 6696 98 -32 306 0 1
OUT 13751 3973 -245 71 159 0 1
Round 37 of 121
tags: MOVE_ONLY
IN 11857 3280 -27 34 153 0 0
IN 8625 5430 661 -285 352 0 0
IN 8357 6696 98 -32 306 0 1
IN 13751 3973 -245 71 159 0 1
MOV 9997 4015 200
MOV 10625 5418 200
MOV 11883 1841 200
MOV 8464 6811 200
OUT 11644 3388 -181 91 158 0 0
OUT 9486 5144 731 -243 360 0 0
OUT 8573 6502 183 -164 306 0 1
OUT 13330 4139 -358 140 152 0 1
Round 38 of 121
tags: MOVE_ONLY
IN 11644 3388 -181 91 158 0 0
IN 9486 5144 731 -243 360 0 0
IN 8573 6502 183 -164 306 0 1
IN 13330 4139 -358 140 152 0 1
MOV 9803 4169 200
MOV 11432 4683 200
MOV 12099 1647 200
MOV 7737 6311 200
OUT 11279 3557 -310 143 157 0 0
OUT 10412 4855 786 -245 347 0 0
OUT 8874 6176 255 -276 306 0 1
OUT 12786 4351 -462 180 159 0 1
Round 39 of 121
tags: SHIELD
IN 11279 3557 -310 143 157 0 0
IN 10412 4855 786 -245 347 0 0
IN 8874 6176 255 -276 306 0 1
IN 12786 4351 -462 180 159 0 1
MOV 9770 4869 200
MOV 12404 5029 SHIELD
MOV 10728 469 200
MOV 6794 4665 200
OUT 10818 3831 -391 233 139 0 0
OUT 11198 4610 668 -208 5 3 0
OUT 9191 5710 269 -396 288 0 1
OUT 12124 4542 -562 162 177 0 1
Round 40 of 121
tags: ENGINE_COOLDOWN MULTI_COLLISION ONLY_HIGH_IMPACT
IN 10818 3831 -391 233 139 0 0
IN 11198 4610 668 -208 5 3 0
IN 9191 5710 269 -396 288 0 1
IN 12124 4542 -562 162 177 0 1
MOV 8977 4612 200
MOV 13039 5391 200
MOV 9191 -289 200
MOV 6289 3140 0
OUT 10088 3954 -685 25 157 0 0
OUT 10907 4632 -291 101 23 2 0
OUT 9460 5114 228 -506 270 0 1
OUT 12676 4662 578 98 194 0 1
Round 41 of 121
tags: ENGINE_COOLDOWN ONLY_HIGH_IMPACT SHIELD SINGLE_COLLISION
IN 10088 3954 -685 25 157 0 0
IN 10907 4632 -291 101 23 2 0
IN 9460 5114 228 -506 270 0 1
IN 12676 4662 578 98 194 0 1
MOV 8210 4643 39
MOV 12416 5944 0
MOV 10339 -821 SHIELD
MOV 6801 3440 200
OUT 9366 3657 -613 -808 160 0 0
OUT 10616 4733 -247 85 41 1 0
OUT 9688 4642 193 -345 278 3 1
OUT 13058 4719 324 48 192 0 1
Round 42 of 121
tags: ENGINE_COOLDOWN ONLY_HIGH_IMPACT SHIELD SINGLE_COLLISION
IN 9366 3657 -613 -808 160 0 0
IN 10616 4733 -247 85 41 1 0
IN 9688 4642 193 -345 278 3 1
IN 13058 4719 324 48 192 0 1
MOV 7790 4888 200
MOV 11646 6447 SHIELD
MOV 12317 -750 SHIELD
MOV 7077 4232 200
OUT 8595 2972 -655 -582 142 0 0
OUT 10530 4873 13 148 59 3 0
OUT 9720 4242 -59 -369 296 3 1
OUT 13183 4751 105 27 185 0 1
Round 43 of 121
tags: ENGINE_COOLDOWN
IN 8595 2972 -655 -582 142 0 0
IN 10530 4873 13 148 59 3 0
IN 9720 4242 -59 -369 296 3 1
IN 13183 4751 105 27 185 0 1
MOV 7477 4630 200
MOV 10980 6822 0
MOV 13855 -104 22
MOV 7212 5344 200
OUT 7828 2556 -651 -353 124 0 0
OUT 10543 5021 11 125 77 2 0
OUT 9661 3873 -50 -313 314 2 1
OUT 13089 4798 -79 39 174 0 1
Round 44 of 121
tags: ENGINE_COOLDOWN SHIELD
IN 7828 2556 -651 -353 124 0 0
IN 10543 5021 11 125 77 2 0
IN 9661 3873 -50 -313 314 2 1
IN 13089 4798 -79 39 174 0 1
MOV 7277 4479 200
MOV 10369 7013 SHIELD
MOV 14918 981 0
MOV 7121 5425 200
OUT 7122 2395 -600 -136 106 0 0
OUT 10554 5146 9 106 95 3 0
OUT 9611 3560 -42 -266 331 1 1
OUT 12811 4858 -236 50 174 0 1
Round 45 of 121
tags: ENGINE_COOLDOWN SHIELD
IN 7122 2395 -600 -136 106 0 0
IN 10554 5146 9 106 95 3 0
IN 9611 3560 -42 -266 331 1 1
IN 12811 4858 -236 50 174 0 1
MOV 7192 4394 200
MOV 9773 6987 SHIELD
MOV 15500 2414 59
MOV 6926 6027 200
OUT 6529 2459 -504 54 88 0 0
OUT 10563 5252 7 90 113 3 0
OUT 9569 3294 -35 -226 349 0 1
OUT 12379 4947 -367 75 169 0 1
Round 46 of 121
tags: ENGINE_COOLDOWN SHIELD
IN 6529 2459 -504 54 88 0 0
IN 10563 5252 7 90 113 3 0
IN 9569 3294 -35 -226 349 0 1
IN 12379 4947 -367 75 169 0 1
MOV 6928 4419 200
MOV 9251 6761 SHIELD
MOV 15524 4024 4
MOV 6489 6091 200
OUT 6065 2709 -394 212 78 0 0
OUT 10570 5342 5 76 131 3 0
OUT 9538 3068 -26 -191 7 0 1
OUT 11816 5060 -478 96 169 0 1
Round 47 of 121
tags: ENGINE_COOLDOWN
IN 6065 2709 -394 212 78 0 0
IN 10570 5342 5 76 131 3 0
IN 9538 3068 -26 -191 7 0 1
IN 11816 5060 -478 96 169 0 1
MOV 7059 4445 200
MOV 8856 6372 200
MOV 14975 5603 199
MOV 6279 7372 0
OUT 5770 3095 -251 328 60 0 0
OUT 10575 5418 4 64 149 2 0
OUT 9692 2961 131 -90 25 0 1
OUT 11338 5156 -406 81 157 0 1
Round 48 of 121
tags: ENGINE_COOLDOWN ONLY_HIGH_IMPACT SINGLE_COLLISION
IN 5770 3095 -251 328 60 0 0
IN 10575 5418 4 64 149 2 0
IN 9692 2961 131 -90 25 0 1
IN 11338 5156 -406 81 157 0 1
MOV 6939 4718 200
MOV 8626 5868 200
MOV 15129 5496 200
MOV 5814 7500 200
OUT 5636 3585 -113 416 54 0 0
OUT 10025 5673 -472 218 167 1 0
OUT 10004 2956 265 -4 25 0 1
OUT 11302 5124 -25 -29 157 0 1
Round 49 of 121
tags: ENGINE_COOLDOWN SHIELD
IN 5636 3585 -113 416 54 0 0
IN 10025 5673 -472 218 167 1 0
IN 10004 2956 265 -4 25 0 1
IN 11302 5124 -25 -29 157 0 1
MOV 6354 5452 19
MOV 8033 5499 SHIELD
MOV 14398 7041 0
MOV 5778 7468 200
OUT 5530 4019 -90 368 69 0 0
OUT 9553 5891 -401 185 185 3 0
OUT 10269 2952 225 -3 43 0 1
OUT 11093 5173 -177 41 157 0 1
Round 50 of 121
tags: ENGINE_COOLDOWN
IN 5530 4019 -90 368 69 0 0
IN 9553 5891 -401 185 185 3 0
IN 10269 2952 225 -3 43 0 1
IN 11093 5173 -177 41 157 0 1
MOV 6789 5573 175
MOV 7712 5110 200
MOV 13178 8199 4
MOV 5287 6687 200
OUT 5550 4523 17 428 51 0 0
OUT 9152 6076 -340 157 203 2 0
OUT 10496 2952 192 0 61 0 1
OUT 10722 5264 -314 77 165 0 1
Round 51 of 121
tags: ENGINE_COOLDOWN SHIELD
IN 5550 4523 17 428 51 0 0
IN 9152 6076 -340 157 203 2 0
IN 10496 2952 192 0 61 0 1
IN 10722 5264 -314 77 165 0 1
MOV 7227 5612 200
MOV 7643 4764 SHIELD
MOV 11641 8841 71
MOV 5034 7176 200
OUT 5735 5060 157 456 33 0 0
OUT 8812 6233 -289 133 221 3 0
OUT 10702 3022 174 59 79 0 1
OUT 10218 5405 -428 119 161 0 1
Round 52 of 121
tags: ENGINE_COOLDOWN SHIELD
IN 5735 5060 157 456 33 0 0
IN 8812 6233 -289 133 221 3 0
IN 10702 3022 174 59 79 0 1
IN 10218 5405 -428 119 161 0 1
MOV 7667 5578 SHIELD
MOV 7782 4519 200
MOV 9971 8977 200
MOV 4453 7070 200
OUT 5892 5516 133 387 15 3 0
OUT 8523 6366 -245 113 239 2 0
OUT 10852 3280 127 218 97 0 1
OUT 9598 5579 -527 148 164 0 1
Round 53 of 121
tags: ENGINE_COOLDOWN
IN 5892 5516 133 387 15 3 0
IN 8523 6366 -245 113 239 2 0
IN 10852 3280 127 218 97 0 1
IN 9598 5579 -527 148 164 0 1
MOV 7799 6119 113
MOV 8073 4417 0
MOV 8316 8717 200
MOV 4279 8356 138
OUT 6025 5903 113 328 18 2 0
OUT 8278 6479 -208 96 257 1 0
OUT 10895 3679 36 339 115 0 1
OUT 8949 5791 -551 180 152 0 1
Round 54 of 121
tags: ENGINE_COOLDOWN ONLY_HIGH_IMPACT SHIELD SINGLE_COLLISION
IN 6025 5903 113 328 18 2 0
IN 8278 6479 -208 96 257 1 0
IN 10895 3679 36 339 115 0 1
IN 8949 5791 -551 180 152 0 1
MOV 8025 5903 87
MOV 8452 4487 58
MOV 6803 8067 200
MOV 4534 9854 SHIELD
OUT 6138 6231 96 278 0 1 0
OUT 7940 6750 -428 419 275 0 0
OUT 10795 4164 -85 412 133 0 1
OUT 8411 5954 -443 119 137 3 1
Round 55 of 121
tags: ENGINE_COOLDOWN
IN 6138 6231 96 278 0 1 0
IN 7940 6750 -428 419 275 0 0
IN 10795 4164 -85 412 133 0 1
IN 8411 5954 -443 119 137 3 1
MOV 8059 5676 200
MOV 8721 4909 200
MOV 5892 7623 196
MOV 4022 10045 23
OUT 6234 6509 81 236 344 0 0
OUT 7589 6984 -298 199 293 0 0
OUT 10550 4689 -208 446 145 0 1
OUT 7968 6073 -376 101 137 2 1
Round 56 of 121
tags: ENGINE_COOLDOWN
IN 6234 6509 81 236 344 0 0
IN 7589 6984 -298 199 293 0 0
IN 10550 4689 -208 446 145 0 1
IN 7968 6073 -376 101 137 2 1
MOV 7892 5391 70
MOV 8901 5475 200
MOV 4812 6443 188
MOV 3579 10164 200
OUT 6373 6706 118 167 326 0 0
OUT 7421 7031 -142 40 311 0 0
OUT 10162 5191 -329 426 163 0 1
OUT 7592 6174 -319 85 137 1 1
Round 57 of 121
tags: ENGINE_COOLDOWN MULTI_COLLISION ONLY_HIGH_IMPACT
IN 6373 6706 118 167 326 0 0
IN 7421 7031 -142 40 311 0 0
IN 10162 5191 -329 426 163 0 1
IN 7592 6174 -319 85 137 1 1
MOV 8296 6155 200
MOV 8202 5190 200
MOV 4424 6945 200
MOV 4266 11168 0
OUT 6586 6785 -46 -9 344 0 0
OUT 7431 7106 228 200 293 0 0
OUT 9642 5675 -442 411 163 0 1
OUT 7297 6073 -243 -146 124 0 1
Round 58 of 121
tags: MOVE_ONLY
IN 6586 6785 -46 -9 344 0 0
IN 7431 7106 228 200 293 0 0
IN 9642 5675 -442 411 163 0 1
IN 7297 6073 -243 -146 124 0 1
MOV 8528 6308 200
MOV 8688 5551 200
MOV 3904 7429 200
MOV 5642 11840 52
OUT 6734 6728 125 -48 346 0 0
OUT 7785 7150 300 37 309 0 0
OUT 9009 6144 -538 399 163 0 1
OUT 7040 5977 -218 -81 106 0 1
Round 59 of 121
tags: MULTI_COLLISION ONLY_HIGH_IMPACT SHIELD
IN 6734 6728 125 -48 346 0 0
IN 7785 7150 300 37 309 0 0
IN 9009 6144 -538 399 163 0 1
IN 7040 5977 -218 -81 106 0 1
MOV 8485 5762 200
MOV 8502 5283 200
MOV 3151 7443 SHIELD
MOV 5386 11744 90
OUT 6917 6887 152 143 331 0 0
OUT 7851 7337 -741 1037 291 0 0
OUT 8502 6509 -351 222 167 3 1
OUT 6914 5679 -103 -261 106 0 1
Round 60 of 121
tags: ENGINE_COOLDOWN
IN 6917 6887 152 143 331 0 0
IN 7851 7337 -741 1037 291 0 0
IN 8502 6509 -351 222 167 3 1
IN 6914 5679 -103 -261 106 0 1
MOV 8281 5424 200
MOV 8553 5464 200
MOV 2524 5986 196
MOV 3559 10653 0
OUT 7206 6884 245 -2 313 0 0
OUT 7180 8187 -570 722 291 0 0
OUT 8151 6731 -298 188 185 2 1
OUT 6811 5418 -87 -221 124 0 1
Round 61 of 121
tags: ENGINE_COOLDOWN ONLY_HIGH_IMPACT SHIELD SINGLE_COLLISION
IN 7206 6884 245 -2 313 0 0
IN 7180 8187 -570 722 291 0 0
IN 8151 6731 -298 188 185 2 1
IN 6811 5418 -87 -221 124 0 1
MOV 8938 5884 200
MOV 7339 6193 200
MOV 2403 5010 SHIELD
MOV 3601 10487 200
OUT 6561 6905 -787 45 330 0 0
OUT 6626 8710 -470 444 275 0 0
OUT 7959 6907 -138 146 197 3 1
OUT 6617 5366 -164 -44 122 0 1
Round 62 of 121
tags: ENGINE_COOLDOWN
IN 6561 6905 -787 45 330 0 0
IN 6626 8710 -470 444 275 0 0
IN 7959 6907 -138 146 197 3 1
IN 6617 5366 -164 -44 122 0 1
MOV 8486 6362 200
MOV 7048 6755 200
MOV 3043 3465 127
MOV 3437 10454 176
OUT 5966 6896 -505 -7 344 0 0
OUT 6198 8959 -363 211 282 0 0
OUT 7821 7053 -117 124 215 2 1
OUT 6360 5471 -218 89 122 0 1
Round 63 of 121
tags: ENGINE_COOLDOWN
IN 5966 6896 -505 -7 344 0 0
IN 6198 8959 -363 211 282 0 0
IN 7821 7053 -117 124 215 2 1
IN 6360 5471 -218 89 122 0 1
MOV 7838 6192 171
MOV 5989 6970 200
MOV 2906 3611 200
MOV 3838 10915 200
OUT 5621 6829 -293 -57 339 0 0
OUT 5815 8971 -325 10 264 0 0
OUT 7704 7177 -99 105 215 1 1
OUT 6058 5741 -256 229 115 0 1
Round 64 of 121
tags: ENGINE_COOLDOWN ONLY_HIGH_IMPACT SINGLE_COLLISION
IN 5621 6829 -293 -57 339 0 0
IN 5815 8971 -325 10 264 0 0
IN 7704 7177 -99 105 215 1 1
IN 6058 5741 -256 229 115 0 1
MOV 7175 5570 200
MOV 6231 7015 200
MOV 2789 3735 200
MOV 3522 11178 200
OUT 5385 6879 -325 333 321 0 0
OUT 5532 8785 -240 -157 282 0 0
OUT 7605 7282 -84 89 215 0 1
OUT 5817 5919 -80 -139 115 0 1
Round 65 of 121
tags: MOVE_ONLY
IN 5385 6879 -325 333 321 0 0
IN 5532 8785 -240 -157 282 0 0
IN 7605 7282 -84 89 215 0 1
IN 5817 5919 -80 -139 115 0 1
MOV 6567 5266 200
MOV 5323 6796 200
MOV 3200 3207 0
MOV 3077 11257 143
OUT 5178 7051 -175 145 306 0 0
OUT 5271 8429 -221 -302 264 0 0
OUT 7521 7371 -71 75 223 0 1
OUT 5672 5907 -123 -10 117 0 1
Round 66 of 121
tags: MOVE_ONLY
IN 5178 7051 -175 145 306 0 0
IN 5271 8429 -221 -302 264 0 0
IN 7521 7371 -71 75 223 0 1
IN 5672 5907 -123 -10 117 0 1
MOV 6796 5875 200
MOV 4458 6602 200
MOV 4329 2290 194
MOV 2948 11253 0
OUT 5165 7078 -11 23 324 0 0
OUT 4969 7944 -256 -412 246 0 0
OUT 7347 7282 -148 -75 238 0 1
OUT 5549 5897 -104 -8 117 0 1
Round 67 of 121
tags: ONLY_HIGH_IMPACT SINGLE_COLLISION
IN 5165 7078 -11 23 324 0 0
IN 4969 7944 -256 -412 246 0 0
IN 7347 7282 -148 -75 238 0 1
IN 5549 5897 -104 -8 117 0 1
MOV 7062 6445 200
MOV 4760 5955 200
MOV 5054 1737 162
MOV 1306 10139 84
OUT 5449 6771 265 -322 342 0 0
OUT 4587 7600 -348 -231 264 0 0
OUT 7137 7057 -178 -190 248 0 1
OUT 5386 5948 -138 43 135 0 1
Round 68 of 121
tags: ONLY_HIGH_IMPACT SINGLE_COLLISION
IN 5449 6771 265 -322 342 0 0
IN 4587 7600 -348 -231 264 0 0
IN 7137 7057 -178 -190 248 0 1
IN 5386 5948 -138 43 135 0 1
MOV 7423 6450 200
MOV 5003 5644 200
MOV 4889 1493 200
MOV 1143 10190 107
OUT 5958 6769 435 18 351 0 0
OUT 4281 7173 -260 -362 282 0 0
OUT 6884 6682 -214 -319 248 0 1
OUT 5125 5715 -224 -218 135 0 1
Round 69 of 121
tags: ONLY_HIGH_IMPACT SHIELD SINGLE_COLLISION
IN 5958 6769 435 18 351 0 0
IN 4281 7173 -260 -362 282 0 0
IN 6884 6682 -214 -319 248 0 1
IN 5125 5715 -224 -218 135 0 1
MOV 7740 5861 200
MOV 5281 5441 200
MOV 6465 696 SHIELD
MOV 2400 11060 158
OUT 5406 6884 -664 129 333 0 0
OUT 4121 6638 -135 -454 300 0 0
OUT 6787 6344 -63 -290 266 3 1
OUT 4829 5638 -251 -65 117 0 1
Round 70 of 121
tags: ENGINE_COOLDOWN ONLY_HIGH_IMPACT SINGLE_COLLISION
IN 5406 6884 -664 129 333 0 0
IN 4121 6638 -135 -454 300 0 0
IN 6787 6344 -63 -290 266 3 1
IN 4829 5638 -251 -65 117 0 1
MOV 7145 5897 200
MOV 5607 5300 200
MOV 7718 416 0
MOV 3585 11507 200
OUT 4916 6914 -416 25 330 0 0
OUT 3919 6289 -408 -32 318 0 0
OUT 6724 6054 -53 -246 279 2 1
OUT 4752 5529 171 -355 102 0 1
Round 71 of 121
tags: ENGINE_COOLDOWN
IN 4916 6914 -416 25 330 0 0
IN 3919 6289 -408 -32 318 0 0
IN 6724 6054 -53 -246 279 2 1
IN 4752 5529 171 -355 102 0 1
MOV 6596 5830 200
MOV 5365 4907 200
MOV 7662 127 46
MOV 3794 11452 200
OUT 4668 6831 -210 -70 327 0 0
OUT 3656 6119 -223 -144 316 0 0
OUT 6671 5808 -45 -209 279 1 1
OUT 4891 5371 118 -133 99 0 1
Round 72 of 121
tags: ENGINE_COOLDOWN
IN 4668 6831 -210 -70 327 0 0
IN 3656 6119 -223 -144 316 0 0
IN 6671 5808 -45 -209 279 1 1
IN 4891 5371 118 -133 99 0 1
MOV 6473 5970 200
MOV 5454 5242 200
MOV 8723 169 0
MOV 4464 11355 146
OUT 4639 6675 -25 -132 334 0 0
OUT 3613 5887 -36 -196 334 0 0
OUT 6626 5599 -38 -177 290 0 1
OUT 4999 5384 91 10 94 0 1
Round 73 of 121
tags: MOVE_ONLY
IN 4639 6675 -25 -132 334 0 0
IN 3613 5887 -36 -196 334 0 0
IN 6626 5599 -38 -177 290 0 1
IN 4999 5384 91 10 94 0 1
MOV 6078 5286 200
MOV 5594 5609 200
MOV 10319 870 43
MOV 5060 11383 200
OUT 4759 6405 102 -229 316 0 0
OUT 3775 5663 137 -190 352 0 0
OUT 6614 5388 -9 -179 308 0 1
OUT 5092 5594 79 178 89 0 1
Round 74 of 121
tags: ONLY_HIGH_IMPACT SHIELD SINGLE_COLLISION
IN 4759 6405 102 -229 316 0 0
IN 3775 5663 137 -190 352 0 0
IN 6614 5388 -9 -179 308 0 1
IN 5092 5594 79 178 89 0 1
MOV 6182 4999 200
MOV 5755 5383 200
MOV 11588 2032 200
MOV 5049 11593 SHIELD
OUT 4656 6860 -133 495 315 0 0
OUT 4110 5445 284 -185 352 0 0
OUT 6771 5097 133 -247 326 0 1
OUT 5206 5690 101 70 90 3 1
Round 75 of 121
tags: ENGINE_COOLDOWN
IN 4656 6860 -133 495 315 0 0
IN 4110 5445 284 -185 352 0 0
IN 6771 5097 133 -247 326 0 1
IN 5206 5690 101 70 90 3 1
MOV 5609 5102 200
MOV 6084 5122 200
MOV 12538 3442 200
MOV 4239 11611 182
OUT 4618 7179 -32 271 298 0 0
OUT 4591 5228 409 -184 351 0 0
OUT 7096 4795 276 -256 344 0 1
OUT 5307 5760 85 59 99 2 1
Round 76 of 121
tags: ENGINE_COOLDOWN HAS_LOW_IMPACT SINGLE_COLLISION
IN 4618 7179 -32 271 298 0 0
IN 4591 5228 409 -184 351 0 0
IN 7096 4795 276 -256 344 0 1
IN 5307 5760 85 59 99 2 1
MOV 4965 5209 161
MOV 6588 5332 200
MOV 12863 3141 200
MOV 2753 11189 200
OUT 4615 7292 -2 95 280 0 0
OUT 5134 4970 419 -274 3 0 0
OUT 7564 4484 398 -264 344 0 1
OUT 5458 5904 170 176 115 1 1
Round 77 of 121
tags: ENGINE_COOLDOWN
IN 4615 7292 -2 95 280 0 0
IN 5134 4970 419 -274 3 0 0
IN 7564 4484 398 -264 344 0 1
IN 5458 5904 170 176 115 1 1
MOV 5084 5348 200
MOV 7066 4452 200
MOV 13437 3258 200
MOV 1366 10292 41
OUT 4660 7193 38 -84 284 0 0
OUT 5746 4644 520 -276 345 0 0
OUT 8158 4179 504 -259 348 0 1
OUT 5628 6080 144 149 133 0 1
Round 78 of 121
tags: SHIELD
IN 4660 7193 38 -84 284 0 0
IN 5746 4644 520 -276 345 0 0
IN 8158 4179 504 -259 348 0 1
IN 5628 6080 144 149 133 0 1
MOV 5181 5262 200
MOV 7730 4390 200
MOV 14148 3834 SHIELD
MOV 449 9110 130
OUT 4750 6916 76 -235 285 0 0
OUT 6464 4343 610 -256 353 0 0
OUT 8662 3920 428 -220 357 3 1
OUT 5660 6295 27 182 150 0 1
Round 79 of 121
tags: ENGINE_COOLDOWN ONLY_HIGH_IMPACT SHIELD SINGLE_COLLISION
IN 4750 6916 76 -235 285 0 0
IN 6464 4343 610 -256 353 0 0
IN 8662 3920 428 -220 357 3 1
IN 5660 6295 27 182 150 0 1
MOV 5839 5239 200
MOV 8396 3826 99
MOV 14623 4602 SHIELD
MOV -208 7542 194
OUT 4674 6623 -283 -156 303 0 0
OUT 7170 4061 599 -239 345 0 0
OUT 9090 3700 363 -187 7 3 1
OUT 5759 6409 302 4 168 0 1
Round 80 of 121
tags: ENGINE_COOLDOWN SHIELD
IN 4674 6623 -283 -156 303 0 0
IN 7170 4061 599 -239 345 0 0
IN 9090 3700 363 -187 7 3 1
IN 5759 6409 302 4 168 0 1
MOV 6223 5358 200
MOV 8847 2972 0
MOV 14712 5794 SHIELD
MOV -218 5892 161
OUT 4546 6340 -108 -240 321 0 0
OUT 7769 3822 509 -203 327 0 0
OUT 9453 3513 308 -158 20 3 1
OUT 5901 6399 120 -8 185 0 1
Round 81 of 121
tags: ENGINE_COOLDOWN
IN 4546 6340 -108 -240 321 0 0
IN 7769 3822 509 -203 327 0 0
IN 9453 3513 308 -158 20 3 1
IN 5901 6399 120 -8 185 0 1
MOV 6413 5623 200
MOV 9637 3106 31
MOV 14181 7206 0
MOV 262 4346 181
OUT 4624 6028 66 -265 339 0 0
OUT 8307 3608 457 -181 339 0 0
OUT 9761 3355 261 -134 38 2 1
OUT 5851 6329 -42 -59 200 0 1
Round 82 of 121
tags: ENGINE_COOLDOWN
IN 4624 6028 66 -265 339 0 0
IN 8307 3608 457 -181 339 0 0
IN 9761 3355 261 -134 38 2 1
IN 5851 6329 -42 -59 200 0 1
MOV 6441 5192 200
MOV 10197 2953 0
MOV 13180 8284 152
MOV 1122 2635 200
OUT 4872 5679 210 -296 335 0 0
OUT 8764 3427 388 -153 341 0 0
OUT 10022 3221 221 -113 55 1 1
OUT 5651 6147 -169 -154 218 0 1
Round 83 of 121
tags: ENGINE_COOLDOWN ONLY_HIGH_IMPACT SHIELD SINGLE_COLLISION
IN 4872 5679 210 -296 335 0 0
IN 8764 3427 388 -153 341 0 0
IN 10022 3221 221 -113 55 1 1
IN 5651 6147 -169 -154 218 0 1
MOV 6857 5435 SHIELD
MOV 10764 3392 200
MOV 11776 8958 178
MOV 2295 1172 SHIELD
OUT 5013 5320 62 -357 353 3 0
OUT 9352 3270 499 -133 359 0 0
OUT 10243 3108 187 -96 73 0 1
OUT 5551 6056 -27 -25 236 3 1
Round 84 of 121
tags: ENGINE_COOLDOWN ONLY_HIGH_IMPACT SHIELD SINGLE_COLLISION
IN 5013 5320 62 -357 353 3 0
IN 9352 3270 499 -133 359 0 0
IN 10243 3108 187 -96 73 0 1
IN 5551 6056 -27 -25 236 3 1
MOV 6976 5702 200
MOV 11243 2619 79
MOV 10519 9101 SHIELD
MOV 3896 288 187
OUT 5075 4963 52 -303 11 2 0
OUT 9414 3206 -107 -25 341 0 0
OUT 10481 3003 218 -92 87 3 1
OUT 5524 6031 -22 -21 254 2 1
Round 85 of 121
tags: ENGINE_COOLDOWN
IN 5075 4963 52 -303 11 2 0
IN 9414 3206 -107 -25 341 0 0
IN 10481 3003 218 -92 87 3 1
IN 5524 6031 -22 -21 254 2 1
MOV 6824 5933 200
MOV 11414 3171 8
MOV 10167 8994 78
MOV 5733 34 200
OUT 5127 4660 44 -257 29 1 0
OUT 9315 3181 -84 -21 359 0 0
OUT 10699 2911 185 -78 93 2 1
OUT 5502 6010 -18 -17 272 1 1
Round 86 of 121
tags: ENGINE_COOLDOWN
IN 5127 4660 44 -257 29 1 0
IN 9315 3181 -84 -21 359 0 0
IN 10699 2911 185 -78 93 2 1
IN 5502 6010 -18 -17 272 1 1
MOV 6491 6123 35
MOV 11228 3766 200
MOV 8629 8542 77
MOV 7553 371 200
OUT 5171 4403 37 -218 47 0 0
OUT 9422 3218 91 31 17 0 0
OUT 10884 2833 157 -66 110 1 1
OUT 5484 5993 -15 -14 290 0 1
Round 87 of 121
tags: ENGINE_COOLDOWN
IN 5171 4403 37 -218 47 0 0
IN 9422 3218 91 31 17 0 0
IN 10884 2833 157 -66 110 1 1
IN 5484 5993 -15 -14 290 0 1
MOV 6170 6136 200
MOV 11324 3835 200
MOV 7190 7561 145
MOV 6471 74 60
OUT 5308 4358 116 -38 60 0 0
OUT 9703 3311 239 78 18 0 0
OUT 11041 2767 133 -56 128 0 1
OUT 5479 5920 -4 -62 279 0 1
Round 88 of 121
tags: MOVE_ONLY
IN 5308 4358 116 -38 60 0 0
IN 9703 3311 239 78 18 0 0
IN 11041 2767 133 -56 128 0 1
IN 5479 5920 -4 -62 279 0 1
MOV 5840 6286 200
MOV 11703 3311 200
MOV 6659 6865 86
MOV 8202 573 200
OUT 5477 4513 143 131 75 0 0
OUT 10142 3389 373 66 0 0 0
OUT 11111 2770 59 2 137 0 1
OUT 5566 5680 73 -204 297 0 1
Round 89 of 121
tags: MULTI_COLLISION ONLY_HIGH_IMPACT SHIELD
IN 5477 4513 143 131 75 0 0
IN 10142 3389 373 66 0 0 0
IN 11111 2770 59 2 137 0 1
IN 5566 5680 73 -204 297 0 1
MOV 5387 6511 200
MOV 12044 2771 200
MOV 6939 7082 24
MOV 8505 449 SHIELD
OUT 5593 4540 65 -548 93 0 0
OUT 10673 3431 283 229 342 0 0
OUT 11186 2751 230 -209 134 0 1
OUT 5641 5506 66 -90 299 3 1
Round 90 of 121
tags: ENGINE_COOLDOWN
IN 5593 4540 65 -548 93 0 0
IN 10673 3431 283 229 342 0 0
IN 11186 2751 230 -209 134 0 1
IN 5641 5506 66 -90 299 3 1
MOV 4876 6407 200
MOV 12673 3431 200
MOV 7018 7067 200
MOV 10028 1413 0
OUT 5588 4179 -4 -306 111 0 0
OUT 11156 3660 410 194 0 0 0
OUT 11277 2686 77 -55 134 0 1
OUT 5707 5416 56 -76 317 2 1
Round 91 of 121
tags: ENGINE_COOLDOWN SHIELD
IN 5588 4179 -4 -306 111 0 0
IN 11156 3660 410 194 0 0 0
IN 11277 2686 77 -55 134 0 1
IN 5707 5416 56 -76 317 2 1
MOV 5483 6176 199
MOV 13136 3377 SHIELD
MOV 7047 6941 200
MOV 11119 2825 200
OUT 5574 4072 -12 -91 93 0 0
OUT 11566 3854 348 164 352 3 0
OUT 11213 2773 -54 73 135 0 1
OUT 5763 5340 47 -64 334 1 1
Round 92 of 121
tags: ENGINE_COOLDOWN SHIELD
IN 5574 4072 -12 -91 93 0 0
IN 11566 3854 348 164 352 3 0
IN 11213 2773 -54 73 135 0 1
IN 5763 5340 47 -64 334 1 1
MOV 6092 6004 200
MOV 13401 3060 SHIELD
MOV 7568 7539 200
MOV 11155 2709 200
OUT 5614 4174 33 86 75 0 0
OUT 11914 4018 295 139 337 3 0
OUT 11038 3005 -149 197 127 0 1
OUT 5810 5276 39 -54 334 0 1
Round 93 of 121
tags: ENGINE_COOLDOWN ONLY_HIGH_IMPACT SINGLE_COLLISION
IN 5614 4174 33 86 75 0 0
IN 11914 4018 295 139 337 3 0
IN 11038 3005 -149 197 127 0 1
IN 5810 5276 39 -54 334 0 1
MOV 6343 6036 200
MOV 13877 3636 112
MOV 7062 7498 200
MOV 11294 2842 200
OUT 5705 4410 -16 -32 69 0 0
OUT 12209 4157 250 118 349 2 0
OUT 10756 3352 -239 294 132 0 1
OUT 6046 5177 294 149 336 0 1
Round 94 of 121
tags: ENGINE_COOLDOWN
IN 5705 4410 -16 -32 69 0 0
IN 12209 4157 250 118 349 2 0
IN 10756 3352 -239 294 132 0 1
IN 6046 5177 294 149 336 0 1
MOV 6964 5964 200
MOV 13958 3187 0
MOV 6453 7534 200
MOV 10601 1272 125
OUT 5815 4533 93 104 51 0 0
OUT 12459 4275 212 100 331 1 0
OUT 10374 3785 -325 368 136 0 1
OUT 6435 5245 330 57 319 0 1
Round 95 of 121
tags: ENGINE_COOLDOWN SHIELD
IN 5815 4533 93 104 51 0 0
IN 12459 4275 212 100 331 1 0
IN 10374 3785 -325 368 136 0 1
IN 6435 5245 330 57 319 0 1
MOV 7492 5622 200
MOV 14422 3893 SHIELD
MOV 5214 6846 61
MOV 9773 259 200
OUT 6076 4746 221 180 33 0 0
OUT 12671 4375 180 85 349 3 0
OUT 9997 4184 -320 339 149 0 1
OUT 6876 5136 375 -92 304 0 1
Round 96 of 121
tags: ENGINE_COOLDOWN SHIELD
IN 6076 4746 221 180 33 0 0
IN 12671 4375 180 85 349 3 0
IN 9997 4184 -320 339 149 0 1
IN 6876 5136 375 -92 304 0 1
MOV 8008 5264 200
MOV 14656 4619 SHIELD
MOV 4782 7152 200
MOV 9786 -110 85
OUT 6490 4978 352 197 15 0 0
OUT 12851 4460 153 72 7 3 0
OUT 9503 4622 -419 372 150 0 1
OUT 7292 4970 353 -141 299 0 1
Round 97 of 121
tags: ENGINE_COOLDOWN
IN 6490 4978 352 197 15 0 0
IN 12851 4460 153 72 7 3 0
IN 9503 4622 -419 372 150 0 1
IN 7292 4970 353 -141 299 0 1
MOV 8488 5058 99
MOV 14664 5305 160
MOV 4043 7110 101
MOV 11679 877 198
OUT 6941 5179 383 170 2 0 0
OUT 13004 4532 130 61 25 2 0
OUT 8992 5036 -434 351 156 0 1
OUT 7790 4694 423 -234 317 0 1
Round 98 of 121
tags: ENGINE_COOLDOWN SHIELD
IN 6941 5179 383 170 2 0 0
IN 13004 4532 130 61 25 2 0
IN 8992 5036 -434 351 156 0 1
IN 7790 4694 423 -234 317 0 1
MOV 8864 4628 200
MOV 14534 5820 SHIELD
MOV 3024 5663 200
MOV 10915 -427 0
OUT 7517 5295 489 98 344 0 0
OUT 13134 4593 110 51 40 3 0
OUT 8359 5410 -537 317 174 0 1
OUT 8213 4460 359 -198 301 0 1
Round 99 of 121
tags: ENGINE_COOLDOWN ONLY_HIGH_IMPACT SHIELD SINGLE_COLLISION
IN 7517 5295 489 98 344 0 0
IN 13134 4593 110 51 40 3 0
IN 8359 5410 -537 317 174 0 1
IN 8213 4460 359 -198 301 0 1
MOV 9516 5365 SHIELD
MOV 14988 5342 SHIELD
MOV 2490 4162 SHIELD
MOV 11303 -683 0
OUT 7089 5247 -405 -47 2 3 0
OUT 13244 4644 93 43 22 3 0
OUT 8739 5873 365 400 192 3 1
OUT 8572 4262 305 -168 301 0 1
Round 100 of 121
tags: ENGINE_COOLDOWN
IN 7089 5247 -405 -47 2 3 0
IN 13244 4644 93 43 22 3 0
IN 8739 5873 365 400 192 3 1
IN 8572 4262 305 -168 301 0 1
MOV 9012 4696 200
MOV 14779 5927 0
MOV 2870 4625 189
MOV 9922 -1584 0
OUT 6684 5200 -344 -39 344 2 0
OUT 13337 4687 79 36 40 2 0
OUT 9104 6273 310 340 192 2 1
OUT 8877 4094 259 -142 283 0 1
Round 101 of 121
tags: ENGINE_COOLDOWN SHIELD
IN 6684 5200 -344 -39 344 2 0
IN 13337 4687 79 36 40 2 0
IN 9104 6273 310 340 192 2 1
IN 8877 4094 259 -142 283 0 1
MOV 8462 4284 200
MOV 14397 6383 200
MOV 3235 5025 200
MOV 8354 -1883 SHIELD
OUT 6340 5161 -292 -33 333 1 0
OUT 13416 4723 67 30 58 1 0
OUT 9414 6613 263 289 192 1 1
OUT 9136 3952 220 -120 265 3 1
Round 102 of 121
tags: ENGINE_COOLDOWN SHIELD
IN 6340 5161 -292 -33 333 1 0
IN 13416 4723 67 30 58 1 0
IN 9414 6613 263 289 192 1 1
IN 9136 3952 220 -120 265 3 1
MOV 8147 4305 200
MOV 13900 6664 200
MOV 3545 5365 200
MOV 7767 -1889 SHIELD
OUT 6048 5128 -248 -28 335 0 0
OUT 13483 4753 56 25 76 0 0
OUT 9677 6902 223 245 192 0 1
OUT 9356 3832 187 -102 257 3 1
Round 103 of 121
tags: ENGINE_COOLDOWN
IN 6048 5128 -248 -28 335 0 0
IN 13483 4753 56 25 76 0 0
IN 9677 6902 223 245 192 0 1
IN 9356 3832 187 -102 257 3 1
MOV 7860 4281 200
MOV 13343 6748 200
MOV 3984 5007 200
MOV 6266 -1311 0
OUT 5981 5015 -56 -95 335 0 0
OUT 13525 4978 36 190 94 0 0
OUT 9710 7084 28 154 198 0 1
OUT 9543 3730 158 -86 239 2 1
Round 104 of 121
tags: ENGINE_COOLDOWN
IN 5981 5015 -56 -95 335 0 0
IN 13525 4978 36 190 94 0 0
IN 9710 7084 28 154 198 0 1
IN 9543 3730 158 -86 239 2 1
MOV 7932 4576 200
MOV 12776 6832 200
MOV 4003 5229 171
MOV 5935 -1064 0
OUT 6120 4876 118 -118 347 0 0
OUT 13486 5354 -32 319 112 0 0
OUT 9575 7185 -114 85 198 0 1
OUT 9701 3644 134 -73 233 1 1
Round 105 of 121
tags: ENGINE_COOLDOWN
IN 6120 4876 118 -118 347 0 0
IN 13486 5354 -32 319 112 0 0
IN 9575 7185 -114 85 198 0 1
IN 9701 3644 134 -73 233 1 1
MOV 8112 4695 200
MOV 12200 6886 200
MOV 4720 3658 200
MOV 4786 202 0
OUT 6437 4740 269 -115 355 0 0
OUT 13326 5826 -136 401 130 0 0
OUT 9299 7152 -234 -27 216 0 1
OUT 9835 3571 113 -62 215 0 1
Round 106 of 121
tags: MOVE_ONLY
IN 6437 4740 269 -115 355 0 0
IN 13326 5826 -136 401 130 0 0
IN 9299 7152 -234 -27 216 0 1
IN 9835 3571 113 -62 215 0 1
MOV 8386 5190 200
MOV 11630 6886 200
MOV 3735 4905 51
MOV 4097 1816 0
OUT 6901 4669 394 -60 13 0 0
OUT 13021 6333 -259 431 148 0 0
OUT 9018 7106 -239 -39 202 0 1
OUT 9948 3509 96 -52 197 0 1
Round 107 of 121
tags: MOVE_ONLY
IN 6901 4669 394 -60 13 0 0
IN 13021 6333 -259 431 148 0 0
IN 9018 7106 -239 -39 202 0 1
IN 9948 3509 96 -52 197 0 1
MOV 8893 4495 107
MOV 11080 6817 200
MOV 3454 4858 200
MOV 3956 3193 131
OUT 7402 4600 425 -58 355 0 0
OUT 12568 6813 -385 407 166 0 0
OUT 8594 6992 -360 -96 202 0 1
OUT 9913 3450 -29 -50 183 0 1
Round 108 of 121
tags: MOVE_ONLY
IN 7402 4600 425 -58 355 0 0
IN 12568 6813 -385 407 166 0 0
IN 8594 6992 -360 -96 202 0 1
IN 9913 3450 -29 -50 183 0 1
MOV 9243 3819 200
MOV 10573 6673 200
MOV 3997 3135 110
MOV 4117 5002 200
OUT 8011 4464 517 -115 337 0 0
OUT 11983 7206 -496 334 184 0 0
OUT 8150 6825 -377 -141 220 0 1
OUT 9691 3452 -188 1 165 0 1
Round 109 of 121
tags: MOVE_ONLY
IN 8011 4464 517 -115 337 0 0
IN 11983 7206 -496 334 184 0 0
IN 8150 6825 -377 -141 220 0 1
IN 9691 3452 -188 1 165 0 1
MOV 9760 3493 200
MOV 10123 6471 200
MOV 4970 1736 200
MOV 4658 6719 198
OUT 8703 4252 588 -180 331 0 0
OUT 11301 7466 -579 221 202 0 0
OUT 7667 6514 -410 -264 238 0 1
OUT 9337 3561 -300 92 147 0 1
Round 110 of 121
tags: ONLY_HIGH_IMPACT SHIELD SINGLE_COLLISION
IN 8703 4252 588 -180 331 0 0
IN 11301 7466 -579 221 202 0 0
IN 7667 6514 -410 -264 238 0 1
IN 9337 3561 -300 92 147 0 1
MOV 10067 2789 200
MOV 9769 6180 50
MOV 6215 692 0
MOV 5560 8223 SHIELD
OUT 8510 5109 -291 893 313 0 0
OUT 10683 7655 -524 160 220 0 0
OUT 7257 6250 -348 -224 256 0 1
OUT 9129 3535 -164 -38 129 3 1
Round 111 of 121
tags: ENGINE_COOLDOWN
IN 8510 5109 -291 893 313 0 0
IN 10683 7655 -524 160 220 0 0
IN 7257 6250 -348 -224 256 0 1
IN 9129 3535 -164 -38 129 3 1
MOV 9825 3602 200
MOV 9097 6437 200
MOV 7675 264 29
MOV 6978 9136 200
OUT 8350 5851 -135 630 311 0 0
OUT 10000 7693 -580 32 218 0 0
OUT 6911 5997 -294 -214 274 0 1
OUT 8965 3497 -139 -32 111 2 1
Round 112 of 121
tags: ENGINE_COOLDOWN
IN 8350 5851 -135 630 311 0 0
IN 10000 7693 -580 32 218 0 0
IN 6911 5997 -294 -214 274 0 1
IN 8965 3497 -139 -32 111 2 1
MOV 9611 4298 200
MOV 8882 6035 200
MOV 9158 433 153
MOV 8650 9488 200
OUT 8341 6326 -7 403 309 0 0
OUT 9307 7560 -589 -112 236 0 0
OUT 6674 5641 -201 -302 292 0 1
OUT 8826 3465 -118 -27 93 1 1
Round 113 of 121
tags: ENGINE_COOLDOWN ONLY_HIGH_IMPACT SINGLE_COLLISION
IN 8341 6326 -7 403 309 0 0
IN 9307 7560 -589 -112 236 0 0
IN 6674 5641 -201 -302 292 0 1
IN 8826 3465 -118 -27 93 1 1
MOV 9247 4543 200
MOV 8756 5637 200
MOV 10530 1044 200
MOV 10378 9260 200
OUT 8404 6498 -163 -408 297 0 0
OUT 8682 7309 -314 341 254 0 0
OUT 6602 5186 -61 -386 310 0 1
OUT 8708 3438 -100 -22 75 0 1
Round 114 of 121
tags: MOVE_ONLY
IN 8404 6498 -163 -408 297 0 0
IN 8682 7309 -314 341 254 0 0
IN 6602 5186 -61 -386 310 0 1
IN 8708 3438 -100 -22 75 0 1
MOV 9818 5084 200
MOV 8752 5310 200
MOV 11690 2006 200
MOV 11975 8470 200
OUT 8382 5948 -18 -467 315 0 0
OUT 8373 7450 -262 119 272 0 0
OUT 6711 4694 92 -418 328 0 1
OUT 8717 3584 7 123 57 0 1
Round 115 of 121
tags: MOVE_ONLY
IN 8382 5948 -18 -467 315 0 0
IN 8373 7450 -262 119 272 0 0
IN 6711 4694 92 -418 328 0 1
IN 8717 3584 7 123 57 0 1
MOV 10164 5039 200
MOV 9057 5571 200
MOV 12532 3242 200
MOV 12799 7980 200
OUT 8542 5390 136 -474 333 0 0
OUT 8178 7380 -165 -59 290 0 0
OUT 6997 4228 243 -396 346 0 1
OUT 8860 3854 121 229 47 0 1
Round 116 of 121
tags: SHIELD
IN 8542 5390 136 -474 333 0 0
IN 8178 7380 -165 -59 290 0 0
IN 6997 4228 243 -396 346 0 1
IN 8860 3854 121 229 47 0 1
MOV 9956 3976 SHIELD
MOV 9409 5804 200
MOV 12995 4103 200
MOV 12951 8242 SHIELD
OUT 8678 4916 115 -402 315 3 0
OUT 8135 7162 -36 -184 308 0 0
OUT 7440 3828 376 -340 359 0 1
OUT 8981 4083 102 194 47 3 1
Round 117 of 121
tags: ENGINE_COOLDOWN ONLY_HIGH_IMPACT SHIELD SINGLE_COLLISION
IN 8678 4916 115 -402 315 3 0
IN 8135 7162 -36 -184 308 0 0
IN 7440 3828 376 -340 359 0 1
IN 8981 4083 102 194 47 3 1
MOV 9682 3186 200
MOV 9793 6044 200
MOV 13211 5466 200
MOV 13072 8471 SHIELD
OUT 8471 5308 -226 456 300 2 0
OUT 8264 6865 109 -252 326 0 0
OUT 8008 3543 483 -242 16 0 1
OUT 9115 4198 119 85 47 3 1
Round 118 of 121
tags: ENGINE_COOLDOWN ONLY_HIGH_IMPACT SINGLE_COLLISION
IN 8471 5308 -226 456 300 2 0
IN 8264 6865 109 -252 326 0 0
IN 8008 3543 483 -242 16 0 1
IN 9115 4198 119 85 47 3 1
MOV 9957 3970 200
MOV 9836 5628 200
MOV 13775 5196 200
MOV 12437 9194 20
OUT 8238 5744 -368 -107 318 1 0
OUT 8537 6509 402 175 322 0 0
OUT 8683 3356 573 -158 16 0 1
OUT 9234 4283 101 72 56 2 1
Round 119 of 121
tags: ENGINE_COOLDOWN
IN 8238 5744 -368 -107 318 1 0
IN 8537 6509 402 175 322 0 0
IN 8683 3356 573 -158 16 0 1
IN 9234 4283 101 72 56 2 1
MOV 10065 4931 200
MOV 10254 5483 200
MOV 13657 6710 166
MOV 13961 7977 186
OUT 7870 5637 -312 -90 336 0 0
OUT 9111 6581 487 61 329 0 0
OUT 9394 3291 604 -55 34 0 1
OUT 9335 4355 85 61 38 1 1
Round 120 of 121
tags: ENGINE_COOLDOWN SHIELD
IN 7870 5637 -312 -90 336 0 0
IN 9111 6581 487 61 329 0 0
IN 9394 3291 604 -55 34 0 1
IN 9335 4355 85 61 38 1 1
MOV 9356 4299 200
MOV 10547 5189 200
MOV 13180 7944 SHIELD
MOV 14586 7256 188
OUT 7707 5413 -138 -190 318 0 0
OUT 9742 6503 536 -66 316 0 0
OUT 9998 3236 513 -46 51 3 1
OUT 9420 4416 72 51 29 0 1
Round 121 of 121
tags: ENGINE_COOLDOWN
IN 7707 5413 -138 -190 318 0 0
IN 9742 6503 536 -66 316 0 0
IN 9998 3236 513 -46 51 3 1
IN 9420 4416 72 51 29 0 1
MOV 9534 4600 200
MOV 11540 5626 99
MOV 13009 8425 107
MOV 13512 8803 0
OUT 7752 5142 38 -230 336 0 0
OUT 10367 6393 531 -93 334 0 0
OUT 10511 3190 436 -39 60 2 1
OUT 9492 4467 61 43 47 0 1
