Replay between sethorizer and Magus
where Magus wins!
Round 1 of 133
tags: BOOST
IN 5101 4756 0 0 12 0 0
IN 4977 5748 0 0 2 0 0
IN 5224 3763 0 0 20 0 0
IN 4854 6741 0 0 354 0 0
MOV 7057 5171 200
MOV 6975 5831 200
MOV 11478 6051 BOOST
MOV 11478 6051 BOOST
OUT 5297 4798 166 35 12 0 0
OUT 5177 5756 169 7 2 0 0
OUT 5834 3986 518 189 20 0 1
OUT 5501 6674 549 -57 354 0 1
Round 2 of 133
tags: MOVE_ONLY
IN 5297 4798 166 35 12 0 0
IN 5177 5756 169 7 2 0 0
IN 5834 3986 518 189 20 0 1
IN 5501 6674 549 -57 354 0 1
MOV 7293 4673 200
MOV 7161 5501 200
MOV 13704 10156 100
MOV 14640 2615 200
OUT 5663 4820 310 19 356 0 0
OUT 5544 5738 312 -15 353 0 0
OUT 6431 4237 507 213 38 0 1
OUT 6233 6536 622 -117 336 0 1
Round 3 of 133
tags: MOVE_ONLY
IN 5663 4820 310 19 356 0 0
IN 5544 5738 312 -15 353 0 0
IN 6431 4237 507 213 38 0 1
IN 6233 6536 622 -117 336 0 1
MOV 7633 4475 200
MOV 7543 5668 200
MOV 12009 12537 0
MOV 16179 5500 0
OUT 6170 4804 430 -13 350 0 0
OUT 6056 5716 435 -18 358 0 0
OUT 6938 4450 430 181 56 0 1
OUT 6855 6419 528 -99 354 0 1
Round 4 of 133
tags: HAS_LOW_IMPACT SINGLE_COLLISION
IN 6170 4804 430 -13 350 0 0
IN 6056 5716 435 -18 358 0 0
IN 6938 4450 430 181 56 0 1
IN 6855 6419 528 -99 354 0 1
MOV 8151 5082 200
MOV 7979 6267 200
MOV 11149 13520 200
MOV 16517 3840 100
OUT 6620 4888 346 84 8 0 0
OUT 6683 5753 533 31 16 0 0
OUT 7630 4744 623 235 65 0 1
OUT 7480 6294 530 -106 345 0 1
Round 5 of 133
tags: HAS_LOW_IMPACT MULTI_COLLISION
IN 6620 4888 346 84 8 0 0
IN 6683 5753 533 31 16 0 0
IN 7630 4744 623 235 65 0 1
IN 7480 6294 530 -106 345 0 1
MOV 8514 5529 200
MOV 8668 5994 200
MOV 14438 12069 0
MOV 17142 3715 0
OUT 7142 4980 408 -69 19 0 0
OUT 7350 5813 485 122 7 0 0
OUT 8253 4979 529 199 47 0 1
OUT 8088 6239 633 29 345 0 1
Round 6 of 133
tags: HAS_LOW_IMPACT SINGLE_COLLISION
IN 7142 4980 408 -69 19 0 0
IN 7350 5813 485 122 7 0 0
IN 8253 4979 529 199 47 0 1
IN 8088 6239 633 29 345 0 1
MOV 8739 6184 200
MOV 9313 5431 200
MOV 12464 14049 0
MOV 16480 800 0
OUT 7710 5031 483 42 37 0 0
OUT 7998 5879 464 8 349 0 0
OUT 8782 5178 449 169 65 0 1
OUT 8754 6286 653 87 327 0 1
Round 7 of 133
tags: MULTI_COLLISION ONLY_HIGH_IMPACT SHIELD
IN 7710 5031 483 42 37 0 0
IN 7998 5879 464 8 349 0 0
IN 8782 5178 449 169 65 0 1
IN 8754 6286 653 87 327 0 1
MOV 8857 6669 200
MOV 9774 4959 200
MOV 15590 12503 SHIELD
MOV 17893 2227 0
OUT 8249 5091 427 -23 55 0 0
OUT 8695 5945 410 365 333 0 0
OUT 9231 5347 403 119 47 3 1
OUT 9407 6373 555 73 336 0 1
Round 8 of 133
tags: ENGINE_COOLDOWN HAS_LOW_IMPACT SINGLE_COLLISION
IN 8249 5091 427 -23 55 0 0
IN 8695 5945 410 365 333 0 0
IN 9231 5347 403 119 47 3 1
IN 9407 6373 555 73 336 0 1
MOV 9846 6295 200
MOV 10109 4531 200
MOV 13442 14417 100
MOV 16845 -311 0
OUT 8836 5188 498 82 37 0 0
OUT 9179 6250 399 273 315 0 0
OUT 9701 5385 411 17 65 2 1
OUT 9962 6446 471 62 318 0 1
Round 9 of 133
tags: ENGINE_COOLDOWN HAS_LOW_IMPACT MULTI_COLLISION
IN 8836 5188 498 82 37 0 0
IN 9179 6250 399 273 315 0 0
IN 9701 5385 411 17 65 2 1
IN 9962 6446 471 62 318 0 1
MOV 10545 6228 200
MOV 10113 4481 200
MOV 10903 15312 100
MOV 14970 -2210 0
OUT 9310 5338 330 114 31 0 0
OUT 9573 6322 307 54 298 0 0
OUT 10307 5438 586 58 83 1 1
OUT 10531 6532 511 79 300 0 1
Round 10 of 133
tags: ENGINE_COOLDOWN ONLY_HIGH_IMPACT SINGLE_COLLISION
IN 9310 5338 330 114 31 0 0
IN 9573 6322 307 54 298 0 0
IN 10307 5438 586 58 83 1 1
IN 10531 6532 511 79 300 0 1
MOV 11188 6026 200
MOV 9920 4352 200
MOV 8383 15251 0
MOV 12619 -3248 100
OUT 9801 5386 381 -139 20 0 0
OUT 9941 6314 348 173 280 0 0
OUT 10893 5496 498 49 101 0 1
OUT 11063 6513 452 -15 282 0 1
Round 11 of 133
tags: ONLY_HIGH_IMPACT SINGLE_COLLISION
IN 9801 5386 381 -139 20 0 0
IN 9941 6314 348 173 280 0 0
IN 10893 5496 498 49 101 0 1
IN 11063 6513 452 -15 282 0 1
MOV 11763 5772 178
MOV 10601 4426 200
MOV 6030 14234 0
MOV 11596 -3473 200
OUT 10357 5281 472 -88 11 0 0
OUT 10355 6298 351 -13 289 0 0
OUT 11385 5511 383 -180 119 0 1
OUT 11532 6333 432 40 273 0 1
Round 12 of 133
tags: HAS_LOW_IMPACT MULTI_COLLISION
IN 10357 5281 472 -88 11 0 0
IN 10355 6298 351 -13 289 0 0
IN 11385 5511 383 -180 119 0 1
IN 11532 6333 432 40 273 0 1
MOV 12106 6251 200
MOV 10390 4298 96
MOV 4060 12319 100
MOV 8953 -3329 200
OUT 10905 5272 254 -46 29 0 0
OUT 10708 6189 300 -92 271 0 0
OUT 11786 5381 522 -207 137 0 1
OUT 11920 6216 359 36 255 0 1
Round 13 of 133
tags: HAS_LOW_IMPACT SINGLE_COLLISION
IN 10905 5272 254 -46 29 0 0
IN 10708 6189 300 -92 271 0 0
IN 11786 5381 522 -207 137 0 1
IN 11920 6216 359 36 255 0 1
MOV 12681 6192 200
MOV 10123 4276 200
MOV 2716 9592 100
MOV 12453 -3770 200
OUT 11378 5214 441 -148 27 0 0
OUT 10909 6010 130 -53 253 0 0
OUT 12217 5216 366 -140 155 0 1
OUT 12290 6052 314 -139 273 0 1
Round 14 of 133
tags: HAS_LOW_IMPACT MULTI_COLLISION
IN 11378 5214 441 -148 27 0 0
IN 10909 6010 130 -53 253 0 0
IN 12217 5216 366 -140 155 0 1
IN 12290 6052 314 -139 273 0 1
MOV 13295 5786 200
MOV 10188 4144 200
MOV 2290 6418 100
MOV 11254 -3894 200
OUT 11684 5124 226 -76 17 0 0
OUT 10967 5770 49 -203 249 0 0
OUT 12798 4895 524 -309 173 0 1
OUT 12596 5907 262 -87 264 0 1
Round 15 of 133
tags: MOVE_ONLY
IN 11684 5124 226 -76 17 0 0
IN 10967 5770 49 -203 249 0 0
IN 12798 4895 524 -309 173 0 1
IN 12596 5907 262 -87 264 0 1
MOV 13684 5126 200
MOV 9922 4065 200
MOV 2985 2971 200
MOV 8537 -3232 100
OUT 12110 5048 362 -64 0 0 0
OUT 10911 5396 -47 -317 238 0 0
OUT 13126 4548 278 -295 191 0 1
OUT 12817 5729 188 -151 246 0 1
Round 16 of 133
tags: HAS_LOW_IMPACT SINGLE_COLLISION
IN 12110 5048 362 -64 0 0 0
IN 10911 5396 -47 -317 238 0 0
IN 13126 4548 278 -295 191 0 1
IN 12817 5729 188 -151 246 0 1
MOV 14012 4430 200
MOV 10425 3456 200
MOV 4388 -315 200
MOV 6133 -1709 0
OUT 12625 4867 358 -270 342 0 0
OUT 10815 4885 -81 -434 256 0 0
OUT 13229 4156 87 -333 209 0 1
OUT 13043 5634 270 35 228 0 1
Round 17 of 133
tags: HAS_LOW_IMPACT SINGLE_COLLISION
IN 12625 4867 358 -270 342 0 0
IN 10815 4885 -81 -434 256 0 0
IN 13229 4156 87 -333 209 0 1
IN 13043 5634 270 35 228 0 1
MOV 14243 3691 200
MOV 9755 3189 183
MOV 4491 -707 200
MOV 4387 626 200
OUT 13095 4591 364 -155 324 0 0
OUT 10637 4296 -151 -500 238 0 0
OUT 13191 3615 3 -539 209 0 1
OUT 13140 5569 82 -55 210 0 1
Round 18 of 133
tags: SHIELD
IN 13095 4591 364 -155 324 0 0
IN 10637 4296 -151 -500 238 0 0
IN 13191 3615 3 -539 209 0 1
IN 13140 5569 82 -55 210 0 1
MOV 14271 2973 SHIELD
MOV 9105 3010 130
MOV 3378 1691 200
MOV 3360 3481 200
OUT 13459 4436 309 -131 306 3 0
OUT 10386 3712 -212 -496 220 0 0
OUT 12998 3038 -164 -490 191 0 1
OUT 13026 5472 -96 -82 192 0 1
Round 19 of 133
tags: ENGINE_COOLDOWN
IN 13459 4436 309 -131 306 3 0
IN 10386 3712 -212 -496 220 0 0
IN 12998 3038 -164 -490 191 0 1
IN 13026 5472 -96 -82 192 0 1
MOV 14105 2543 0
MOV 8532 2963 186
MOV 3071 4240 200
MOV 3040 4939 200
OUT 13768 4305 262 -111 289 2 0
OUT 10002 3146 -326 -480 202 0 0
OUT 12635 2572 -308 -396 173 0 1
OUT 12730 5379 -251 -78 183 0 1
Round 20 of 133
tags: ENGINE_COOLDOWN
IN 13768 4305 262 -111 289 2 0
IN 10002 3146 -326 -480 202 0 0
IN 12635 2572 -308 -396 173 0 1
IN 12730 5379 -251 -78 183 0 1
MOV 13803 2305 172
MOV 8007 3006 200
MOV 3565 6783 200
MOV 2744 4846 200
OUT 14030 4194 222 -94 271 1 0
OUT 9476 2652 -446 -419 184 0 0
OUT 12146 2260 -415 -265 155 0 1
OUT 12279 5290 -383 -75 183 0 1
Round 21 of 133
tags: ENGINE_COOLDOWN
IN 14030 4194 222 -94 271 1 0
IN 9476 2652 -446 -419 184 0 0
IN 12146 2260 -415 -265 155 0 1
IN 12279 5290 -383 -75 183 0 1
MOV 13445 2281 200
MOV 7533 3127 200
MOV 3076 6471 200
MOV 2333 6326 200
OUT 14252 4100 188 -79 253 0 0
OUT 8836 2280 -544 -315 166 0 0
OUT 11550 2079 -506 -153 155 0 1
OUT 11697 5236 -494 -46 174 0 1
Round 22 of 133
tags: MOVE_ONLY
IN 14252 4100 188 -79 253 0 0
IN 8836 2280 -544 -315 166 0 0
IN 11550 2079 -506 -153 155 0 1
IN 11697 5236 -494 -46 174 0 1
MOV 13105 2462 200
MOV 7140 3340 200
MOV 2480 6290 200
MOV 1711 4703 200
OUT 14325 3857 62 -206 235 0 0
OUT 8122 2070 -606 -178 148 0 0
OUT 10863 2010 -584 -58 155 0 1
OUT 11003 5179 -589 -48 183 0 1
Round 23 of 133
tags: MOVE_ONLY
IN 14325 3857 62 -206 235 0 0
IN 8122 2070 -606 -178 148 0 0
IN 10863 2010 -584 -58 155 0 1
IN 11003 5179 -589 -48 183 0 1
MOV 12728 2653 200
MOV 6825 3593 195
MOV 3538 8818 200
MOV 1223 3091 200
OUT 14227 3531 -83 -277 217 0 0
OUT 7390 2040 -622 -25 130 0 0
OUT 10133 2088 -620 66 137 0 1
OUT 10218 5089 -666 -76 192 0 1
Round 24 of 133
tags: MOVE_ONLY
IN 14227 3531 -83 -277 217 0 0
IN 7390 2040 -622 -25 130 0 0
IN 10133 2088 -620 66 137 0 1
IN 10218 5089 -666 -76 192 0 1
MOV 12336 2880 200
MOV 6638 3893 200
MOV 2808 8896 200
MOV 232 4556 200
OUT 13955 3189 -231 -290 199 0 0
OUT 6692 2200 -593 135 112 0 0
OUT 9367 2290 -651 171 137 0 1
OUT 9352 5002 -735 -73 183 0 1
Round 25 of 133
tags: MOVE_ONLY
IN 13955 3189 -231 -290 199 0 0
IN 6692 2200 -593 135 112 0 0
IN 9367 2290 -651 171 137 0 1
IN 9352 5002 -735 -73 183 0 1
MOV 11955 3154 200
MOV 6552 4195 200
MOV 2042 9098 200
MOV -634 4469 200
OUT 13524 2895 -366 -249 181 0 0
OUT 6084 2534 -517 284 94 0 0
OUT 8570 2597 -677 261 137 0 1
OUT 8417 4918 -794 -71 183 0 1
Round 26 of 133
tags: MOVE_ONLY
IN 13524 2895 -366 -249 181 0 0
IN 6084 2534 -517 284 94 0 0
IN 8570 2597 -677 261 137 0 1
IN 8417 4918 -794 -71 183 0 1
MOV 11577 3351 200
MOV 6568 4475 82
MOV 2400 10467 200
MOV -1569 4385 200
OUT 12963 2692 -476 -172 167 0 0
OUT 5586 2898 -423 309 76 0 0
OUT 7770 3015 -680 355 128 0 1
OUT 7423 4836 -844 -69 183 0 1
Round 27 of 133
tags: MOVE_ONLY
IN 12963 2692 -476 -172 167 0 0
IN 5586 2898 -423 309 76 0 0
IN 7770 3015 -680 355 128 0 1
IN 7423 4836 -844 -69 183 0 1
MOV 11249 3722 200
MOV 6515 4669 137
MOV 1600 10885 100
MOV -2357 2748 100
OUT 12316 2623 -550 -58 149 0 0
OUT 5227 3328 -305 365 62 0 0
OUT 7028 3449 -630 368 128 0 1
OUT 6481 4746 -800 -76 192 0 1
Round 28 of 133
tags: MOVE_ONLY
IN 12316 2623 -550 -58 149 0 0
IN 5227 3328 -305 365 62 0 0
IN 7028 3449 -630 368 128 0 1
IN 6481 4746 -800 -76 192 0 1
MOV 11004 4132 193
MOV 6615 4768 144
MOV 858 11319 200
MOV -2175 -262 100
OUT 11639 2711 -575 74 131 0 0
OUT 5022 3797 -174 398 46 0 0
OUT 6275 3974 -640 446 128 0 1
OUT 5594 4620 -753 -107 210 0 1
Round 29 of 133
tags: MULTI_COLLISION ONLY_HIGH_IMPACT SHIELD
IN 11639 2711 -575 74 131 0 0
IN 5022 3797 -174 398 46 0 0
IN 6275 3974 -640 446 128 0 1
IN 5594 4620 -753 -107 210 0 1
MOV 10858 4552 39
MOV 6778 4754 200
MOV 2839 13365 200
MOV -4186 2532 SHIELD
OUT 11049 2821 -501 93 113 0 0
OUT 4379 3192 -702 -779 29 0 0
OUT 5918 4397 -149 267 110 0 1
OUT 4870 4644 -614 56 192 3 1
Round 30 of 133
tags: ENGINE_COOLDOWN
IN 11049 2821 -501 93 113 0 0
IN 4379 3192 -702 -779 29 0 0
IN 5918 4397 -149 267 110 0 1
IN 4870 4644 -614 56 192 3 1
MOV 10471 4736 200
MOV 5757 4641 200
MOV 5552 14390 200
MOV -3786 -364 0
OUT 10490 3105 -474 241 107 0 0
OUT 3815 2558 -479 -538 46 0 0
OUT 5762 4864 -132 396 92 0 1
OUT 4256 4700 -521 47 210 2 1
Round 31 of 133
tags: ENGINE_COOLDOWN
IN 10490 3105 -474 241 107 0 0
IN 3815 2558 -479 -538 46 0 0
IN 5762 4864 -132 396 92 0 1
IN 4256 4700 -521 47 210 2 1
MOV 9401 4782 200
MOV 5361 3827 200
MOV 8502 14481 0
MOV -2428 -2738 0
OUT 9907 3514 -495 347 123 0 0
OUT 3491 2147 -275 -349 39 0 0
OUT 5630 5260 -112 336 74 0 1
OUT 3735 4747 -442 39 228 1 1
Round 32 of 133
tags: ENGINE_COOLDOWN
IN 9907 3514 -495 347 123 0 0
IN 3491 2147 -275 -349 39 0 0
IN 5630 5260 -112 336 74 0 1
IN 3735 4747 -442 39 228 1 1
MOV 9389 5446 200
MOV 4580 3824 200
MOV 11208 13560 200
MOV -324 -4392 0
OUT 9360 4054 -464 459 105 0 0
OUT 3325 1966 -141 -154 57 0 0
OUT 5630 5762 0 426 56 0 1
OUT 3293 4786 -375 33 246 0 1
Round 33 of 133
tags: MOVE_ONLY
IN 9360 4054 -464 459 105 0 0
IN 3325 1966 -141 -154 57 0 0
IN 5630 5762 0 426 56 0 1
IN 3293 4786 -375 33 246 0 1
MOV 9465 6051 200
MOV 4385 3662 200
MOV 13500 11932 200
MOV 2257 -5160 0
OUT 8906 4713 -385 559 87 0 0
OUT 3290 1982 -29 13 58 0 0
OUT 5787 6311 133 466 38 0 1
OUT 2918 4819 -318 28 264 0 1
Round 34 of 133
tags: MOVE_ONLY
IN 8906 4713 -385 559 87 0 0
IN 3290 1982 -29 13 58 0 0
IN 5787 6311 133 466 38 0 1
IN 2918 4819 -318 28 264 0 1
MOV 9103 6703 200
MOV 4313 3701 200
MOV 12595 13636 200
MOV 5006 -4961 0
OUT 8541 5471 -310 644 84 0 0
OUT 3363 2167 62 157 59 0 0
OUT 6056 6923 228 520 47 0 1
OUT 2600 4847 -270 23 282 0 1
Round 35 of 133
tags: MOVE_ONLY
IN 8541 5471 -310 644 84 0 0
IN 3363 2167 62 157 59 0 0
IN 6056 6923 228 520 47 0 1
IN 2600 4847 -270 23 282 0 1
MOV 9039 7408 200
MOV 4534 3789 200
MOV 14794 11786 200
MOV 7608 -3809 200
OUT 8281 6309 -221 712 76 0 0
OUT 3542 2486 152 271 54 0 0
OUT 6459 7540 342 524 29 0 1
OUT 2430 4697 -144 -127 300 0 1
Round 36 of 133
tags: MOVE_ONLY
IN 8281 6309 -221 712 76 0 0
IN 3542 2486 152 271 54 0 0
IN 6459 7540 342 524 29 0 1
IN 2430 4697 -144 -127 300 0 1
MOV 8981 8183 200
MOV 4278 4346 200
MOV 16272 9464 200
MOV 9868 -1987 200
OUT 8130 7208 -128 764 70 0 0
OUT 3768 2943 191 388 68 0 0
OUT 6997 8102 457 478 11 0 1
OUT 2435 4436 4 -221 318 0 1
Round 37 of 133
tags: ONLY_HIGH_IMPACT SINGLE_COLLISION
IN 8130 7208 -128 764 70 0 0
IN 3768 2943 191 388 68 0 0
IN 6997 8102 457 478 11 0 1
IN 2435 4436 4 -221 318 0 1
MOV 8200 9207 200
MOV 4970 4542 200
MOV 16924 6900 100
MOV 11574 377 200
OUT 8160 8047 445 363 88 0 0
OUT 4079 3491 264 465 53 0 0
OUT 7403 8693 -74 851 353 0 1
OUT 2622 4134 158 -256 336 0 1
Round 38 of 133
tags: MOVE_ONLY
IN 8160 8047 445 363 88 0 0
IN 4079 3491 264 465 53 0 0
IN 7403 8693 -74 851 353 0 1
IN 2622 4134 158 -256 336 0 1
MOV 8531 10012 69
MOV 5559 4836 200
MOV 16473 4482 200
MOV 12568 3098 200
OUT 8618 8478 389 366 79 0 0
OUT 4491 4091 350 509 42 0 0
OUT 7510 9460 91 651 335 0 1
OUT 2979 3857 303 -235 354 0 1
Round 39 of 133
tags: MOVE_ONLY
IN 8618 8478 389 366 79 0 0
IN 4491 4091 350 509 42 0 0
IN 7510 9460 91 651 335 0 1
IN 2979 3857 303 -235 354 0 1
MOV 8374 10463 200
MOV 6318 4904 200
MOV 17127 6720 200
MOV 12759 5945 200
OUT 8983 9043 309 479 97 0 0
OUT 5023 4682 452 502 24 0 0
OUT 7793 10056 240 506 344 0 1
OUT 3478 3664 423 -164 12 0 1
Round 40 of 133
tags: MOVE_ONLY
IN 8983 9043 309 479 97 0 0
IN 5023 4682 452 502 24 0 0
IN 7793 10056 240 506 344 0 1
IN 3478 3664 423 -164 12 0 1
MOV 8145 10859 200
MOV 7012 4891 200
MOV 16093 4478 0
MOV 12810 7256 200
OUT 9208 9704 191 561 115 0 0
OUT 5674 5206 553 445 6 0 0
OUT 8033 10562 204 430 326 0 1
OUT 4088 3572 518 -78 21 0 1
Round 41 of 133
tags: MOVE_ONLY
IN 9208 9704 191 561 115 0 0
IN 5674 5206 553 445 6 0 0
IN 8033 10562 204 430 326 0 1
IN 4088 3572 518 -78 21 0 1
MOV 7844 11167 200
MOV 7630 4790 200
MOV 14203 2692 200
MOV 14074 4105 200
OUT 9263 10412 46 601 133 0 0
OUT 6423 5610 636 343 348 0 0
OUT 8360 10835 278 231 308 0 1
OUT 4806 3505 610 -57 3 0 1
Round 42 of 133
tags: ONLY_HIGH_IMPACT SINGLE_COLLISION
IN 9263 10412 46 601 133 0 0
IN 6423 5610 636 343 348 0 0
IN 8360 10835 278 231 308 0 1
IN 4806 3505 610 -57 3 0 1
MOV 7514 11382 200
MOV 8417 5461 200
MOV 11796 1444 200
MOV 14468 926 0
OUT 9573 10977 415 433 151 0 0
OUT 7258 5938 710 278 356 0 0
OUT 8268 11012 -230 196 290 0 1
OUT 5416 3448 518 -48 345 0 1
Round 43 of 133
tags: SHIELD
IN 9573 10977 415 433 151 0 0
IN 7258 5938 710 278 356 0 0
IN 8268 11012 -230 196 290 0 1
IN 5416 3448 518 -48 345 0 1
MOV 7840 11975 SHIELD
MOV 9129 5230 200
MOV 14438 3142 200
MOV 15078 869 100
OUT 9988 11410 352 368 150 3 0
OUT 8155 6145 762 176 339 0 0
OUT 8161 11051 -90 32 308 0 1
OUT 6031 3374 522 -62 345 0 1
Round 44 of 133
tags: ENGINE_COOLDOWN
IN 9988 11410 352 368 150 3 0
IN 8155 6145 762 176 339 0 0
IN 8161 11051 -90 32 308 0 1
IN 6031 3374 522 -62 345 0 1
MOV 8117 12116 200
MOV 9737 4922 64
MOV 13024 2313 200
MOV 14423 -2065 200
OUT 10340 11778 299 312 159 2 0
OUT 8968 6282 690 116 322 0 0
OUT 8168 10908 6 -121 299 0 1
OUT 6721 3203 586 -145 327 0 1
Round 45 of 133
tags: ENGINE_COOLDOWN SHIELD
IN 10340 11778 299 312 159 2 0
IN 8968 6282 690 116 322 0 0
IN 8168 10908 6 -121 299 0 1
IN 6721 3203 586 -145 327 0 1
MOV 8343 11883 SHIELD
MOV 10086 4624 200
MOV 14338 3038 200
MOV 13021 -4563 0
OUT 10639 12090 254 265 177 3 0
OUT 9771 6233 682 -41 304 0 0
OUT 8297 10630 109 -236 308 0 1
OUT 7307 3058 498 -123 309 0 1
Round 46 of 133
tags: ENGINE_COOLDOWN
IN 10639 12090 254 265 177 3 0
IN 9771 6233 682 -41 304 0 0
IN 8297 10630 109 -236 308 0 1
IN 7307 3058 498 -123 309 0 1
MOV 8707 11572 200
MOV 10322 4310 200
MOV 14467 2760 200
MOV 12315 -5598 0
OUT 10893 12355 215 225 195 2 0
OUT 10509 6000 627 -198 286 0 0
OUT 8529 10237 197 -334 308 0 1
OUT 7805 2935 423 -104 300 0 1
Round 47 of 133
tags: ENGINE_COOLDOWN
IN 10893 12355 215 225 195 2 0
IN 10509 6000 627 -198 286 0 0
IN 8529 10237 197 -334 308 0 1
IN 7805 2935 423 -104 300 0 1
MOV 9216 11266 200
MOV 10439 4001 200
MOV 13392 1499 200
MOV 9893 -6845 0
OUT 11108 12580 182 191 213 1 0
OUT 11130 5602 527 -338 268 0 0
OUT 8823 9728 250 -432 299 0 1
OUT 8228 2831 359 -88 282 0 1
Round 48 of 133
tags: ENGINE_COOLDOWN
IN 11108 12580 182 191 213 1 0
IN 11130 5602 527 -338 268 0 0
IN 8823 9728 250 -432 299 0 1
IN 8228 2831 359 -88 282 0 1
MOV 9849 11026 200
MOV 10446 3723 200
MOV 13686 990 200
MOV 7192 -7115 200
OUT 11290 12771 154 162 231 0 0
OUT 11590 5076 390 -447 250 0 0
OUT 9170 9121 295 -515 299 0 1
OUT 8566 2544 287 -243 264 0 1
Round 49 of 133
tags: MOVE_ONLY
IN 11290 12771 154 162 231 0 0
IN 11590 5076 390 -447 250 0 0
IN 9170 9121 295 -515 299 0 1
IN 8566 2544 287 -243 264 0 1
MOV 10573 10904 200
MOV 10359 3500 200
MOV 14033 383 200
MOV 10654 -7236 0
OUT 11372 12746 69 -20 249 0 0
OUT 11858 4471 227 -514 232 0 0
OUT 9562 8431 333 -586 299 0 1
OUT 8853 2301 243 -206 282 0 1
Round 50 of 133
tags: MOVE_ONLY
IN 11372 12746 69 -20 249 0 0
IN 11858 4471 227 -514 232 0 0
IN 9562 8431 333 -586 299 0 1
IN 8853 2301 243 -206 282 0 1
MOV 10670 10873 200
MOV 10200 3353 200
MOV 14425 -307 200
MOV 13861 -6355 0
OUT 11371 12539 -1 -176 249 0 0
OUT 11920 3844 52 -532 214 0 0
OUT 9992 7670 365 -646 299 0 1
OUT 9096 2095 206 -175 300 0 1
Round 51 of 133
tags: MOVE_ONLY
IN 11371 12539 -1 -176 249 0 0
IN 11920 3844 52 -532 214 0 0
IN 9992 7670 365 -646 299 0 1
IN 9096 2095 206 -175 300 0 1
MOV 11043 10566 200
MOV 9997 3293 200
MOV 13428 -1721 0
MOV 16534 -4589 0
OUT 11337 12166 -28 -317 261 0 0
OUT 11780 3256 -118 -499 196 0 0
OUT 10357 7024 310 -549 290 0 1
OUT 9302 1920 175 -148 318 0 1
Round 52 of 133
tags: MOVE_ONLY
IN 11337 12166 -28 -317 261 0 0
IN 11780 3256 -118 -499 196 0 0
IN 10357 7024 310 -549 290 0 1
IN 9302 1920 175 -148 318 0 1
MOV 11021 10191 200
MOV 9781 3326 200
MOV 13793 -2367 0
MOV 18441 -2139 0
OUT 11277 11652 -50 -437 261 0 0
OUT 11462 2763 -270 -419 178 0 0
OUT 10667 6475 263 -466 290 0 1
OUT 9477 1772 148 -125 336 0 1
Round 53 of 133
tags: MOVE_ONLY
IN 11277 11652 -50 -437 261 0 0
IN 11462 2763 -270 -419 178 0 0
IN 10667 6475 263 -466 290 0 1
IN 9477 1772 148 -125 336 0 1
MOV 11018 9669 200
MOV 9583 3447 200
MOV 11033 -3518 200
MOV 19423 736 0
OUT 11201 11017 -64 -540 263 0 0
OUT 11004 2411 -389 -298 160 0 0
OUT 10937 5809 229 -565 272 0 1
OUT 9625 1647 125 -106 354 0 1
Round 54 of 133
tags: MOVE_ONLY
IN 11201 11017 -64 -540 263 0 0
IN 11004 2411 -389 -298 160 0 0
IN 10937 5809 229 -565 272 0 1
IN 9625 1647 125 -106 354 0 1
MOV 10667 9090 200
MOV 9006 2498 200
MOV 9735 -4118 0
MOV 19611 2180 100
OUT 11084 10284 -99 -622 255 0 0
OUT 10415 2122 -500 -245 178 0 0
OUT 11166 5244 194 -480 263 0 1
OUT 9850 1546 191 -85 3 0 1
Round 55 of 133
tags: ONLY_HIGH_IMPACT SINGLE_COLLISION
IN 11084 10284 -99 -622 255 0 0
IN 10415 2122 -500 -245 178 0 0
IN 11166 5244 194 -480 263 0 1
IN 9850 1546 191 -85 3 0 1
MOV 11189 8287 200
MOV 8492 1571 86
MOV 8426 -4373 200
MOV 19630 3634 100
OUT 10994 9462 -76 -698 273 0 0
OUT 10352 2390 -49 231 196 0 0
OUT 11305 4572 118 -571 254 0 1
OUT 9619 946 -200 -514 12 0 1
Round 56 of 133
tags: MOVE_ONLY
IN 10994 9462 -76 -698 273 0 0
IN 10352 2390 -49 231 196 0 0
IN 11305 4572 118 -571 254 0 1
IN 9619 946 -200 -514 12 0 1
MOV 10483 7528 200
MOV 8694 1272 200
MOV 5727 -3728 200
MOV 18951 4538 200
OUT 10867 8571 -108 -757 255 0 0
OUT 10136 2511 -183 102 214 0 0
OUT 11311 3835 5 -626 236 0 1
OUT 9606 504 -11 -375 21 0 1
Round 57 of 133
tags: MOVE_ONLY
IN 10867 8571 -108 -757 255 0 0
IN 10136 2511 -183 102 214 0 0
IN 11311 3835 5 -626 236 0 1
IN 9606 504 -11 -375 21 0 1
MOV 9778 6894 200
MOV 8639 1185 200
MOV 5733 -4465 200
MOV 17372 6804 200
OUT 10651 7646 -183 -786 237 0 0
OUT 9803 2480 -282 -26 222 0 0
OUT 11204 3043 -90 -673 236 0 1
OUT 9750 255 122 -211 39 0 1
Round 58 of 133
tags: MOVE_ONLY
IN 10651 7646 -183 -786 237 0 0
IN 9803 2480 -282 -26 222 0 0
IN 11204 3043 -90 -673 236 0 1
IN 9750 255 122 -211 39 0 1
MOV 10133 5714 200
MOV 7976 1667 188
MOV 3334 -3127 200
MOV 15189 8647 200
OUT 10416 6667 -199 -832 255 0 0
OUT 9349 2378 -385 -87 204 0 0
OUT 10957 2247 -210 -676 218 0 1
OUT 9981 212 196 -36 57 0 1
Round 59 of 133
tags: MOVE_ONLY
IN 10416 6667 -199 -832 255 0 0
IN 9349 2378 -385 -87 204 0 0
IN 10957 2247 -210 -676 218 0 1
IN 9981 212 196 -36 57 0 1
MOV 9327 4990 200
MOV 7360 2169 122
MOV 1566 -1189 200
MOV 14040 9351 200
OUT 10108 5667 -261 -849 237 0 0
OUT 8843 2278 -430 -84 186 0 0
OUT 10559 1502 -338 -633 200 0 1
OUT 10258 359 235 124 66 0 1
Round 60 of 133
tags: ONLY_HIGH_IMPACT SINGLE_COLLISION
IN 10108 5667 -261 -849 237 0 0
IN 8843 2278 -430 -84 186 0 0
IN 10559 1502 -338 -633 200 0 1
IN 10258 359 235 124 66 0 1
MOV 8554 4408 200
MOV 6887 2694 200
MOV 566 1136 200
MOV 12837 10021 100
OUT 9692 4692 -353 -828 219 0 0
OUT 8217 2236 -531 -36 168 0 0
OUT 10010 1369 -472 172 182 0 1
OUT 10530 73 237 -529 75 0 1
Round 61 of 133
tags: MOVE_ONLY
IN 9692 4692 -353 -828 219 0 0
IN 8217 2236 -531 -36 168 0 0
IN 10010 1369 -472 172 182 0 1
IN 10530 73 237 -529 75 0 1
MOV 8079 3509 200
MOV 6485 3236 200
MOV 393 4109 200
MOV 9997 10059 200
OUT 9178 3746 -437 -804 216 0 0
OUT 7513 2300 -598 54 150 0 0
OUT 9346 1596 -564 192 164 0 1
OUT 10756 -256 192 -279 93 0 1
Round 62 of 133
tags: MOVE_ONLY
IN 9178 3746 -437 -804 216 0 0
IN 7513 2300 -598 54 150 0 0
IN 9346 1596 -564 192 164 0 1
IN 10756 -256 192 -279 93 0 1
MOV 7853 2248 200
MOV 6175 3786 200
MOV 1046 7174 200
MOV 11792 9690 200
OUT 8608 2792 -484 -810 229 0 0
OUT 6781 2503 -622 172 132 0 0
OUT 8616 1900 -620 258 146 0 1
OUT 10969 -336 180 -68 84 0 1
Round 63 of 133
tags: ONLY_HIGH_IMPACT SHIELD SINGLE_COLLISION
IN 8608 2792 -484 -810 229 0 0
IN 6781 2503 -622 172 132 0 0
IN 8616 1900 -620 258 146 0 1
IN 10969 -336 180 -68 84 0 1
MOV 6894 1762 SHIELD
MOV 5968 4330 0
MOV 316 7478 SHIELD
MOV 8881 9444 200
OUT 8129 2957 -407 218 211 3 0
OUT 6159 2675 -528 146 114 0 0
OUT 7991 1183 -531 -687 146 3 1
OUT 11107 -208 117 108 102 0 1
Round 64 of 133
tags: ENGINE_COOLDOWN
IN 8129 2957 -407 218 211 3 0
IN 6159 2675 -528 146 114 0 0
IN 7991 1183 -531 -687 146 3 1
IN 11107 -208 117 108 102 0 1
MOV 6180 2507 6
MOV 5950 4664 106
MOV 1821 9053 0
MOV 7515 9124 200
OUT 7722 3175 -345 185 193 2 0
OUT 5620 2926 -458 213 96 0 0
OUT 7460 496 -451 -583 128 2 1
OUT 11152 87 38 250 111 0 1
Round 65 of 133
tags: ENGINE_COOLDOWN
IN 7722 3175 -345 185 193 2 0
IN 5620 2926 -458 213 96 0 0
IN 7460 496 -451 -583 128 2 1
IN 11152 87 38 250 111 0 1
MOV 5730 3349 29
MOV 6036 4882 200
MOV 4024 9887 0
MOV 10619 10073 200
OUT 7377 3360 -293 157 175 1 0
OUT 5204 3335 -353 347 78 0 0
OUT 7009 -87 -383 -495 110 1 1
OUT 11179 537 23 382 93 0 1
Round 66 of 133
tags: ENGINE_COOLDOWN
IN 7377 3360 -293 157 175 1 0
IN 5204 3335 -353 347 78 0 0
IN 7009 -87 -383 -495 110 1 1
IN 11179 537 23 382 93 0 1
MOV 5536 4141 200
MOV 6204 5067 200
MOV 6643 9906 200
MOV 10646 10523 200
OUT 7084 3517 -249 133 157 0 0
OUT 4951 3855 -215 442 60 0 0
OUT 6626 -582 -325 -420 92 0 1
OUT 11191 1119 10 494 93 0 1
Round 67 of 133
tags: MOVE_ONLY
IN 7084 3517 -249 133 157 0 0
IN 4951 3855 -215 442 60 0 0
IN 6626 -582 -325 -420 92 0 1
IN 11191 1119 10 494 93 0 1
MOV 5434 4648 200
MOV 6437 5193 200
MOV 6260 9411 200
MOV 13770 10781 200
OUT 6670 3763 -351 209 146 0 0
OUT 4885 4431 -56 489 42 0 0
OUT 6294 -802 -282 -187 92 0 1
OUT 11253 1806 52 584 75 0 1
Round 68 of 133
tags: MOVE_ONLY
IN 6670 3763 -351 209 146 0 0
IN 4885 4431 -56 489 42 0 0
IN 6294 -802 -282 -187 92 0 1
IN 11253 1806 52 584 75 0 1
MOV 4747 4314 15
MOV 6712 5244 200
MOV 4370 9011 200
MOV 13832 11468 200
OUT 6305 3976 -310 181 164 0 0
OUT 5012 5001 107 484 24 0 0
OUT 5974 -793 -272 7 101 0 1
OUT 11357 2583 88 660 75 0 1
Round 69 of 133
tags: SHIELD
IN 6305 3976 -310 181 164 0 0
IN 5012 5001 107 484 24 0 0
IN 5974 -793 -272 7 101 0 1
IN 11357 2583 88 660 75 0 1
MOV 4306 3906 SHIELD
MOV 7001 5210 200
MOV 5608 9200 200
MOV 12393 12529 0
OUT 5995 4157 -263 153 182 3 0
OUT 5318 5506 260 429 6 0 0
OUT 5695 -586 -237 175 92 0 1
OUT 11445 3243 74 561 84 0 1
Round 70 of 133
tags: ENGINE_COOLDOWN SHIELD
IN 5995 4157 -263 153 182 3 0
IN 5318 5506 260 429 6 0 0
IN 5695 -586 -237 175 92 0 1
IN 11445 3243 74 561 84 0 1
MOV 4116 3473 SHIELD
MOV 7274 5090 200
MOV 6897 9341 200
MOV 9357 13023 100
OUT 5732 4310 -223 130 200 3 0
OUT 5774 5893 387 329 348 0 0
OUT 5482 -212 -181 317 83 0 1
OUT 11498 3902 45 559 102 0 1
Round 71 of 133
tags: ENGINE_COOLDOWN
IN 5732 4310 -223 130 200 3 0
IN 5774 5893 387 329 348 0 0
IN 5482 -212 -181 317 83 0 1
IN 11498 3902 45 559 102 0 1
MOV 3736 4189 112
MOV 7713 5401 200
MOV 6684 9715 200
MOV 6490 12558 0
OUT 5509 4440 -189 110 183 2 0
OUT 6355 6173 493 237 346 0 0
OUT 5325 304 -133 438 83 0 1
OUT 11543 4461 38 475 120 0 1
Round 72 of 133
tags: ENGINE_COOLDOWN
IN 5509 4440 -189 110 183 2 0
IN 6355 6173 493 237 346 0 0
IN 5325 304 -133 438 83 0 1
IN 11543 4461 38 475 120 0 1
MOV 3632 3750 127
MOV 8261 5566 200
MOV 8065 9921 200
MOV 4105 11145 0
OUT 5320 4550 -160 93 200 1 0
OUT 7039 6349 581 149 342 0 0
OUT 5247 934 -66 535 74 0 1
OUT 11581 4936 32 403 138 0 1
Round 73 of 133
tags: ENGINE_COOLDOWN
IN 5320 4550 -160 93 200 1 0
IN 7039 6349 581 149 342 0 0
IN 5247 934 -66 535 74 0 1
IN 11581 4936 32 403 138 0 1
MOV 3744 3319 0
MOV 8670 5192 200
MOV 9458 10004 200
MOV 2442 8995 0
OUT 5160 4643 -136 79 218 0 0
OUT 7783 6382 632 28 325 0 0
OUT 5265 1650 15 608 65 0 1
OUT 11613 5339 27 342 156 0 1
Round 74 of 133
tags: MOVE_ONLY
IN 5160 4643 -136 79 218 0 0
IN 7783 6382 632 28 325 0 0
IN 5265 1650 15 608 65 0 1
IN 11613 5339 27 342 156 0 1
MOV 4042 2985 0
MOV 8987 4785 43
MOV 8005 11267 200
MOV 1667 6375 0
OUT 5024 4722 -115 67 236 0 0
OUT 8441 6376 559 -5 307 0 0
OUT 5335 2450 59 680 74 0 1
OUT 11640 5681 22 290 174 0 1
Round 75 of 133
tags: MOVE_ONLY
IN 5024 4722 -115 67 236 0 0
IN 8441 6376 559 -5 307 0 0
IN 5335 2450 59 680 74 0 1
IN 11640 5681 22 290 174 0 1
MOV 4473 2799 136
MOV 9941 5054 145
MOV 8075 12067 100
MOV 1860 3593 200
OUT 4871 4658 -129 -54 254 0 0
OUT 9109 6275 567 -85 319 0 0
OUT 5421 3226 73 659 74 0 1
OUT 11466 5929 -147 211 192 0 1
Round 76 of 133
tags: MOVE_ONLY
IN 4871 4658 -129 -54 254 0 0
IN 9109 6275 567 -85 319 0 0
IN 5421 3226 73 659 74 0 1
IN 11466 5929 -147 211 192 0 1
MOV 4941 2659 162
MOV 10950 5494 200
MOV 5055 13219 200
MOV 2134 2337 200
OUT 4748 4442 -104 -183 272 0 0
OUT 9860 6111 637 -139 337 0 0
OUT 5487 4085 55 730 92 0 1
OUT 11132 6068 -283 118 201 0 1
Round 77 of 133
tags: MULTI_COLLISION ONLY_HIGH_IMPACT SHIELD
IN 4748 4442 -104 -183 272 0 0
IN 9860 6111 637 -139 337 0 0
IN 5487 4085 55 730 92 0 1
IN 11132 6068 -283 118 201 0 1
MOV 5432 2563 85
MOV 11369 4799 SHIELD
MOV 3563 13898 SHIELD
MOV 3366 -232 SHIELD
OUT 4315 4314 -392 -99 290 0 0
OUT 10074 5924 -206 -203 319 3 0
OUT 5578 4802 79 608 101 3 1
OUT 11272 6234 506 185 219 3 1
Round 78 of 133
tags: ENGINE_COOLDOWN
IN 4315 4314 -392 -99 290 0 0
IN 10074 5924 -206 -203 319 3 0
IN 5578 4802 79 608 101 3 1
IN 11272 6234 506 185 219 3 1
MOV 5546 2738 19
MOV 11915 5143 117
MOV 6780 14729 0
MOV 3506 -66 0
OUT 3935 4200 -323 -96 308 0 0
OUT 9868 5721 -175 -172 337 2 0
OUT 5657 5410 67 516 83 2 1
OUT 11778 6419 430 157 219 2 1
Round 79 of 133
tags: ENGINE_COOLDOWN
IN 3935 4200 -323 -96 308 0 0
IN 9868 5721 -175 -172 337 2 0
IN 5657 5410 67 516 83 2 1
IN 11778 6419 430 157 219 2 1
MOV 5593 3082 200
MOV 11860 5547 200
MOV 9868 14480 0
MOV 4012 119 200
OUT 3778 3992 -133 -176 326 0 0
OUT 9693 5549 -148 -146 355 1 0
OUT 5724 5926 56 438 65 1 1
OUT 12208 6576 365 133 219 1 1
Round 80 of 133
tags: ENGINE_COOLDOWN SHIELD
IN 3778 3992 -133 -176 326 0 0
IN 9693 5549 -148 -146 355 1 0
IN 5724 5926 56 438 65 1 1
IN 12208 6576 365 133 219 1 1
MOV 5701 3441 200
MOV 11642 5999 SHIELD
MOV 12532 13251 200
MOV 6769 -1816 200
OUT 3837 3761 50 -196 344 0 0
OUT 9545 5403 -125 -124 13 3 0
OUT 5780 6364 47 372 47 0 1
OUT 12573 6709 310 113 237 0 1
Round 81 of 133
tags: ENGINE_COOLDOWN
IN 3837 3761 50 -196 344 0 0
IN 9545 5403 -125 -124 13 3 0
IN 5780 6364 47 372 47 0 1
IN 12573 6709 310 113 237 0 1
MOV 5836 3831 200
MOV 11473 5935 200
MOV 14518 11227 200
MOV 8514 -2430 200
OUT 4087 3572 212 -160 2 0 0
OUT 9420 5279 -106 -105 15 2 0
OUT 6002 6833 188 398 29 0 1
OUT 12802 6639 194 -59 246 0 1
Round 82 of 133
tags: ENGINE_COOLDOWN
IN 4087 3572 212 -160 2 0 0
IN 9420 5279 -106 -105 15 2 0
IN 6002 6833 188 398 29 0 1
IN 12802 6639 194 -59 246 0 1
MOV 6067 3854 200
MOV 11109 6350 200
MOV 15815 8757 200
MOV 6118 -799 200
OUT 4497 3440 348 -112 8 0 0
OUT 9314 5174 -90 -89 32 1 0
OUT 6386 7269 326 371 11 0 1
OUT 12862 6431 51 -176 228 0 1
Round 83 of 133
tags: ENGINE_COOLDOWN
IN 4497 3440 348 -112 8 0 0
IN 9314 5174 -90 -89 32 1 0
IN 6386 7269 326 371 11 0 1
IN 12862 6431 51 -176 228 0 1
MOV 6371 4138 200
MOV 11090 6093 200
MOV 16313 6067 200
MOV 6178 -1007 200
OUT 5032 3398 455 -35 20 0 0
OUT 9224 5085 -76 -75 27 0 0
OUT 6911 7616 445 294 353 0 1
OUT 12779 6106 -70 -276 228 0 1
Round 84 of 133
tags: MOVE_ONLY
IN 5032 3398 455 -35 20 0 0
IN 9224 5085 -76 -75 27 0 0
IN 6911 7616 445 294 353 0 1
IN 12779 6106 -70 -276 228 0 1
MOV 6608 4629 200
MOV 10823 6287 200
MOV 16904 7982 200
MOV 4123 1098 0
OUT 5645 3486 520 74 38 0 0
OUT 9308 5130 71 38 37 0 0
OUT 7556 7917 548 256 2 0 1
OUT 12709 5830 -59 -234 210 0 1
Round 85 of 133
tags: MOVE_ONLY
IN 5645 3486 520 74 38 0 0
IN 9308 5130 71 38 37 0 0
IN 7556 7917 548 256 2 0 1
IN 12709 5830 -59 -234 210 0 1
MOV 7270 4651 200
MOV 11100 6017 200
MOV 17173 5177 0
MOV 6025 -1608 200
OUT 6328 3677 580 161 36 0 0
OUT 9558 5257 212 107 26 0 0
OUT 8104 8173 465 217 344 0 1
OUT 12516 5447 -163 -325 228 0 1
Round 86 of 133
tags: MOVE_ONLY
IN 6328 3677 580 161 36 0 0
IN 9558 5257 212 107 26 0 0
IN 8104 8173 465 217 344 0 1
IN 12516 5447 -163 -325 228 0 1
MOV 7504 5295 144
MOV 11539 5535 151
MOV 16404 2595 100
MOV 4750 -853 200
OUT 6993 3954 565 235 54 0 0
OUT 9919 5386 307 109 8 0 0
OUT 8652 8334 465 137 326 0 1
OUT 12198 4996 -270 -383 219 0 1
Round 87 of 133
tags: SHIELD
IN 6993 3954 565 235 54 0 0
IN 9919 5386 307 109 8 0 0
IN 8652 8334 465 137 326 0 1
IN 12198 4996 -270 -383 219 0 1
MOV 8492 5277 107
MOV 11908 5592 SHIELD
MOV 15977 1526 200
MOV 4432 -1304 200
OUT 7638 4260 548 259 41 0 0
OUT 10226 5495 260 92 6 3 0
OUT 9263 8335 519 0 317 0 1
OUT 11773 4487 -361 -432 219 0 1
Round 88 of 133
tags: ENGINE_COOLDOWN
IN 7638 4260 548 259 41 0 0
IN 10226 5495 260 92 6 3 0
IN 9263 8335 519 0 317 0 1
IN 11773 4487 -361 -432 219 0 1
MOV 8964 5757 200
MOV 12182 5079 0
MOV 15433 465 200
MOV 6334 -3905 0
OUT 8319 4669 578 347 48 0 0
OUT 10486 5587 221 78 348 2 0
OUT 9905 8178 546 -133 308 0 1
OUT 11412 4055 -306 -367 237 0 1
Round 89 of 133
tags: ENGINE_COOLDOWN
IN 8319 4669 578 347 48 0 0
IN 10486 5587 221 78 348 2 0
IN 9905 8178 546 -133 308 0 1
IN 11412 4055 -306 -367 237 0 1
MOV 10051 5669 200
MOV 12218 4587 144
MOV 13341 -1213 200
MOV 5973 -4337 200
OUT 9069 5117 637 381 30 0 0
OUT 10707 5665 187 66 330 1 0
OUT 10520 7857 522 -272 290 0 1
OUT 10997 3520 -352 -454 237 0 1
Round 90 of 133
tags: ENGINE_COOLDOWN
IN 9069 5117 637 381 30 0 0
IN 10707 5665 187 66 330 1 0
IN 10520 7857 522 -272 290 0 1
IN 10997 3520 -352 -454 237 0 1
MOV 10827 6071 64
MOV 12045 4179 130
MOV 16690 -13 200
MOV 3231 -2780 0
OUT 9762 5529 589 349 28 0 0
OUT 10894 5731 158 56 312 0 0
OUT 11165 7428 548 -364 308 0 1
OUT 10645 3066 -299 -385 219 0 1
Round 91 of 133
tags: MOVE_ONLY
IN 9762 5529 589 349 28 0 0
IN 10894 5731 158 56 312 0 0
IN 11165 7428 548 -364 308 0 1
IN 10645 3066 -299 -385 219 0 1
MOV 11732 5876 0
MOV 11707 3904 200
MOV 14601 -1963 0
MOV 1313 -526 0
OUT 10351 5878 500 296 10 0 0
OUT 11133 5604 203 -107 294 0 0
OUT 11713 7064 465 -309 290 0 1
OUT 10346 2681 -254 -327 201 0 1
Round 92 of 133
tags: MOVE_ONLY
IN 10351 5878 500 296 10 0 0
IN 11133 5604 203 -107 294 0 0
IN 11713 7064 465 -309 290 0 1
IN 10346 2681 -254 -327 201 0 1
MOV 12332 5600 161
MOV 11877 3748 200
MOV 12079 -2929 200
MOV 360 2148 0
OUT 11011 6153 560 233 352 0 0
OUT 11410 5311 235 -248 292 0 0
OUT 12185 6555 401 -432 272 0 1
OUT 10092 2354 -215 -277 183 0 1
Round 93 of 133
tags: MOVE_ONLY
IN 11011 6153 560 233 352 0 0
IN 11410 5311 235 -248 292 0 0
IN 12185 6555 401 -432 272 0 1
IN 10092 2354 -215 -277 183 0 1
MOV 12809 5276 0
MOV 11550 3316 200
MOV 9445 -3062 0
MOV 430 4933 0
OUT 11571 6386 476 198 334 0 0
OUT 11659 4863 211 -380 274 0 0
OUT 12586 6123 340 -367 254 0 1
OUT 9877 2077 -182 -235 165 0 1
Round 94 of 133
tags: MOVE_ONLY
IN 11571 6386 476 198 334 0 0
IN 11659 4863 211 -380 274 0 0
IN 12586 6123 340 -367 254 0 1
IN 9877 2077 -182 -235 165 0 1
MOV 13010 4997 31
MOV 11175 2922 126
MOV 7008 -2177 100
MOV 1485 7516 0
OUT 12069 6563 423 150 316 0 0
OUT 11840 4361 153 -426 256 0 0
OUT 12870 5673 241 -382 236 0 1
OUT 9695 1842 -154 -199 147 0 1
Round 95 of 133
tags: MOVE_ONLY
IN 12069 6563 423 150 316 0 0
IN 11840 4361 153 -426 256 0 0
IN 12870 5673 241 -382 236 0 1
IN 9695 1842 -154 -199 147 0 1
MOV 13042 4816 7
MOV 10780 2665 7
MOV 5000 -497 0
MOV 3395 9608 0
OUT 12495 6707 362 122 299 0 0
OUT 11989 3929 126 -367 238 0 0
OUT 13111 5291 204 -324 218 0 1
OUT 9541 1643 -130 -169 129 0 1
Round 96 of 133
tags: MOVE_ONLY
IN 12495 6707 362 122 299 0 0
IN 11989 3929 126 -367 238 0 0
IN 13111 5291 204 -324 218 0 1
IN 9541 1643 -130 -169 129 0 1
MOV 12877 4744 0
MOV 10457 2643 200
MOV 3720 1855 100
MOV 5949 10975 0
OUT 12857 6829 307 103 281 0 0
OUT 11962 3433 -23 -421 220 0 0
OUT 13221 4933 93 -304 200 0 1
OUT 9411 1474 -110 -143 111 0 1
Round 97 of 133
tags: MOVE_ONLY
IN 12857 6829 307 103 281 0 0
IN 11962 3433 -23 -421 220 0 0
IN 13221 4933 93 -304 200 0 1
IN 9411 1474 -110 -143 111 0 1
MOV 12613 4844 200
MOV 10108 2684 200
MOV 3228 4567 200
MOV 8878 11460 0
OUT 13140 6733 240 -81 263 0 0
OUT 11754 2937 -177 -421 202 0 0
OUT 13114 4622 -90 -264 182 0 1
OUT 9301 1331 -93 -121 93 0 1
Round 98 of 133
tags: MOVE_ONLY
IN 13140 6733 240 -81 263 0 0
IN 11754 2937 -177 -421 202 0 0
IN 13114 4622 -90 -264 182 0 1
IN 9301 1331 -93 -121 93 0 1
MOV 12295 4920 98
MOV 9759 2797 12
MOV 3497 7362 200
MOV 11880 10993 0
OUT 13339 6563 168 -144 245 0 0
OUT 11565 2515 -160 -358 184 0 0
OUT 12832 4413 -239 -177 164 0 1
OUT 9208 1210 -79 -102 75 0 1
Round 99 of 133
tags: MOVE_ONLY
IN 13339 6563 168 -144 245 0 0
IN 11565 2515 -160 -358 184 0 0
IN 12832 4413 -239 -177 164 0 1
IN 9208 1210 -79 -102 75 0 1
MOV 11975 5100 200
MOV 9565 2544 200
MOV 4532 9991 0
MOV 14647 9602 200
OUT 13371 6272 27 -246 227 0 0
OUT 11205 2160 -305 -301 179 0 0
OUT 12593 4236 -203 -150 146 0 1
OUT 9238 1276 25 55 57 0 1
Round 100 of 133
tags: MOVE_ONLY
IN 13371 6272 27 -246 227 0 0
IN 11205 2160 -305 -301 179 0 0
IN 12593 4236 -203 -150 146 0 1
IN 9238 1276 25 55 57 0 1
MOV 11622 5302 200
MOV 9314 2811 200
MOV 6423 12106 0
MOV 17004 7576 200
OUT 13223 5929 -125 -291 209 0 0
OUT 10711 1924 -420 -200 161 0 0
OUT 12390 4086 -172 -127 128 0 1
OUT 9418 1457 153 153 39 0 1
Round 101 of 133
tags: ONLY_HIGH_IMPACT SHIELD SINGLE_COLLISION
IN 13223 5929 -125 -291 209 0 0
IN 10711 1924 -420 -200 161 0 0
IN 12390 4086 -172 -127 128 0 1
IN 9418 1457 153 153 39 0 1
MOV 11260 5547 66
MOV 8711 1959 123
MOV 8954 13477 200
MOV 18750 5049 SHIELD
OUT 13033 5625 -161 -258 191 0 0
OUT 10507 1816 677 133 179 0 0
OUT 12149 4147 -204 51 110 0 1
OUT 9537 1601 16 99 21 3 1
Round 102 of 133
tags: ENGINE_COOLDOWN
IN 13033 5625 -161 -258 191 0 0
IN 10507 1816 677 133 179 0 0
IN 12149 4147 -204 51 110 0 1
IN 9537 1601 16 99 21 3 1
MOV 11097 5122 200
MOV 8545 2203 200
MOV 11783 14140 200
MOV 17303 7901 200
OUT 12678 5317 -301 -262 195 0 0
OUT 10988 1988 408 145 169 0 0
OUT 11938 4398 -179 213 92 0 1
OUT 9553 1700 13 84 39 2 1
Round 103 of 133
tags: ENGINE_COOLDOWN ONLY_HIGH_IMPACT SHIELD SINGLE_COLLISION
IN 12678 5317 -301 -262 195 0 0
IN 10988 1988 408 145 169 0 0
IN 11938 4398 -179 213 92 0 1
IN 9553 1700 13 84 39 2 1
MOV 11001 4228 200
MOV 9001 1758 200
MOV 11572 14391 SHIELD
MOV 18885 5292 200
OUT 12522 5262 274 362 213 0 0
OUT 11197 2110 177 103 187 0 0
OUT 11728 4579 -219 113 92 3 1
OUT 9566 1784 11 71 21 1 1
Round 104 of 133
tags: ENGINE_COOLDOWN
IN 12522 5262 274 362 213 0 0
IN 11197 2110 177 103 187 0 0
IN 11728 4579 -219 113 92 3 1
IN 9566 1784 11 71 21 1 1
MOV 10601 4706 200
MOV 9384 1265 200
MOV 14468 14196 100
MOV 18222 6792 0
OUT 12604 5568 69 260 196 0 0
OUT 11192 2130 -4 16 205 0 0
OUT 11509 4692 -186 96 74 2 1
OUT 9577 1855 9 60 30 0 1
Round 105 of 133
tags: ENGINE_COOLDOWN
IN 12604 5568 69 260 196 0 0
IN 11192 2130 -4 16 205 0 0
IN 11509 4692 -186 96 74 2 1
IN 9577 1855 9 60 30 0 1
MOV 10946 4450 200
MOV 9599 920 200
MOV 15720 13762 200
MOV 19357 3943 100
OUT 12507 5716 -82 125 214 0 0
OUT 11029 2025 -138 -89 217 0 0
OUT 11323 4788 -158 81 65 1 1
OUT 9684 1936 90 68 12 0 1
Round 106 of 133
tags: ENGINE_COOLDOWN
IN 12507 5716 -82 125 214 0 0
IN 11029 2025 -138 -89 217 0 0
IN 11323 4788 -158 81 65 1 1
IN 9684 1936 90 68 12 0 1
MOV 10839 4613 200
MOV 9138 1374 200
MOV 18131 12113 200
MOV 19630 900 100
OUT 12258 5731 -211 12 213 0 0
OUT 10702 1870 -277 -131 199 0 0
OUT 11165 4869 -134 68 47 0 1
OUT 9873 1994 161 48 354 0 1
Round 107 of 133
tags: ONLY_HIGH_IMPACT SHIELD SINGLE_COLLISION
IN 12258 5731 -211 12 213 0 0
IN 10702 1870 -277 -131 199 0 0
IN 11165 4869 -134 68 47 0 1
IN 9873 1994 161 48 354 0 1
MOV 10999 4177 200
MOV 8702 1835 152
MOV 19035 11039 200
MOV 19012 -2065 SHIELD
OUT 11921 5588 -286 -121 231 0 0
OUT 11191 1577 473 -259 181 0 0
OUT 11188 5060 19 162 38 0 1
OUT 9942 2058 53 55 336 3 1
Round 108 of 133
tags: ENGINE_COOLDOWN ONLY_HIGH_IMPACT SHIELD SINGLE_COLLISION
IN 11921 5588 -286 -121 231 0 0
IN 11191 1577 473 -259 181 0 0
IN 11188 5060 19 162 38 0 1
IN 9942 2058 53 55 336 3 1
MOV 10244 4499 200
MOV 9278 2162 52
MOV 16766 13360 SHIELD
MOV 17380 -4626 0
OUT 12223 5892 386 350 213 0 0
OUT 11614 1333 359 -207 163 0 0
OUT 11131 5169 -61 83 56 3 1
OUT 9995 2113 45 46 318 2 1
Round 109 of 133
tags: ENGINE_COOLDOWN
IN 12223 5892 386 350 213 0 0
IN 11614 1333 359 -207 163 0 0
IN 11131 5169 -61 83 56 3 1
IN 9995 2113 45 46 318 2 1
MOV 10964 4338 200
MOV 9976 2480 200
MOV 19001 11339 200
MOV 15003 -6543 0
OUT 12483 6087 221 165 231 0 0
OUT 11809 1240 165 -78 145 0 0
OUT 11070 5252 -51 70 38 2 1
OUT 10040 2159 38 39 300 1 1
Round 110 of 133
tags: ENGINE_COOLDOWN
IN 12483 6087 221 165 231 0 0
IN 11809 1240 165 -78 145 0 0
IN 11070 5252 -51 70 38 2 1
IN 10040 2159 38 39 300 1 1
MOV 11709 4243 200
MOV 9896 1825 200
MOV 20461 8688 100
MOV 12128 -7621 200
OUT 12627 6068 122 -16 247 0 0
OUT 11783 1220 -22 -16 163 0 0
OUT 11019 5322 -43 59 20 1 1
OUT 10078 2198 32 33 282 0 1
Round 111 of 133
tags: ENGINE_COOLDOWN
IN 12627 6068 122 -16 247 0 0
IN 11783 1220 -22 -16 163 0 0
IN 11019 5322 -43 59 20 1 1
IN 10078 2198 32 33 282 0 1
MOV 11315 4559 5
MOV 9783 1185 0
MOV 20832 7246 200
MOV 13670 -7134 200
OUT 12746 6048 100 -16 229 0 0
OUT 11761 1204 -18 -13 181 0 0
OUT 10976 5381 -36 50 11 0 1
OUT 10182 2044 88 -130 291 0 1
Round 112 of 133
tags: MOVE_ONLY
IN 12746 6048 100 -16 229 0 0
IN 11761 1204 -18 -13 181 0 0
IN 10976 5381 -36 50 11 0 1
IN 10182 2044 88 -130 291 0 1
MOV 11032 5018 11
MOV 9848 1789 200
MOV 20789 7305 200
MOV 16482 -5722 100
OUT 12837 6026 77 -18 211 0 0
OUT 11552 1249 -177 38 163 0 0
OUT 11136 5469 136 75 11 0 1
OUT 10333 1836 128 -176 309 0 1
Round 113 of 133
tags: ONLY_HIGH_IMPACT SINGLE_COLLISION
IN 12837 6026 77 -18 211 0 0
IN 11552 1249 -177 38 163 0 0
IN 11136 5469 136 75 11 0 1
IN 10333 1836 128 -176 309 0 1
MOV 11525 4517 200
MOV 9914 2396 200
MOV 21063 4267 200
MOV 17771 -4848 0
OUT 12783 5857 -46 -143 229 0 0
OUT 11217 1400 152 -23 145 0 0
OUT 11471 5520 284 43 353 0 1
OUT 10455 1662 -333 3 318 0 1
Round 114 of 133
tags: SHIELD
IN 12783 5857 -46 -143 229 0 0
IN 11217 1400 152 -23 145 0 0
IN 11471 5520 284 43 353 0 1
IN 10455 1662 -333 3 318 0 1
MOV 12002 4016 200
MOV 9437 2311 200
MOV 20541 1309 100
MOV 18847 -3777 SHIELD
OUT 12659 5530 -105 -278 247 0 0
OUT 11191 1468 -22 57 153 0 0
OUT 11846 5521 318 0 335 0 1
OUT 10122 1665 -283 2 327 3 1
Round 115 of 133
tags: ENGINE_COOLDOWN ONLY_HIGH_IMPACT SINGLE_COLLISION
IN 12659 5530 -105 -278 247 0 0
IN 11191 1468 -22 57 153 0 0
IN 11846 5521 318 0 335 0 1
IN 10122 1665 -283 2 327 3 1
MOV 12485 3538 200
MOV 9319 2171 200
MOV 19171 -1287 200
MOV 19784 -914 0
OUT 13111 5054 395 -404 265 0 0
OUT 10982 1595 -177 108 159 0 0
OUT 11736 5384 -104 -116 317 0 1
OUT 9839 1667 -240 1 345 2 1
Round 116 of 133
tags: ENGINE_COOLDOWN
IN 13111 5054 395 -404 265 0 0
IN 10982 1595 -177 108 159 0 0
IN 11736 5384 -104 -116 317 0 1
IN 9839 1667 -240 1 345 2 1
MOV 12330 3213 200
MOV 8985 1700 200
MOV 16599 -3354 200
MOV 19825 2200 0
OUT 13428 4466 269 -499 247 0 0
OUT 10605 1714 -320 100 177 0 0
OUT 11729 5093 -5 -247 299 0 1
OUT 9599 1668 -204 0 3 1 1
Round 117 of 133
tags: ENGINE_COOLDOWN ONLY_HIGH_IMPACT SINGLE_COLLISION
IN 13428 4466 269 -499 247 0 0
IN 10605 1714 -320 100 177 0 0
IN 11729 5093 -5 -247 299 0 1
IN 9599 1668 -204 0 3 1 1
MOV 12116 2957 200
MOV 8654 1272 200
MOV 13653 -4720 200
MOV 19585 2201 200
OUT 13566 3816 117 -552 229 0 0
OUT 10188 1780 -181 74 193 0 0
OUT 11762 4650 28 -376 281 0 1
OUT 9297 1658 -429 -27 3 0 1
Round 118 of 133
tags: MOVE_ONLY
IN 13566 3816 117 -552 229 0 0
IN 10188 1780 -181 74 193 0 0
IN 11762 4650 28 -376 281 0 1
IN 9297 1658 -429 -27 3 0 1
MOV 11872 2753 200
MOV 8196 1954 200
MOV 10560 -5277 200
MOV 18959 -921 200
OUT 13514 3158 -44 -559 212 0 0
OUT 9808 1871 -323 77 175 0 0
OUT 11766 4075 3 -488 263 0 1
OUT 9061 1579 -200 -66 345 0 1
Round 119 of 133
tags: ONLY_HIGH_IMPACT SHIELD SINGLE_COLLISION
IN 13514 3158 -44 -559 212 0 0
IN 9808 1871 -323 77 175 0 0
IN 11766 4075 3 -488 263 0 1
IN 9061 1579 -200 -66 345 0 1
MOV 11893 1986 200
MOV 7808 1900 200
MOV 7555 -4995 100
MOV 18723 -1000 SHIELD
OUT 13308 2482 -175 -574 216 0 0
OUT 9699 2114 -89 207 179 0 0
OUT 11727 3496 -33 -491 245 0 1
OUT 8820 1497 -205 -70 345 3 1
Round 120 of 133
tags: ENGINE_COOLDOWN
IN 13308 2482 -175 -574 216 0 0
IN 9699 2114 -89 207 179 0 0
IN 11727 3496 -33 -491 245 0 1
IN 8820 1497 -205 -70 345 3 1
MOV 11406 1864 200
MOV 7703 1985 200
MOV 4919 -3829 100
MOV 18806 2030 0
OUT 12943 1846 -310 -540 198 0 0
OUT 9410 2308 -245 164 184 0 0
OUT 11626 2932 -85 -479 227 0 1
OUT 8615 1427 -174 -59 3 2 1
Round 121 of 133
tags: ENGINE_COOLDOWN
IN 12943 1846 -310 -540 198 0 0
IN 9410 2308 -245 164 184 0 0
IN 11626 2932 -85 -479 227 0 1
IN 8615 1427 -174 -59 3 2 1
MOV 11067 1152 200
MOV 7431 2600 200
MOV 3756 -3238 100
MOV 17947 5019 200
OUT 12445 1237 -422 -517 200 0 0
OUT 8967 2501 -376 164 172 0 0
OUT 11462 2391 -139 -459 218 0 1
OUT 8441 1368 -147 -50 21 1 1
Round 122 of 133
tags: ENGINE_COOLDOWN
IN 12445 1237 -422 -517 200 0 0
IN 8967 2501 -376 164 172 0 0
IN 11462 2391 -139 -459 218 0 1
IN 8441 1368 -147 -50 21 1 1
MOV 10722 222 200
MOV 6981 2265 200
MOV 2071 -1045 0
MOV 18427 1901 0
OUT 11851 618 -505 -525 211 0 0
OUT 8392 2641 -488 119 187 0 0
OUT 11323 1932 -118 -390 200 0 1
OUT 8294 1318 -124 -42 3 0 1
Round 123 of 133
tags: MOVE_ONLY
IN 11851 618 -505 -525 211 0 0
IN 8392 2641 -488 119 187 0 0
IN 11323 1932 -118 -390 200 0 1
IN 8294 1318 -124 -42 3 0 1
MOV 10395 -753 200
MOV 6421 2301 200
MOV 1330 1566 0
MOV 17956 -1261 0
OUT 11200 -44 -553 -562 223 0 0
OUT 7707 2726 -582 72 190 0 0
OUT 11205 1542 -100 -331 182 0 1
OUT 8170 1276 -105 -35 345 0 1
Round 124 of 133
tags: MOVE_ONLY
IN 11200 -44 -553 -562 223 0 0
IN 7707 2726 -582 72 190 0 0
IN 11205 1542 -100 -331 182 0 1
IN 8170 1276 -105 -35 345 0 1
MOV 9399 -915 200
MOV 5718 2934 200
MOV 1588 4282 0
MOV 16562 -4163 0
OUT 10467 -693 -623 -551 206 0 0
OUT 6926 2819 -663 78 174 0 0
OUT 11105 1211 -85 -281 164 0 1
OUT 8065 1241 -89 -29 327 0 1
Round 125 of 133
tags: MOVE_ONLY
IN 10467 -693 -623 -551 206 0 0
IN 6926 2819 -663 78 174 0 0
IN 11105 1211 -85 -281 164 0 1
IN 8065 1241 -89 -29 327 0 1
MOV 8719 -1664 200
MOV 5079 3586 200
MOV 2805 6789 200
MOV 17727 -1338 0
OUT 9669 -1341 -678 -550 209 0 0
OUT 6078 2974 -720 131 157 0 0
OUT 10854 1042 -213 -144 146 0 1
OUT 7976 1212 -75 -24 345 0 1
Round 126 of 133
tags: MOVE_ONLY
IN 9669 -1341 -678 -550 209 0 0
IN 6078 2974 -720 131 157 0 0
IN 10854 1042 -213 -144 146 0 1
IN 7976 1212 -75 -24 345 0 1
MOV 7706 -1723 200
MOV 4161 3545 200
MOV 3529 7850 200
MOV 17962 1745 0
OUT 8795 -1929 -743 -500 191 0 0
OUT 5166 3162 -774 159 163 0 0
OUT 10495 1034 -305 -6 137 0 1
OUT 7901 1188 -63 -20 3 0 1
Round 127 of 133
tags: MOVE_ONLY
IN 8795 -1929 -743 -500 191 0 0
IN 5166 3162 -774 159 163 0 0
IN 10495 1034 -305 -6 137 0 1
IN 7901 1188 -63 -20 3 0 1
MOV 6850 -2396 200
MOV 3196 3509 200
MOV 3170 7842 200
MOV 17233 4780 0
OUT 7858 -2476 -796 -464 194 0 0
OUT 4195 3356 -825 164 170 0 0
OUT 10044 1164 -383 110 137 0 1
OUT 7838 1168 -53 -17 21 0 1
Round 128 of 133
tags: MOVE_ONLY
IN 7858 -2476 -796 -464 194 0 0
IN 4195 3356 -825 164 170 0 0
IN 10044 1164 -383 110 137 0 1
IN 7838 1168 -53 -17 21 0 1
MOV 6162 -3536 200
MOV 2407 4252 200
MOV 2719 7972 200
MOV 15604 7468 0
OUT 6891 -3045 -821 -483 212 0 0
OUT 3191 3610 -853 215 153 0 0
OUT 9515 1410 -450 209 137 0 1
OUT 7785 1151 -45 -14 39 0 1
Round 129 of 133
tags: MOVE_ONLY
IN 6891 -3045 -821 -483 212 0 0
IN 3191 3610 -853 215 153 0 0
IN 9515 1410 -450 209 137 0 1
IN 7785 1151 -45 -14 39 0 1
MOV 4987 -3658 200
MOV 1630 4860 200
MOV 2190 8218 200
MOV 13224 9543 100
OUT 5880 -3589 -859 -462 198 0 0
OUT 2182 3950 -857 289 141 0 0
OUT 8919 1755 -507 293 137 0 1
OUT 7794 1221 7 59 57 0 1
Round 130 of 133
tags: MOVE_ONLY
IN 5880 -3589 -859 -462 198 0 0
IN 2182 3950 -857 289 141 0 0
IN 8919 1755 -507 293 137 0 1
IN 7794 1221 7 59 57 0 1
MOV 3936 -4058 200
MOV 1000 5563 200
MOV 2749 9625 200
MOV 10373 10883 200
OUT 4827 -4098 -895 -432 194 0 0
OUT 1207 4400 -828 382 126 0 0
OUT 8289 2205 -535 382 128 0 1
OUT 7853 1473 49 214 75 0 1
Round 131 of 133
tags: HAS_LOW_IMPACT SINGLE_COLLISION
IN 4827 -4098 -895 -432 194 0 0
IN 1207 4400 -828 382 126 0 0
IN 8289 2205 -535 382 128 0 1
IN 7853 1473 49 214 75 0 1
MOV 2832 -4236 200
MOV -245 5776 200
MOV -11 7783 200
MOV 7320 11459 200
OUT 3732 -4544 -930 -378 184 0 0
OUT 234 4920 -827 441 137 0 0
OUT 7647 2856 -532 588 146 0 1
OUT 7832 1729 -31 182 93 0 1
Round 132 of 133
tags: MOVE_ONLY
IN 3732 -4544 -930 -378 184 0 0
IN 234 4920 -827 441 137 0 0
IN 7647 2856 -532 588 146 0 1
IN 7832 1729 -31 182 93 0 1
MOV 1766 -4177 200
MOV -1540 5844 200
MOV 322 9664 200
MOV 4240 11061 200
OUT 2605 -4885 -957 -290 169 0 0
OUT -770 5453 -853 453 152 0 0
OUT 6969 3580 -576 615 137 0 1
OUT 7729 2098 -87 313 111 0 1
Round 133 of 133
tags: MOVE_ONLY
IN 2605 -4885 -957 -290 169 0 0
IN -770 5453 -853 453 152 0 0
IN 6969 3580 -576 615 137 0 1
IN 7729 2098 -87 313 111 0 1
MOV 778 -4071 200
MOV -2466 6513 200
MOV -1331 9158 200
MOV 2721 10754 100
OUT 1465 -5094 -968 -177 156 0 0
OUT -1793 6012 -869 475 148 0 0
OUT 6227 4307 -630 617 146 0 1
OUT 7592 2498 -116 339 120 0 1
