Replay between sethorizer and pb4GOD
where pb4GOD wins!
Round 1 of 179
tags: MOVE_ONLY
IN 13995 2399 0 0 102 0 0
IN 13001 2281 0 0 91 0 0
IN 14988 2517 0 0 114 0 0
IN 12008 2163 0 0 98 0 0
MOV 13572 4354 200
MOV 12969 4281 200
MOV -25686 93872 196
MOV -1909 101190 196
OUT 13953 2594 -35 166 102 0 0
OUT 12998 2481 -2 169 91 0 0
OUT 14908 2696 -67 152 114 0 0
OUT 11981 2357 -23 164 98 0 0
Round 2 of 179
tags: MOVE_ONLY
IN 13953 2594 -35 166 102 0 0
IN 12998 2481 -2 169 91 0 0
IN 14908 2696 -67 152 114 0 0
IN 11981 2357 -23 164 98 0 0
MOV 13657 4572 200
MOV 13583 4394 200
MOV 4455 102148 200
MOV -17256 97987 100
OUT 13888 2958 -54 309 99 0 0
OUT 13054 2841 48 306 73 0 0
OUT 14820 3047 -74 298 96 0 0
OUT 11929 2617 -44 220 107 0 0
Round 3 of 179
tags: MULTI_COLLISION ONLY_HIGH_IMPACT
IN 13888 2958 -54 309 99 0 0
IN 13054 2841 48 306 73 0 0
IN 14820 3047 -74 298 96 0 0
IN 11929 2617 -44 220 107 0 0
MOV 12980 4740 200
MOV 13952 4628 200
MOV -25854 94402 200
MOV 13674 102602 0
OUT 13867 3471 -133 429 117 0 0
OUT 12959 3291 -116 377 63 0 0
OUT 14776 3537 113 428 114 0 0
OUT 11885 2837 -37 187 89 0 0
Round 4 of 179
tags: HAS_LOW_IMPACT SINGLE_COLLISION
IN 13867 3471 -133 429 117 0 0
IN 12959 3291 -116 377 63 0 0
IN 14776 3537 113 428 114 0 0
IN 11885 2837 -37 187 89 0 0
MOV 12545 4972 200
MOV 13944 5031 200
MOV -52137 77851 200
MOV 44442 97389 200
OUT 13709 4077 -30 541 131 0 0
OUT 12834 3815 -209 419 60 0 0
OUT 14755 4114 -17 490 132 0 0
OUT 11913 3213 23 319 71 0 0
Round 5 of 179
tags: MOVE_ONLY
IN 13709 4077 -30 541 131 0 0
IN 12834 3815 -209 419 60 0 0
IN 14755 4114 -17 490 132 0 0
IN 11913 3213 23 319 71 0 0
MOV 12181 5367 200
MOV 14320 5154 200
MOV -71848 54114 0
MOV 44470 97765 200
OUT 13526 4747 -155 569 140 0 0
OUT 12772 4369 -52 470 42 0 0
OUT 14738 4604 -14 416 150 0 0
OUT 12001 3721 74 431 71 0 0
Round 6 of 179
tags: ONLY_HIGH_IMPACT SINGLE_COLLISION
IN 13526 4747 -155 569 140 0 0
IN 12772 4369 -52 470 42 0 0
IN 14738 4604 -14 416 150 0 0
IN 12001 3721 74 431 71 0 0
MOV 11673 5500 200
MOV 14599 5182 200
MOV -71865 54604 100
MOV 13746 103706 0
OUT 13469 5549 -16 699 158 0 0
OUT 12619 4765 -161 318 24 0 0
OUT 14637 5070 -85 396 150 0 0
OUT 12075 4152 62 366 89 0 0
Round 7 of 179
tags: HAS_LOW_IMPACT SINGLE_COLLISION
IN 13469 5549 -16 699 158 0 0
IN 12619 4765 -161 318 24 0 0
IN 14637 5070 -85 396 150 0 0
IN 12075 4152 62 366 89 0 0
MOV 11484 5793 200
MOV 14608 4974 151
MOV -63078 68002 200
MOV -17162 99782 0
OUT 13254 6272 -182 614 173 0 0
OUT 12682 5185 77 384 6 0 0
OUT 14397 5592 -204 443 141 0 0
OUT 12063 4433 -33 211 107 0 0
Round 8 of 179
tags: MOVE_ONLY
IN 13254 6272 -182 614 173 0 0
IN 12682 5185 77 384 6 0 0
IN 14397 5592 -204 443 141 0 0
IN 12063 4433 -33 211 107 0 0
MOV 11291 5890 200
MOV 14648 5551 200
MOV -40067 89459 200
MOV -17174 100063 200
OUT 12876 6848 -321 489 191 0 0
OUT 12956 5606 232 357 11 0 0
OUT 14084 6203 -265 519 123 0 0
OUT 11972 4835 -77 341 107 0 0
Round 9 of 179
tags: MOVE_ONLY
IN 12876 6848 -321 489 191 0 0
IN 12956 5606 232 357 11 0 0
IN 14084 6203 -265 519 123 0 0
IN 11972 4835 -77 341 107 0 0
MOV 11056 6019 200
MOV 14705 6576 200
MOV -63631 69135 200
MOV -45386 86750 200
OUT 12373 7254 -427 345 204 0 0
OUT 13364 6059 346 384 29 0 0
OUT 13664 6848 -357 548 141 0 0
OUT 11780 5340 -162 429 125 0 0
Round 10 of 179
tags: MOVE_ONLY
IN 12373 7254 -427 345 204 0 0
IN 13364 6059 346 384 29 0 0
IN 13664 6848 -357 548 141 0 0
IN 11780 5340 -162 429 125 0 0
MOV 10887 5916 200
MOV 15153 6953 2
MOV -79694 42685 200
MOV -68084 65522 200
OUT 11797 7465 -489 179 222 0 0
OUT 13712 6444 295 327 27 0 0
OUT 13120 7468 -462 526 159 0 0
OUT 11458 5889 -273 466 143 0 0
Round 11 of 179
tags: MOVE_ONLY
IN 11797 7465 -489 179 222 0 0
IN 13712 6444 295 327 27 0 0
IN 13120 7468 -462 526 159 0 0
IN 11458 5889 -273 466 143 0 0
MOV 9970 6652 200
MOV 15613 7064 25
MOV -86743 12702 200
MOV -76837 52836 100
OUT 11125 7563 -570 83 204 0 0
OUT 14031 6779 270 284 18 0 0
OUT 12458 8004 -562 455 177 0 0
OUT 11097 6402 -307 436 152 0 0
Round 12 of 179
tags: ONLY_HIGH_IMPACT SHIELD SINGLE_COLLISION
IN 11125 7563 -570 83 204 0 0
IN 14031 6779 270 284 18 0 0
IN 12458 8004 -562 455 177 0 0
IN 11097 6402 -307 436 152 0 0
MOV 9237 6903 200
MOV 15649 7955 SHIELD
MOV -84135 -17878 200
MOV -77198 53349 200
OUT 10341 7691 -727 378 199 0 0
OUT 14301 7063 229 241 36 3 0
OUT 11703 8407 -641 342 195 0 0
OUT 10638 6821 -328 85 152 0 0
Round 13 of 179
tags: ENGINE_COOLDOWN SHIELD
IN 10341 7691 -727 378 199 0 0
IN 14301 7063 229 241 36 3 0
IN 11703 8407 -641 342 195 0 0
IN 10638 6821 -328 85 152 0 0
MOV 8744 6487 200
MOV 15477 8681 SHIELD
MOV -72164 -46057 200
MOV -87843 24186 200
OUT 9454 7949 -753 218 217 0 0
OUT 14530 7304 194 204 54 3 0
OUT 10894 8640 -687 198 213 0 0
OUT 10113 6941 -446 101 170 0 0
Round 14 of 179
tags: ENGINE_COOLDOWN SHIELD
IN 9454 7949 -753 218 217 0 0
IN 14530 7304 194 204 54 3 0
IN 10894 8640 -687 198 213 0 0
IN 10113 6941 -446 101 170 0 0
MOV 8307 6311 200
MOV 15148 9206 SHIELD
MOV -52038 -69075 200
MOV -88914 -6976 200
OUT 8586 8003 -737 46 235 0 0
OUT 14724 7508 164 173 72 3 0
OUT 10081 8683 -690 36 231 0 0
OUT 9469 7014 -547 62 188 0 0
Round 15 of 179
tags: ENGINE_COOLDOWN SHIELD
IN 8586 8003 -737 46 235 0 0
IN 14724 7508 164 173 72 3 0
IN 10081 8683 -690 36 231 0 0
IN 9469 7014 -547 62 188 0 0
MOV 8001 6090 200
MOV 15900 9126 SHIELD
MOV -25756 -84675 200
MOV -80410 -36823 200
OUT 7791 7858 -676 -123 253 0 0
OUT 14888 7681 139 147 54 3 0
OUT 9319 8532 -647 -128 249 0 0
OUT 8742 6988 -617 -21 206 0 0
Round 16 of 179
tags: ENGINE_COOLDOWN SHIELD
IN 7791 7858 -676 -123 253 0 0
IN 14888 7681 139 147 54 3 0
IN 9319 8532 -647 -128 249 0 0
IN 8742 6988 -617 -21 206 0 0
MOV 7826 5858 200
MOV 15506 9583 SHIELD
MOV 4085 -91331 200
MOV -73173 -50370 200
OUT 7118 7535 -571 -274 271 0 0
OUT 15027 7828 118 124 72 3 0
OUT 8662 8204 -558 -278 267 0 0
OUT 7961 6852 -663 -115 215 0 0
Round 17 of 179
tags: ENGINE_COOLDOWN ONLY_HIGH_IMPACT SHIELD SINGLE_COLLISION
IN 7118 7535 -571 -274 271 0 0
IN 15027 7828 118 124 72 3 0
IN 8662 8204 -558 -278 267 0 0
IN 7961 6852 -663 -115 215 0 0
MOV 7746 5636 200
MOV 16000 9575 SHIELD
MOV -27175 -85154 200
MOV -63973 -62614 200
OUT 6550 7122 -667 -194 288 0 0
OUT 15145 7952 100 105 61 3 0
OUT 8032 7739 -535 -395 249 0 0
OUT 7214 6547 -450 -416 224 0 0
Round 18 of 179
tags: ENGINE_COOLDOWN
IN 6550 7122 -667 -194 288 0 0
IN 15145 7952 100 105 61 3 0
IN 8032 7739 -535 -395 249 0 0
IN 7214 6547 -450 -416 224 0 0
MOV 6550 5122 200
MOV 15527 9915 0
MOV 2798 -92124 200
MOV -74701 -50811 0
OUT 5884 6728 -566 -334 270 0 0
OUT 15245 8057 85 89 79 2 0
OUT 7487 7144 -463 -505 267 0 0
OUT 6764 6131 -382 -353 215 0 0
Round 19 of 179
tags: ENGINE_COOLDOWN
IN 5884 6728 -566 -334 270 0 0
IN 15245 8057 85 89 79 2 0
IN 7487 7144 -463 -505 267 0 0
IN 6764 6131 -382 -353 215 0 0
MOV 6502 4826 200
MOV 16049 9888 0
MOV 17940 -92308 200
MOV -88866 -23106 100
OUT 5380 6204 -428 -445 288 0 0
OUT 15330 8146 72 75 66 1 0
OUT 7045 6440 -375 -598 276 0 0
OUT 6286 5749 -405 -324 197 0 0
Round 20 of 179
tags: ENGINE_COOLDOWN HAS_LOW_IMPACT SHIELD SINGLE_COLLISION
IN 5380 6204 -428 -445 288 0 0
IN 15330 8146 72 75 66 1 0
IN 7045 6440 -375 -598 276 0 0
IN 6286 5749 -405 -324 197 0 0
MOV 6556 4586 148
MOV 16668 9632 SHIELD
MOV -13746 -91375 200
MOV -75629 -51609 0
OUT 5039 5639 -289 -480 306 0 0
OUT 15402 8221 61 63 48 3 0
OUT 6653 5656 -188 -612 258 0 0
OUT 5856 5416 -509 -337 215 0 0
Round 21 of 179
tags: ENGINE_COOLDOWN HAS_LOW_IMPACT MULTI_COLLISION
IN 5039 5639 -289 -480 306 0 0
IN 15402 8221 61 63 48 3 0
IN 6653 5656 -188 -612 258 0 0
IN 5856 5416 -509 -337 215 0 0
MOV 6504 4278 200
MOV 17134 9221 115
MOV -43347 -80947 0
MOV -89774 -23821 0
OUT 4531 5113 -469 -437 317 0 0
OUT 15463 8284 51 53 30 2 0
OUT 6538 5056 -10 -496 240 0 0
OUT 5639 4977 -233 -396 197 0 0
Round 22 of 179
tags: ENGINE_COOLDOWN
IN 4531 5113 -469 -437 317 0 0
IN 15463 8284 51 53 30 2 0
IN 6538 5056 -10 -496 240 0 0
IN 5639 4977 -233 -396 197 0 0
MOV 6078 3845 200
MOV 17419 8700 200
MOV -67776 -61857 100
MOV -76276 -52381 200
OUT 4217 4549 -267 -479 321 0 0
OUT 15514 8337 43 45 12 1 0
OUT 6454 4493 -71 -478 222 0 0
OUT 5242 4466 -337 -434 215 0 0
Round 23 of 179
tags: ENGINE_COOLDOWN ONLY_HIGH_IMPACT SHIELD SINGLE_COLLISION
IN 4217 4549 -267 -479 321 0 0
IN 15514 8337 43 45 12 1 0
IN 6454 4493 -71 -478 222 0 0
IN 5242 4466 -337 -434 215 0 0
MOV 6055 3760 200
MOV 17438 8881 SHIELD
MOV -84901 -36181 0
MOV -90388 -24771 0
OUT 4106 3990 -282 -481 337 0 0
OUT 15557 8382 36 38 16 3 0
OUT 6383 4015 -60 -406 204 0 0
OUT 4933 4033 -74 -361 197 0 0
Round 24 of 179
tags: ENGINE_COOLDOWN HAS_LOW_IMPACT SINGLE_COLLISION
IN 4106 3990 -282 -481 337 0 0
IN 15557 8382 36 38 16 3 0
IN 6383 4015 -60 -406 204 0 0
IN 4933 4033 -74 -361 197 0 0
MOV 6098 3816 158
MOV 17557 8408 200
MOV -93069 -6438 100
MOV -95052 5778 200
OUT 3832 3481 -265 -435 355 0 0
OUT 15593 8420 30 32 1 2 0
OUT 6224 3599 -135 -353 186 0 0
OUT 4809 3689 -73 -289 179 0 0
Round 25 of 179
tags: ENGINE_COOLDOWN
IN 3832 3481 -265 -435 355 0 0
IN 15593 8420 30 32 1 2 0
IN 6224 3599 -135 -353 186 0 0
IN 4809 3689 -73 -289 179 0 0
MOV 5828 3611 103
MOV 17593 8431 101
MOV -91591 24390 0
MOV -90821 -25548 200
OUT 3670 3053 -137 -364 4 0 0
OUT 15623 8452 25 27 0 1 0
OUT 6089 3246 -114 -300 168 0 0
OUT 4545 3342 -224 -295 197 0 0
Round 26 of 179
tags: ENGINE_COOLDOWN SHIELD
IN 3670 3053 -137 -364 4 0 0
IN 15623 8452 25 27 0 1 0
IN 6089 3246 -114 -300 168 0 0
IN 4545 3342 -224 -295 197 0 0
MOV 5582 3640 41
MOV 17525 7834 SHIELD
MOV -80514 53246 200
MOV -91085 -25895 0
OUT 3572 2701 -83 -299 17 0 0
OUT 15648 8479 21 22 342 3 0
OUT 5802 3046 -244 -170 150 0 0
OUT 4321 3047 -190 -250 197 0 0
Round 27 of 179
tags: ENGINE_COOLDOWN ONLY_HIGH_IMPACT SHIELD SINGLE_COLLISION
IN 3572 2701 -83 -299 17 0 0
IN 15648 8479 21 22 342 3 0
IN 5802 3046 -244 -170 150 0 0
IN 4321 3047 -190 -250 197 0 0
MOV 5210 3848 55
MOV 17266 7303 SHIELD
MOV -61111 77360 200
MOV -77594 -54311 200
OUT 3260 2306 -284 -345 35 0 0
OUT 15669 8501 17 18 324 3 0
OUT 5424 3025 -321 -18 132 0 0
OUT 4241 2810 -48 -192 215 0 0
Round 28 of 179
tags: ENGINE_COOLDOWN
IN 3260 2306 -284 -345 35 0 0
IN 15669 8501 17 18 324 3 0
IN 5424 3025 -321 -18 132 0 0
IN 4241 2810 -48 -192 215 0 0
MOV 5173 2891 141
MOV 16845 6883 22
MOV -35250 94380 200
MOV -55941 -77054 100
OUT 3111 2002 -126 -258 17 0 0
OUT 15686 8519 14 15 306 2 0
OUT 5022 3190 -341 140 114 0 0
OUT 4133 2538 -91 -231 233 0 0
Round 29 of 179
tags: ENGINE_COOLDOWN
IN 3111 2002 -126 -258 17 0 0
IN 15686 8519 14 15 306 2 0
IN 5022 3190 -341 140 114 0 0
IN 4133 2538 -91 -231 233 0 0
MOV 5111 1967 200
MOV 16304 6617 0
MOV -5431 102642 200
MOV -77782 -54820 0
OUT 3185 1741 62 -222 359 0 0
OUT 15700 8534 11 12 288 1 0
OUT 4660 3529 -307 288 96 0 0
OUT 4042 2307 -77 -196 215 0 0
Round 30 of 179
tags: ENGINE_COOLDOWN ONLY_HIGH_IMPACT SINGLE_COLLISION
IN 3185 1741 62 -222 359 0 0
IN 15700 8534 11 12 288 1 0
IN 4660 3529 -307 288 96 0 0
IN 4042 2307 -77 -196 215 0 0
MOV 5145 2138 200
MOV 15700 6534 200
MOV 25451 101344 200
MOV -56140 -77557 200
OUT 3249 1412 -97 -394 11 0 0
OUT 15711 8546 9 10 270 0 0
OUT 4395 4013 -225 411 78 0 0
OUT 4038 2098 149 -62 233 0 0
Round 31 of 179
tags: MOVE_ONLY
IN 3249 1412 -97 -394 11 0 0
IN 15711 8546 9 10 270 0 0
IN 4395 4013 -225 411 78 0 0
IN 4038 2098 149 -62 233 0 0
MOV 5210 1803 200
MOV 15093 6644 200
MOV 40232 97371 200
MOV -28519 -92454 100
OUT 3348 1057 84 -301 11 0 0
OUT 15659 8365 -43 -153 252 0 0
OUT 4242 4611 -130 508 69 0 0
OUT 4154 1941 98 -133 251 0 0
Round 32 of 179
tags: MOVE_ONLY
IN 3348 1057 84 -301 11 0 0
IN 15659 8365 -43 -153 252 0 0
IN 4242 4611 -130 508 69 0 0
IN 4154 1941 98 -133 251 0 0
MOV 5244 1695 200
MOV 15603 6366 200
MOV 40079 97969 200
MOV 2409 -98044 100
OUT 3622 820 232 -201 19 0 0
OUT 15610 8012 -41 -299 268 0 0
OUT 4184 5306 -49 590 69 0 0
OUT 4250 1708 81 -198 269 0 0
Round 33 of 179
tags: ONLY_HIGH_IMPACT SINGLE_COLLISION
IN 3622 820 232 -201 19 0 0
IN 15610 8012 -41 -299 268 0 0
IN 4184 5306 -49 590 69 0 0
IN 4250 1708 81 -198 269 0 0
MOV 5587 1191 200
MOV 15330 6032 200
MOV 67116 83021 0
MOV 33487 -93922 200
OUT 4023 607 225 -390 11 0 0
OUT 15541 7515 -58 -422 262 0 0
OUT 4135 5896 -41 501 51 0 0
OUT 4417 1368 257 -80 287 0 0
Round 34 of 179
tags: MOVE_ONLY
IN 4023 607 225 -390 11 0 0
IN 15541 7515 -58 -422 262 0 0
IN 4135 5896 -41 501 51 0 0
IN 4417 1368 257 -80 287 0 0
MOV 5772 1577 200
MOV 15510 5515 200
MOV 88002 60360 200
MOV 2672 -98617 200
OUT 4423 313 340 -249 29 0 0
OUT 15480 6893 -51 -528 269 0 0
OUT 4262 6506 107 518 33 0 0
OUT 4671 1088 215 -237 269 0 0
Round 35 of 179
tags: HAS_LOW_IMPACT SINGLE_COLLISION
IN 4423 313 340 -249 29 0 0
IN 15480 6893 -51 -528 269 0 0
IN 4262 6506 107 518 33 0 0
IN 4671 1088 215 -237 269 0 0
MOV 5787 1776 99
MOV 14867 4989 200
MOV 100855 32388 200
MOV 2926 -98897 0
OUT 4787 -12 304 -293 47 0 0
OUT 15368 6175 -95 -610 252 0 0
OUT 4562 7076 255 484 15 0 0
OUT 4929 1000 224 -57 269 0 0
Round 36 of 179
tags: MOVE_ONLY
IN 4787 -12 304 -293 47 0 0
IN 15368 6175 -95 -610 252 0 0
IN 4562 7076 255 484 15 0 0
IN 4929 1000 224 -57 269 0 0
MOV 5632 1801 189
MOV 14192 4557 146
MOV 104425 1842 200
MOV -27628 -93552 0
OUT 5172 -134 327 -103 65 0 0
OUT 15188 5447 -153 -619 234 0 0
OUT 5017 7550 386 402 357 0 0
OUT 5153 943 190 -48 251 0 0
Round 37 of 179
tags: MOVE_ONLY
IN 5172 -134 327 -103 65 0 0
IN 15188 5447 -153 -619 234 0 0
IN 5017 7550 386 402 357 0 0
IN 5153 943 190 -48 251 0 0
MOV 6125 1624 200
MOV 13656 4161 200
MOV 98375 -28287 200
MOV 3408 -99042 100
OUT 5594 -61 358 61 62 0 0
OUT 14882 4699 -260 -635 220 0 0
OUT 5590 7880 486 280 339 0 0
OUT 5341 795 160 -125 269 0 0
Round 38 of 179
tags: ONLY_HIGH_IMPACT SINGLE_COLLISION
IN 5594 -61 358 61 62 0 0
IN 14882 4699 -260 -635 220 0 0
IN 5590 7880 486 280 339 0 0
IN 5341 795 160 -125 269 0 0
MOV 5941 1909 200
MOV 13028 3950 16
MOV 83305 -55052 200
MOV 34578 -94835 200
OUT 6125 -161 479 -156 80 0 0
OUT 14607 4058 -233 -544 202 0 0
OUT 6231 8034 545 131 321 0 0
OUT 5422 836 41 106 287 0 0
Round 39 of 179
tags: SHIELD
IN 6125 -161 479 -156 80 0 0
IN 14607 4058 -233 -544 202 0 0
IN 6231 8034 545 131 321 0 0
IN 5422 836 41 106 287 0 0
MOV 5847 1820 200
MOV 12617 3854 SHIELD
MOV 60695 -75833 200
MOV 62780 -81079 0
OUT 6578 -119 384 35 98 0 0
OUT 14374 3514 -198 -462 186 3 0
OUT 6885 7997 555 -31 303 0 0
OUT 5463 942 34 90 305 0 0
Round 40 of 179
tags: ENGINE_COOLDOWN
IN 6578 -119 384 35 98 0 0
IN 14374 3514 -198 -462 186 3 0
IN 6885 7997 555 -31 303 0 0
IN 5463 942 34 90 305 0 0
MOV 5739 1697 200
MOV 12418 3930 33
MOV 61349 -75870 200
MOV 85327 -59240 0
OUT 6878 98 255 184 115 0 0
OUT 14176 3052 -168 -392 168 2 0
OUT 7549 7798 564 -168 303 0 0
OUT 5497 1032 28 76 323 0 0
Round 41 of 179
tags: ENGINE_COOLDOWN
IN 6878 98 255 184 115 0 0
IN 14176 3052 -168 -392 168 2 0
IN 7549 7798 564 -168 303 0 0
IN 5497 1032 28 76 323 0 0
MOV 5514 1561 200
MOV 12444 4052 0
MOV 48223 -83557 200
MOV 100049 -31525 200
OUT 6997 429 101 281 133 0 0
OUT 14008 2660 -142 -333 150 1 0
OUT 8194 7447 548 -298 294 0 0
OUT 5714 1043 184 9 341 0 0
Round 42 of 179
tags: ENGINE_COOLDOWN
IN 6997 429 101 281 133 0 0
IN 14008 2660 -142 -333 150 1 0
IN 8194 7447 548 -298 294 0 0
IN 5714 1043 184 9 341 0 0
MOV 5565 1825 24
MOV 12670 4146 200
MOV 62658 -76420 200
MOV 105699 -702 200
OUT 7081 727 71 253 136 0 0
OUT 13866 2327 -120 -283 132 0 0
OUT 8851 6981 558 -395 303 0 0
OUT 6098 1049 326 4 359 0 0
Round 43 of 179
tags: ONLY_HIGH_IMPACT SINGLE_COLLISION
IN 7081 727 71 253 136 0 0
IN 13866 2327 -120 -283 132 0 0
IN 8851 6981 558 -395 303 0 0
IN 6098 1049 326 4 359 0 0
MOV 5283 1604 200
MOV 12992 4126 200
MOV 34733 -89612 200
MOV 101728 30286 200
OUT 7400 943 461 127 154 0 0
OUT 13659 2224 -176 -87 116 0 0
OUT 9461 6393 518 -499 285 0 0
OUT 6188 1237 -113 216 17 0 0
Round 44 of 179
tags: MOVE_ONLY
IN 7400 943 461 127 154 0 0
IN 13659 2224 -176 -87 116 0 0
IN 9461 6393 518 -499 285 0 0
IN 6188 1237 -113 216 17 0 0
MOV 5422 1237 200
MOV 12270 3663 200
MOV 63925 -77474 200
MOV 106173 -508 200
OUT 7663 1099 223 132 172 0 0
OUT 13344 2281 -267 48 134 0 0
OUT 10088 5726 532 -566 303 0 0
OUT 6275 1450 73 180 359 0 0
Round 45 of 179
tags: MOVE_ONLY
IN 7663 1099 223 132 172 0 0
IN 13344 2281 -267 48 134 0 0
IN 10088 5726 532 -566 303 0 0
IN 6275 1450 73 180 359 0 0
MOV 5693 752 200
MOV 12467 4079 200
MOV 77001 -68588 200
MOV 100827 -31107 200
OUT 7689 1198 21 84 190 0 0
OUT 12989 2509 -301 193 116 0 0
OUT 10754 5011 565 -607 312 0 0
OUT 6537 1565 222 97 341 0 0
Round 46 of 179
tags: ONLY_HIGH_IMPACT SINGLE_COLLISION
IN 7689 1198 21 84 190 0 0
IN 12989 2509 -301 193 116 0 0
IN 10754 5011 565 -607 312 0 0
IN 6537 1565 222 97 341 0 0
MOV 5814 503 200
MOV 12711 4490 200
MOV 97357 -44989 200
MOV 86401 -58617 200
OUT 7626 1164 253 -171 200 0 0
OUT 12660 2900 -279 332 98 0 0
OUT 11492 4304 627 -600 330 0 0
OUT 6816 1590 -70 164 323 0 0
Round 47 of 179
tags: ONLY_HIGH_IMPACT SHIELD SINGLE_COLLISION
IN 7626 1164 253 -171 200 0 0
IN 12660 2900 -279 332 98 0 0
IN 11492 4304 627 -600 330 0 0
IN 6816 1590 -70 164 323 0 0
MOV 5627 1094 200
MOV 11783 4698 SHIELD
MOV 98095 -45696 SHIELD
MOV 95111 -45357 0
OUT 7679 985 45 -152 182 0 0
OUT 12528 3015 371 -619 116 3 0
OUT 11972 3921 -75 391 330 3 0
OUT 6746 1754 -59 139 332 0 0
Round 48 of 179
tags: ENGINE_COOLDOWN
IN 7679 985 45 -152 182 0 0
IN 12528 3015 371 -619 116 3 0
IN 11972 3921 -75 391 330 3 0
IN 6746 1754 -59 139 332 0 0
MOV 5756 1536 200
MOV 11331 4617 200
MOV 78885 -70393 200
MOV 76212 -70180 0
OUT 7531 887 -125 -83 164 0 0
OUT 12899 2396 315 -526 127 2 0
OUT 11897 4312 -63 332 312 2 0
OUT 6687 1893 -50 118 314 0 0
Round 49 of 179
tags: ENGINE_COOLDOWN
IN 7531 887 -125 -83 164 0 0
IN 12899 2396 315 -526 127 2 0
IN 11897 4312 -63 332 312 2 0
IN 6687 1893 -50 118 314 0 0
MOV 5681 1646 200
MOV 11731 4019 200
MOV 52571 -87043 200
MOV 50524 -87986 0
OUT 7221 880 -263 -6 158 0 0
OUT 13214 1870 267 -447 126 1 0
OUT 11834 4644 -53 282 294 1 0
OUT 6637 2011 -42 100 296 0 0
Round 50 of 179
tags: ENGINE_COOLDOWN
IN 7221 880 -263 -6 158 0 0
IN 13214 1870 267 -447 126 1 0
IN 11834 4644 -53 282 294 1 0
IN 6637 2011 -42 100 296 0 0
MOV 5642 2107 200
MOV 12596 3772 200
MOV 78747 -69670 200
MOV 20554 -97016 200
OUT 6800 997 -357 99 142 0 0
OUT 13481 1423 226 -379 108 0 0
OUT 11781 4926 -45 239 312 0 0
OUT 6623 1913 -12 -83 278 0 0
Round 51 of 179
tags: ONLY_HIGH_IMPACT SHIELD SINGLE_COLLISION
IN 6800 997 -357 99 142 0 0
IN 13481 1423 226 -379 108 0 0
IN 11781 4926 -45 239 312 0 0
IN 6623 1913 -12 -83 278 0 0
MOV 5682 2655 0
MOV 12602 3219 147
MOV 52455 -86429 200
MOV -10742 -96568 SHIELD
OUT 6437 991 -317 -166 124 0 0
OUT 13642 1176 137 -209 116 0 0
OUT 11817 4982 30 47 294 0 0
OUT 6612 1840 -8 -45 260 3 0
Round 52 of 179
tags: BOOST ENGINE_COOLDOWN
IN 6437 991 -317 -166 124 0 0
IN 13642 1176 137 -209 116 0 0
IN 11817 4982 30 47 294 0 0
IN 6612 1840 -8 -45 260 3 0
MOV 5886 2914 200
MOV 12431 2768 200
MOV 52491 -86373 BOOST
MOV -40335 -86455 0
OUT 6064 1017 -316 22 106 0 0
OUT 13658 1126 13 -42 127 0 0
OUT 12111 4435 250 -464 294 0 1
OUT 6604 1795 -6 -38 242 2 0
Round 53 of 179
tags: ENGINE_COOLDOWN
IN 6064 1017 -316 22 106 0 0
IN 13658 1126 13 -42 127 0 0
IN 12111 4435 250 -464 294 0 1
IN 6604 1795 -6 -38 242 2 0
MOV 6134 3016 200
MOV 12955 2998 200
MOV 79024 -69879 200
MOV -65330 -67671 200
OUT 5754 1239 -263 188 88 0 0
OUT 13601 1271 -48 123 111 0 0
OUT 12495 3822 326 -520 312 0 1
OUT 6598 1757 -5 -32 224 1 0
Round 54 of 179
tags: ENGINE_COOLDOWN
IN 5754 1239 -263 188 88 0 0
IN 13601 1271 -48 123 111 0 0
IN 12495 3822 326 -520 312 0 1
IN 6598 1757 -5 -32 224 1 0
MOV 6258 3174 200
MOV 12342 2825 40
MOV 99098 -46178 100
MOV -83281 -42080 0
OUT 5541 1621 -180 324 75 0 0
OUT 13528 1425 -62 131 129 0 0
OUT 12908 3252 350 -484 330 0 1
OUT 6593 1725 -4 -27 206 0 0
Round 55 of 179
tags: MOVE_ONLY
IN 5541 1621 -180 324 75 0 0
IN 13528 1425 -62 131 129 0 0
IN 12908 3252 350 -484 330 0 1
IN 6593 1725 -4 -27 206 0 0
MOV 5950 3579 200
MOV 11859 2528 200
MOV 110723 -17539 0
MOV -92434 -12192 0
OUT 5402 2141 -118 441 78 0 0
OUT 13299 1666 -194 205 147 0 0
OUT 13258 2768 297 -411 348 0 1
OUT 6589 1698 -3 -22 188 0 0
Round 56 of 179
tags: ONLY_HIGH_IMPACT SINGLE_COLLISION
IN 5402 2141 -118 441 78 0 0
IN 13299 1666 -194 205 147 0 0
IN 13258 2768 297 -411 348 0 1
IN 6589 1698 -3 -22 188 0 0
MOV 5327 4140 200
MOV 11378 2223 200
MOV 112710 13221 0
MOV -91892 19063 0
OUT 5277 2782 -106 544 92 0 0
OUT 12855 1806 -442 -15 164 0 0
OUT 13613 2478 366 -111 6 0 1
OUT 6586 1676 -2 -18 170 0 0
Round 57 of 179
tags: SHIELD
IN 5277 2782 -106 544 92 0 0
IN 12855 1806 -442 -15 164 0 0
IN 13613 2478 366 -111 6 0 1
IN 6586 1676 -2 -18 170 0 0
MOV 5015 4765 200
MOV 10856 1736 SHIELD
MOV 104968 43152 0
MOV -81709 48623 0
OUT 5145 3524 -112 630 98 0 0
OUT 12413 1791 -375 -12 182 3 0
OUT 13979 2367 311 -94 24 0 1
OUT 6584 1658 -1 -15 152 0 0
Round 58 of 179
tags: ENGINE_COOLDOWN
IN 5145 3524 -112 630 98 0 0
IN 12413 1791 -375 -12 182 3 0
IN 13979 2367 311 -94 24 0 1
IN 6584 1658 -1 -15 152 0 0
MOV 4875 5506 200
MOV 10456 1380 200
MOV 88293 69280 100
MOV -62882 73592 0
OUT 5006 4352 -118 703 98 0 0
OUT 12038 1779 -318 -10 192 2 0
OUT 14364 2340 327 -23 42 0 1
OUT 6583 1643 0 -12 134 0 0
Round 59 of 179
tags: ENGINE_COOLDOWN SHIELD
IN 5006 4352 -118 703 98 0 0
IN 12038 1779 -318 -10 192 2 0
IN 14364 2340 327 -23 42 0 1
IN 6583 1643 0 -12 134 0 0
MOV 5353 6322 90
MOV 10306 779 SHIELD
MOV 64364 88943 200
MOV -37254 91522 0
OUT 4904 5144 -87 672 80 0 0
OUT 11720 1769 -270 -8 210 3 0
OUT 14791 2490 362 127 60 0 1
OUT 6583 1631 0 -10 116 0 0
Round 60 of 179
tags: ENGINE_COOLDOWN SHIELD
IN 4904 5144 -87 672 80 0 0
IN 11720 1769 -270 -8 210 3 0
IN 14791 2490 362 127 60 0 1
IN 6583 1631 0 -10 116 0 0
MOV 5843 6910 SHIELD
MOV 10382 283 0
MOV 35582 100305 200
MOV -7334 100658 0
OUT 4817 5816 -73 571 62 3 0
OUT 11450 1761 -229 -6 228 2 0
OUT 15195 2813 343 274 78 0 1
OUT 6583 1621 0 -8 98 0 0
Round 61 of 179
tags: ENGINE_COOLDOWN
IN 4817 5816 -73 571 62 3 0
IN 11450 1761 -229 -6 228 2 0
IN 15195 2813 343 274 78 0 1
IN 6583 1621 0 -8 98 0 0
MOV 6256 7205 0
MOV 9718 761 0
MOV 4742 102265 200
MOV 23948 100102 0
OUT 4744 6387 -62 485 44 2 0
OUT 11221 1755 -194 -5 210 1 0
OUT 15517 3286 273 401 96 0 1
OUT 6583 1613 0 -6 80 0 0
Round 62 of 179
tags: ENGINE_COOLDOWN
IN 4744 6387 -62 485 44 2 0
IN 11221 1755 -194 -5 210 1 0
IN 15517 3286 273 401 96 0 1
IN 6583 1613 0 -6 80 0 0
MOV 6542 7264 27
MOV 9883 269 18
MOV -25157 94641 200
MOV 53530 89908 200
OUT 4682 6872 -52 412 26 1 0
OUT 11027 1750 -164 -4 228 0 0
OUT 15709 3870 162 496 114 0 1
OUT 6677 1784 79 145 62 0 0
Round 63 of 179
tags: ENGINE_COOLDOWN SHIELD
IN 4682 6872 -52 412 26 1 0
IN 11027 1750 -164 -4 228 0 0
IN 15709 3870 162 496 114 0 1
IN 6677 1784 79 145 62 0 0
MOV 6663 7150 0
MOV 10214 -77 SHIELD
MOV -51204 78184 200
MOV 78611 71250 200
OUT 4630 7284 -44 350 8 0 0
OUT 10863 1746 -139 -3 246 3 0
OUT 15737 4515 23 547 132 0 1
OUT 6900 2068 189 241 44 0 0
Round 64 of 179
tags: ENGINE_COOLDOWN SHIELD
IN 4630 7284 -44 350 8 0 0
IN 10863 1746 -139 -3 246 3 0
IN 15737 4515 23 547 132 0 1
IN 6900 2068 189 241 44 0 0
MOV 6600 6937 200
MOV 10654 -243 SHIELD
MOV -70866 54515 200
MOV 96779 45905 200
OUT 4783 7599 130 268 350 0 0
OUT 10724 1743 -118 -2 264 3 0
OUT 15587 5162 -127 549 150 0 1
OUT 7269 2397 313 279 26 0 0
Round 65 of 179
tags: ENGINE_COOLDOWN SHIELD
IN 4783 7599 130 268 350 0 0
IN 10724 1743 -118 -2 264 3 0
IN 15587 5162 -127 549 150 0 1
IN 7269 2397 313 279 26 0 0
MOV 6549 6660 200
MOV 11140 -213 SHIELD
MOV -82228 25953 200
MOV 106296 16314 200
OUT 5090 7773 260 148 332 0 0
OUT 10606 1741 -100 -1 282 3 0
OUT 15264 5753 -274 501 168 0 1
OUT 7780 2704 434 260 8 0 0
Round 66 of 179
tags: ENGINE_COOLDOWN SHIELD
IN 5090 7773 260 148 332 0 0
IN 10606 1741 -100 -1 282 3 0
IN 15264 5753 -274 501 168 0 1
IN 7780 2704 434 260 8 0 0
MOV 6479 6334 200
MOV 11606 9 SHIELD
MOV -84188 -4700 200
MOV 106261 -14661 200
OUT 5489 7777 339 3 314 0 0
OUT 10506 1740 -85 0 300 3 0
OUT 14791 6233 -401 408 186 0 1
OUT 8411 2929 536 191 350 0 0
Round 67 of 179
tags: ENGINE_COOLDOWN SHIELD
IN 5489 7777 339 3 314 0 0
IN 10506 1740 -85 0 300 3 0
IN 14791 6233 -401 408 186 0 1
IN 8411 2929 536 191 350 0 0
MOV 7255 6838 200
MOV 11605 69 SHIELD
MOV -85072 11467 200
MOV 107438 16846 0
OUT 6005 7686 438 -77 332 0 0
OUT 10421 1740 -72 0 303 3 0
OUT 14190 6651 -510 355 177 0 1
OUT 8947 3120 455 162 8 0 0
Round 68 of 179
tags: ENGINE_COOLDOWN SHIELD
IN 6005 7686 438 -77 332 0 0
IN 10421 1740 -72 0 303 3 0
IN 14190 6651 -510 355 177 0 1
IN 8947 3120 455 162 8 0 0
MOV 7818 6842 200
MOV 11975 481 SHIELD
MOV -85262 -3802 200
MOV 98826 46957 0
OUT 6624 7525 526 -137 335 0 0
OUT 10349 1740 -61 0 321 3 0
OUT 13481 6985 -602 283 186 0 1
OUT 9402 3282 386 137 26 0 0
Round 69 of 179
tags: ENGINE_COOLDOWN
IN 6624 7525 526 -137 335 0 0
IN 10349 1740 -61 0 321 3 0
IN 13481 6985 -602 283 186 0 1
IN 9402 3282 386 137 26 0 0
MOV 8586 7138 200
MOV 12052 692 84
MOV -83112 -18897 200
MOV 99281 47119 0
OUT 7346 7349 613 -149 349 0 0
OUT 10288 1740 -51 0 328 2 0
OUT 12686 7216 -675 196 195 0 1
OUT 9788 3419 328 116 26 0 0
Round 70 of 179
tags: ENGINE_COOLDOWN SHIELD
IN 7346 7349 613 -149 349 0 0
IN 10288 1740 -51 0 328 2 0
IN 12686 7216 -675 196 195 0 1
IN 9788 3419 328 116 26 0 0
MOV 9343 7235 200
MOV 12229 1256 SHIELD
MOV -83907 -18666 200
MOV 81722 72885 0
OUT 8159 7189 690 -136 357 0 0
OUT 10237 1740 -43 0 346 3 0
OUT 11818 7360 -737 122 195 0 1
OUT 10116 3535 278 98 44 0 0
Round 71 of 179
tags: ENGINE_COOLDOWN
IN 8159 7189 690 -136 357 0 0
IN 10237 1740 -43 0 346 3 0
IN 11818 7360 -737 122 195 0 1
IN 10116 3535 278 98 44 0 0
MOV 10156 7297 200
MOV 11978 756 48
MOV -72049 -47104 0
MOV 99995 47372 200
OUT 9049 7064 756 -106 3 0 0
OUT 10194 1740 -36 0 331 2 0
OUT 11081 7482 -626 103 213 0 1
OUT 10574 3721 389 157 26 0 0
Round 72 of 179
tags: ENGINE_COOLDOWN
IN 9049 7064 756 -106 3 0 0
IN 10194 1740 -36 0 331 2 0
IN 11081 7482 -626 103 213 0 1
IN 10574 3721 389 157 26 0 0
MOV 11008 6660 200
MOV 12157 1358 86
MOV -51851 -70233 0
MOV 109601 17638 200
OUT 10001 6918 809 -124 348 0 0
OUT 10158 1740 -30 0 349 1 0
OUT 10455 7585 -532 87 231 0 1
OUT 11161 3906 498 157 8 0 0
Round 73 of 179
tags: ENGINE_COOLDOWN ONLY_HIGH_IMPACT SHIELD SINGLE_COLLISION
IN 10001 6918 809 -124 348 0 0
IN 10158 1740 -30 0 349 1 0
IN 10455 7585 -532 87 231 0 1
IN 11161 3906 498 157 8 0 0
MOV 11855 6167 200
MOV 12143 1984 SHIELD
MOV -39545 -79018 0
MOV 109642 -13459 0
OUT 10675 6227 569 -592 338 0 0
OUT 10128 1740 -25 0 7 3 0
OUT 10244 8164 -176 496 240 0 1
OUT 11659 4063 423 133 350 0 0
Round 74 of 179
tags: ENGINE_COOLDOWN SHIELD
IN 10675 6227 569 -592 338 0 0
IN 10128 1740 -25 0 7 3 0
IN 10244 8164 -176 496 240 0 1
IN 11659 4063 423 133 350 0 0
MOV 12207 4941 200
MOV 11941 2585 SHIELD
MOV -25593 -85194 200
MOV 110686 17980 0
OUT 11397 5506 613 -612 320 0 0
OUT 10103 1740 -21 0 25 3 0
OUT 9996 8473 -210 262 249 0 1
OUT 12082 4196 359 113 8 0 0
Round 75 of 179
tags: ENGINE_COOLDOWN ONLY_HIGH_IMPACT SHIELD SINGLE_COLLISION
IN 11397 5506 613 -612 320 0 0
IN 10103 1740 -21 0 25 3 0
IN 9996 8473 -210 262 249 0 1
IN 12082 4196 359 113 8 0 0
MOV 12457 3810 0
MOV 11566 3104 SHIELD
MOV -52936 -69242 200
MOV 101961 48033 SHIELD
OUT 11934 5004 -131 419 302 0 0
OUT 10082 1740 -17 0 43 3 0
OUT 9660 8580 -285 90 231 0 1
OUT 12449 4298 370 2 26 3 0
Round 76 of 179
tags: ENGINE_COOLDOWN
IN 11934 5004 -131 419 302 0 0
IN 10082 1740 -17 0 43 3 0
IN 9660 8580 -285 90 231 0 1
IN 12449 4298 370 2 26 3 0
MOV 12418 3063 185
MOV 11052 3489 3
MOV -26177 -84778 200
MOV 111476 18215 200
OUT 11848 5243 -73 203 284 0 0
OUT 10065 1740 -14 0 61 2 0
OUT 9303 8483 -303 -82 249 0 1
OUT 12819 4300 314 1 8 2 0
Round 77 of 179
tags: ENGINE_COOLDOWN
IN 11848 5243 -73 203 284 0 0
IN 10065 1740 -14 0 61 2 0
IN 9303 8483 -303 -82 249 0 1
IN 12819 4300 314 1 8 2 0
MOV 12148 3266 200
MOV 10447 3703 102
MOV -26534 -84875 200
MOV 111300 -13065 200
OUT 11805 5248 -36 4 279 0 0
OUT 10051 1740 -11 0 79 1 0
OUT 8928 8214 -318 -228 249 0 1
OUT 13133 4301 266 0 350 1 0
Round 78 of 179
tags: ENGINE_COOLDOWN
IN 11805 5248 -36 4 279 0 0
IN 10051 1740 -11 0 79 1 0
IN 8928 8214 -318 -228 249 0 1
IN 13133 4301 266 0 350 1 0
MOV 12171 3282 200
MOV 9807 3725 200
MOV -41072 -78389 200
MOV 101428 -42646 200
OUT 11806 5055 0 -163 281 0 0
OUT 10040 1740 -9 0 97 0 0
OUT 8510 7813 -355 -341 240 0 1
OUT 13399 4301 226 0 332 0 0
Round 79 of 179
tags: MOVE_ONLY
IN 11806 5055 0 -163 281 0 0
IN 10040 1740 -9 0 97 0 0
IN 8510 7813 -355 -341 240 0 1
IN 13399 4301 226 0 332 0 0
MOV 12776 3306 141
MOV 9195 3553 152
MOV -41490 -78790 200
MOV 82865 -67633 0
OUT 11873 4768 57 -243 299 0 0
OUT 9968 1878 -61 117 115 0 0
OUT 8055 7299 -386 -437 240 0 1
OUT 13625 4301 192 0 314 0 0
Round 80 of 179
tags: MOVE_ONLY
IN 11873 4768 57 -243 299 0 0
IN 9968 1878 -61 117 115 0 0
IN 8055 7299 -386 -437 240 0 1
IN 13625 4301 192 0 314 0 0
MOV 13336 3404 199
MOV 8604 3341 200
MOV -12736 -90516 200
MOV 57462 -85578 200
OUT 12074 4388 171 -322 317 0 0
OUT 9772 2142 -166 224 133 0 0
OUT 7627 6666 -363 -537 258 0 1
OUT 13905 4121 237 -152 296 0 0
Round 81 of 179
tags: MOVE_ONLY
IN 12074 4388 171 -322 317 0 0
IN 9772 2142 -166 224 133 0 0
IN 7627 6666 -363 -537 258 0 1
IN 13905 4121 237 -152 296 0 0
MOV 13887 3543 185
MOV 8023 3112 200
MOV 2393 -93197 200
MOV 27822 -94906 0
OUT 12412 3986 287 -341 335 0 0
OUT 9432 2464 -289 274 151 0 0
OUT 7254 5929 -317 -626 267 0 1
OUT 14142 3969 201 -129 278 0 0
Round 82 of 179
tags: SHIELD
IN 12412 3986 287 -341 335 0 0
IN 9432 2464 -289 274 151 0 0
IN 7254 5929 -317 -626 267 0 1
IN 14142 3969 201 -129 278 0 0
MOV 14397 3742 SHIELD
MOV 8068 3927 SHIELD
MOV -28583 -87429 100
MOV -3223 -94512 100
OUT 12699 3645 243 -289 353 3 0
OUT 9143 2738 -245 232 133 3 0
OUT 6901 5210 -299 -611 249 0 1
OUT 14326 3742 156 -193 260 0 0
Round 83 of 179
tags: ENGINE_COOLDOWN
IN 12699 3645 243 -289 353 3 0
IN 9143 2738 -245 232 133 3 0
IN 6901 5210 -299 -611 249 0 1
IN 14326 3742 156 -193 260 0 0
MOV 14597 3014 200
MOV 8298 4551 200
MOV -56031 -72505 0
MOV -32621 -84553 0
OUT 12942 3356 206 -245 342 2 0
OUT 8898 2970 -208 197 115 2 0
OUT 6602 4599 -254 -519 231 0 1
OUT 14482 3549 132 -164 242 0 0
Round 84 of 179
tags: ENGINE_COOLDOWN
IN 12942 3356 206 -245 342 2 0
IN 8898 2970 -208 197 115 2 0
IN 6602 4599 -254 -519 231 0 1
IN 14482 3549 132 -164 242 0 0
MOV 14942 3356 200
MOV 8654 4955 200
MOV -77265 -49865 0
MOV -57452 -65917 0
OUT 13148 3111 175 -208 360 1 0
OUT 8690 3167 -176 167 97 1 0
OUT 6348 4080 -215 -441 213 0 1
OUT 14614 3385 112 -139 224 0 0
Round 85 of 179
tags: ENGINE_COOLDOWN
IN 13148 3111 175 -208 360 1 0
IN 8690 3167 -176 167 97 1 0
IN 6348 4080 -215 -441 213 0 1
IN 14614 3385 112 -139 224 0 0
MOV 15050 3729 200
MOV 9060 5133 200
MOV -90245 -21802 0
MOV -75265 -40452 0
OUT 13323 2903 148 -176 18 0 0
OUT 8514 3334 -149 141 79 0 0
OUT 6133 3639 -182 -374 195 0 1
OUT 14726 3246 95 -118 206 0 0
Round 86 of 179
tags: SHIELD
IN 13323 2903 148 -176 18 0 0
IN 8514 3334 -149 141 79 0 0
IN 6133 3639 -182 -374 195 0 1
IN 14726 3246 95 -118 206 0 0
MOV 14941 4079 200
MOV 9484 5083 SHIELD
MOV -93730 8873 0
MOV -75153 -40591 0
OUT 13634 2843 264 -50 36 0 0
OUT 8365 3475 -126 119 61 3 0
OUT 5951 3265 -154 -317 177 0 1
OUT 14821 3128 80 -100 206 0 0
Round 87 of 179
tags: ENGINE_COOLDOWN
IN 13634 2843 264 -50 36 0 0
IN 8365 3475 -126 119 61 3 0
IN 5951 3265 -154 -317 177 0 1
IN 14821 3128 80 -100 206 0 0
MOV 14810 4461 200
MOV 9828 4839 45
MOV -87407 39102 200
MOV -84206 -10789 0
OUT 14017 2954 325 94 54 0 0
OUT 8239 3594 -107 101 43 2 0
OUT 5610 3020 -289 -208 159 0 1
OUT 14901 3028 68 -85 188 0 0
Round 88 of 179
tags: ENGINE_COOLDOWN ONLY_HIGH_IMPACT SINGLE_COLLISION
IN 14017 2954 325 94 54 0 0
IN 8239 3594 -107 101 43 2 0
IN 5610 3020 -289 -208 159 0 1
IN 14901 3028 68 -85 188 0 0
MOV 14810 4790 200
MOV 10052 4439 104
MOV -72105 65952 200
MOV -84126 -10889 200
OUT 13966 3224 -115 228 67 0 0
OUT 8132 3695 -90 85 25 1 0
OUT 5166 2938 -377 -69 141 0 1
OUT 15226 2922 348 -88 188 0 0
Round 89 of 179
tags: ENGINE_COOLDOWN SHIELD
IN 13966 3224 -115 228 67 0 0
IN 8132 3695 -90 85 25 1 0
IN 5166 2938 -377 -69 141 0 1
IN 15226 2922 348 -88 188 0 0
MOV 14140 5216 200
MOV 10117 3939 SHIELD
MOV -49298 86805 200
MOV -83255 20287 200
OUT 13870 3651 -81 363 85 0 0
OUT 8042 3780 -76 72 7 3 0
OUT 4680 3037 -413 83 123 0 1
OUT 15377 2869 128 -45 170 0 0
Round 90 of 179
tags: ENGINE_COOLDOWN
IN 13870 3651 -81 363 85 0 0
IN 8042 3780 -76 72 7 3 0
IN 4680 3037 -413 83 123 0 1
IN 15377 2869 128 -45 170 0 0
MOV 13420 5600 195
MOV 10005 3398 6
MOV -21202 99630 200
MOV -84608 4614 200
OUT 13746 4204 -105 470 103 0 0
OUT 7966 3852 -64 61 349 2 0
OUT 4215 3313 -395 234 105 0 1
OUT 15305 2827 -61 -35 179 0 0
Round 91 of 179
tags: ENGINE_COOLDOWN SHIELD
IN 13746 4204 -105 470 103 0 0
IN 7966 3852 -64 61 349 2 0
IN 4215 3313 -395 234 105 0 1
IN 15305 2827 -61 -35 179 0 0
MOV 12716 5918 142
MOV 9715 2882 SHIELD
MOV 9449 103176 200
MOV -83176 20192 200
OUT 13569 4796 -150 503 121 0 0
OUT 7902 3913 -54 51 331 3 0
OUT 3830 3747 -326 368 87 0 1
OUT 15047 2827 -219 0 170 0 0
Round 92 of 179
tags: ENGINE_COOLDOWN SHIELD
IN 13569 4796 -150 503 121 0 0
IN 7902 3913 -54 51 331 3 0
IN 3830 3747 -326 368 87 0 1
IN 15047 2827 -219 0 170 0 0
MOV 12060 6108 200
MOV 9266 2450 SHIELD
MOV 39667 97105 200
MOV -83980 -11090 200
OUT 13269 5431 -255 539 139 0 0
OUT 7848 3964 -45 43 313 3 0
OUT 3576 4302 -216 471 69 0 1
OUT 14630 2799 -354 -23 188 0 0
Round 93 of 179
tags: ENGINE_COOLDOWN SHIELD
IN 13269 5431 -255 539 139 0 0
IN 7848 3964 -45 43 313 3 0
IN 3576 4302 -216 471 69 0 1
IN 14630 2799 -354 -23 188 0 0
MOV 11428 6212 0
MOV 8693 2151 SHIELD
MOV 66508 82017 200
MOV -75249 -41038 200
OUT 13014 5970 -216 458 157 0 0
OUT 7803 4007 -38 36 295 3 0
OUT 3486 4928 -76 532 51 0 1
OUT 14096 2688 -453 -94 206 0 0
Round 94 of 179
tags: ENGINE_COOLDOWN SHIELD
IN 13014 5970 -216 458 157 0 0
IN 7803 4007 -38 36 295 3 0
IN 3486 4928 -76 532 51 0 1
IN 14096 2688 -453 -94 206 0 0
MOV 11022 6144 0
MOV 8047 2022 SHIELD
MOV 77800 71841 200
MOV -84931 -11229 200
OUT 12798 6428 -183 389 175 0 0
OUT 7765 4043 -32 30 277 3 0
OUT 3559 5594 61 565 42 0 1
OUT 13445 2566 -553 -103 188 0 0
Round 95 of 179
tags: ENGINE_COOLDOWN
IN 12798 6428 -183 389 175 0 0
IN 7765 4043 -32 30 277 3 0
IN 3559 5594 61 565 42 0 1
IN 13445 2566 -553 -103 188 0 0
MOV 10849 5978 101
MOV 7383 2080 200
MOV 94914 46268 200
MOV -85036 19931 200
OUT 12516 6795 -239 311 193 0 0
OUT 7733 4073 -27 25 259 2 0
OUT 3803 6240 207 549 24 0 1
OUT 12695 2498 -637 -58 170 0 0
Round 96 of 179
tags: ENGINE_COOLDOWN
IN 12516 6795 -239 311 193 0 0
IN 7733 4073 -27 25 259 2 0
IN 3803 6240 207 549 24 0 1
IN 12695 2498 -637 -58 170 0 0
MOV 10802 5765 200
MOV 6763 2324 0
MOV 103255 16693 200
MOV -75600 49445 200
OUT 12105 7004 -349 177 211 0 0
OUT 7706 4098 -22 21 241 1 0
OUT 4209 6810 345 484 6 0 1
OUT 11881 2534 -691 30 152 0 0
Round 97 of 179
tags: ENGINE_COOLDOWN
IN 12105 7004 -349 177 211 0 0
IN 7706 4098 -22 21 241 1 0
IN 4209 6810 345 484 6 0 1
IN 11881 2534 -691 30 152 0 0
MOV 10793 5495 200
MOV 6243 2734 0
MOV 102024 -13981 200
MOV -57585 74468 200
OUT 11624 7031 -408 22 229 0 0
OUT 7684 4119 -18 17 223 0 0
OUT 4750 7252 459 376 348 0 1
OUT 11051 2708 -705 147 134 0 0
Round 98 of 179
tags: MOVE_ONLY
IN 11624 7031 -408 22 229 0 0
IN 7684 4119 -18 17 223 0 0
IN 4750 7252 459 376 348 0 1
IN 11051 2708 -705 147 134 0 0
MOV 9970 5906 200
MOV 6090 2911 27
MOV 102565 -13539 200
MOV -77244 49655 200
OUT 11051 6941 -487 -76 214 0 0
OUT 7644 4120 -33 0 217 0 0
OUT 5405 7586 556 284 348 0 1
OUT 10169 2949 -749 204 152 0 0
Round 99 of 179
tags: MOVE_ONLY
IN 11051 6941 -487 -76 214 0 0
IN 7644 4120 -33 0 217 0 0
IN 5405 7586 556 284 348 0 1
IN 10169 2949 -749 204 152 0 0
MOV 9128 6390 43
MOV 5848 3240 200
MOV 92008 -42414 200
MOV -59297 74883 100
OUT 10523 6853 -449 -74 196 0 0
OUT 7431 4032 -180 -74 206 0 0
OUT 6134 7770 619 156 330 0 1
OUT 9351 3225 -695 234 134 0 0
Round 100 of 179
tags: MOVE_ONLY
IN 10523 6853 -449 -74 196 0 0
IN 7431 4032 -180 -74 206 0 0
IN 6134 7770 619 156 330 0 1
IN 9351 3225 -695 234 134 0 0
MOV 8524 6923 85
MOV 5992 2643 200
MOV 92737 -42230 200
MOV -78944 50172 0
OUT 9989 6782 -453 -60 178 0 0
OUT 7107 3819 -275 -180 224 0 0
OUT 6926 7826 673 47 330 0 1
OUT 8656 3459 -590 198 152 0 0
Round 101 of 179
tags: MOVE_ONLY
IN 9989 6782 -453 -60 178 0 0
IN 7107 3819 -275 -180 224 0 0
IN 6926 7826 673 47 330 0 1
IN 8656 3459 -590 198 152 0 0
MOV 8110 7466 200
MOV 5674 2424 200
MOV 73839 -66488 100
MOV -85896 36016 0
OUT 9348 6790 -545 6 160 0 0
OUT 6689 3499 -355 -271 224 0 0
OUT 7666 7799 628 -23 312 0 1
OUT 8066 3657 -501 168 161 0 0
Round 102 of 179
tags: MOVE_ONLY
IN 9348 6790 -545 6 160 0 0
IN 6689 3499 -355 -271 224 0 0
IN 7666 7799 628 -23 312 0 1
IN 8066 3657 -501 168 161 0 0
MOV 7772 8021 157
MOV 4891 2622 91
MOV 48340 -83556 0
MOV -71798 63839 0
OUT 8679 6892 -568 86 142 0 0
OUT 6252 3188 -371 -264 206 0 0
OUT 8294 7776 533 -19 294 0 1
OUT 7565 3825 -425 142 143 0 0
Round 103 of 179
tags: ONLY_HIGH_IMPACT SINGLE_COLLISION
IN 8679 6892 -568 86 142 0 0
IN 6252 3188 -371 -264 206 0 0
IN 8294 7776 533 -19 294 0 1
IN 7565 3825 -425 142 143 0 0
MOV 7561 8550 200
MOV 4271 2910 0
MOV 18747 -91676 0
MOV -49793 85740 0
OUT 8000 6949 -576 -26 124 0 0
OUT 5881 2924 -315 -224 188 0 0
OUT 8825 7951 450 223 276 0 1
OUT 7140 3967 -361 120 125 0 0
Round 104 of 179
tags: SHIELD
IN 8000 6949 -576 -26 124 0 0
IN 5881 2924 -315 -224 188 0 0
IN 8825 7951 450 223 276 0 1
IN 7140 3967 -361 120 125 0 0
MOV 6424 8180 0
MOV 3911 3271 SHIELD
MOV 34707 -88642 200
MOV -72724 64149 200
OUT 7424 6923 -489 -22 142 0 0
OUT 5566 2700 -267 -190 170 3 0
OUT 9327 7981 426 25 285 0 1
OUT 6619 4207 -442 204 143 0 0
Round 105 of 179
tags: ENGINE_COOLDOWN SHIELD
IN 7424 6923 -489 -22 142 0 0
IN 5566 2700 -267 -190 170 3 0
IN 9327 7981 426 25 285 0 1
IN 6619 4207 -442 204 143 0 0
MOV 5545 7607 SHIELD
MOV 3777 3593 108
MOV 50001 -83374 200
MOV -50739 86122 0
OUT 6935 6901 -415 -18 160 3 0
OUT 5299 2510 -226 -161 153 2 0
OUT 9834 7823 431 -134 294 0 1
OUT 6177 4411 -375 173 125 0 0
Round 106 of 179
tags: ENGINE_COOLDOWN SHIELD
IN 6935 6901 -415 -18 160 3 0
IN 5299 2510 -226 -161 153 2 0
IN 9834 7823 431 -134 294 0 1
IN 6177 4411 -375 173 125 0 0
MOV 4936 6971 167
MOV 3885 3924 SHIELD
MOV 50508 -83532 200
MOV -23060 100041 0
OUT 6520 6883 -352 -15 178 2 0
OUT 5073 2349 -192 -136 135 3 0
OUT 10346 7506 435 -269 294 0 1
OUT 5802 4584 -318 147 107 0 0
Round 107 of 179
tags: ENGINE_COOLDOWN
IN 6520 6883 -352 -15 178 2 0
IN 5073 2349 -192 -136 135 3 0
IN 10346 7506 435 -269 294 0 1
IN 5802 4584 -318 147 107 0 0
MOV 4528 6702 200
MOV 4165 4131 200
MOV 36228 -89087 200
MOV 7547 104569 200
OUT 6168 6868 -299 -12 185 1 0
OUT 4881 2213 -163 -115 117 2 0
OUT 10833 7044 413 -392 285 0 1
OUT 5487 4931 -267 294 89 0 0
Round 108 of 179
tags: ENGINE_COOLDOWN
IN 6168 6868 -299 -12 185 1 0
IN 4881 2213 -163 -115 117 2 0
IN 10833 7044 413 -392 285 0 1
IN 5487 4931 -267 294 89 0 0
MOV 4327 6087 0
MOV 4568 4188 0
MOV 65297 -76823 200
MOV 38044 99483 0
OUT 5869 6856 -254 -10 203 0 0
OUT 4718 2098 -138 -97 99 1 0
OUT 11355 6484 443 -475 303 0 1
OUT 5220 5225 -226 249 71 0 0
Round 109 of 179
tags: ENGINE_COOLDOWN
IN 5869 6856 -254 -10 203 0 0
IN 4718 2098 -138 -97 99 1 0
IN 11355 6484 443 -475 303 0 1
IN 5220 5225 -226 249 71 0 0
MOV 4360 5544 0
MOV 5031 4073 200
MOV 37237 -90109 100
MOV 65402 85089 0
OUT 5615 6846 -215 -8 221 0 0
OUT 4580 2001 -117 -82 81 0 0
OUT 11824 5912 398 -485 285 0 1
OUT 4994 5474 -192 211 53 0 0
Round 110 of 179
tags: MOVE_ONLY
IN 5615 6846 -215 -8 221 0 0
IN 4580 2001 -117 -82 81 0 0
IN 11824 5912 398 -485 285 0 1
IN 4994 5474 -192 211 53 0 0
MOV 4585 5132 200
MOV 5488 3783 200
MOV 6590 -93951 0
MOV 76928 74940 200
OUT 5297 6667 -270 -152 239 0 0
OUT 4552 2098 -23 82 63 0 0
OUT 12222 5427 338 -412 267 0 1
OUT 4946 5824 -40 297 44 0 0
Round 111 of 179
tags: ONLY_HIGH_IMPACT SINGLE_COLLISION
IN 5297 6667 -270 -152 239 0 0
IN 4552 2098 -23 82 63 0 0
IN 12222 5427 338 -412 267 0 1
IN 4946 5824 -40 297 44 0 0
MOV 4776 4736 200
MOV 5906 3570 200
MOV 22675 -94025 0
MOV 94825 49661 200
OUT 5241 7007 -13 378 255 0 0
OUT 4664 2327 95 194 47 0 0
OUT 12560 5015 287 -350 276 0 1
OUT 4820 5524 -141 -344 26 0 0
Round 112 of 179
tags: MOVE_ONLY
IN 5241 7007 -13 378 255 0 0
IN 4664 2327 95 194 47 0 0
IN 12560 5015 287 -350 276 0 1
IN 4820 5524 -141 -344 26 0 0
MOV 4728 5074 200
MOV 6413 3297 200
MOV -8231 -92800 0
MOV 76754 74990 0
OUT 5177 7192 -54 156 255 0 0
OUT 4933 2619 228 248 29 0 0
OUT 12847 4665 243 -297 258 0 1
OUT 4679 5180 -119 -292 44 0 0
Round 113 of 179
tags: MOVE_ONLY
IN 5177 7192 -54 156 255 0 0
IN 4933 2619 228 248 29 0 0
IN 12847 4665 243 -297 258 0 1
IN 4679 5180 -119 -292 44 0 0
MOV 5282 5195 200
MOV 6654 3638 200
MOV -37153 -81938 200
MOV 94558 49017 0
OUT 5134 7148 -36 -37 273 0 0
OUT 5333 2969 340 297 31 0 0
OUT 12990 4195 121 -399 240 0 1
OUT 4560 4888 -101 -248 26 0 0
Round 114 of 179
tags: MOVE_ONLY
IN 5134 7148 -36 -37 273 0 0
IN 5333 2969 340 297 31 0 0
IN 12990 4195 121 -399 240 0 1
IN 4560 4888 -101 -248 26 0 0
MOV 4623 5214 200
MOV 7282 3419 200
MOV -61324 -62718 0
MOV 103587 18805 0
OUT 5047 6918 -74 -195 255 0 0
OUT 5868 3311 454 290 13 0 0
OUT 13111 3796 102 -339 222 0 1
OUT 4459 4640 -85 -210 8 0 0
Round 115 of 179
tags: MOVE_ONLY
IN 5047 6918 -74 -195 255 0 0
IN 5868 3311 454 290 13 0 0
IN 13111 3796 102 -339 222 0 1
IN 4459 4640 -85 -210 8 0 0
MOV 4350 5043 200
MOV 7860 3137 200
MOV -78244 -36878 0
MOV 102940 -12725 0
OUT 4903 6536 -122 -325 250 0 0
OUT 6521 3584 555 231 355 0 0
OUT 13213 3457 86 -288 204 0 1
OUT 4374 4430 -72 -178 350 0 0
Round 116 of 179
tags: MOVE_ONLY
IN 4903 6536 -122 -325 250 0 0
IN 6521 3584 555 231 355 0 0
IN 13213 3457 86 -288 204 0 1
IN 4374 4430 -72 -178 350 0 0
MOV 4761 4541 153
MOV 8470 4034 200
MOV -86239 -6996 0
MOV 103401 18347 0
OUT 4770 6058 -112 -405 266 0 0
OUT 7271 3860 637 234 13 0 0
OUT 13299 3169 73 -244 186 0 1
OUT 4302 4252 -61 -151 8 0 0
Round 117 of 179
tags: MOVE_ONLY
IN 4770 6058 -112 -405 266 0 0
IN 7271 3860 637 234 13 0 0
IN 13299 3169 73 -244 186 0 1
IN 4302 4252 -61 -151 8 0 0
MOV 5254 4117 200
MOV 8985 4890 200
MOV -84516 23960 0
MOV 94181 48089 200
OUT 4706 5459 -54 -509 284 0 0
OUT 8079 4197 687 286 31 0 0
OUT 13372 2925 62 -207 168 0 1
OUT 4421 4189 100 -53 26 0 0
Round 118 of 179
tags: ONLY_HIGH_IMPACT SINGLE_COLLISION
IN 4706 5459 -54 -509 284 0 0
IN 8079 4197 687 286 31 0 0
IN 13372 2925 62 -207 168 0 1
IN 4421 4189 100 -53 26 0 0
MOV 5288 3546 200
MOV 10028 4647 200
MOV -73231 52925 200
MOV 76355 73655 100
OUT 4760 4988 137 15 287 0 0
OUT 8961 4528 749 281 13 0 0
OUT 13261 2818 -94 -90 150 0 1
OUT 4543 3976 12 -597 44 0 0
Round 119 of 179
tags: MOVE_ONLY
IN 4760 4988 137 15 287 0 0
IN 8961 4528 749 281 13 0 0
IN 13261 2818 -94 -90 150 0 1
IN 4543 3976 12 -597 44 0 0
MOV 4844 2990 159
MOV 10825 5252 133
MOV -53652 77132 200
MOV 86458 61334 0
OUT 4904 4844 122 -122 272 0 0
OUT 9834 4857 742 279 21 0 0
OUT 13033 2877 -193 49 132 0 1
OUT 4555 3379 10 -507 35 0 0
Round 120 of 179
tags: MOVE_ONLY
IN 4904 4844 122 -122 272 0 0
IN 9834 4857 742 279 21 0 0
IN 13033 2877 -193 49 132 0 1
IN 4555 3379 10 -507 35 0 0
MOV 5163 2861 131
MOV 11817 5116 0
MOV -41431 86744 200
MOV 64737 83243 200
OUT 5043 4592 118 -214 277 0 0
OUT 10576 5136 630 237 7 0 0
OUT 12731 3094 -256 184 123 0 1
OUT 4685 3032 110 -295 53 0 0
Round 121 of 179
tags: MOVE_ONLY
IN 5043 4592 118 -214 277 0 0
IN 10576 5136 630 237 7 0 0
IN 12731 3094 -256 184 123 0 1
IN 4685 3032 110 -295 53 0 0
MOV 4661 2629 200
MOV 12539 4754 0
MOV -13151 99687 200
MOV 64867 82896 200
OUT 5124 4181 69 -349 259 0 0
OUT 11206 5373 535 201 349 0 0
OUT 12423 3471 -261 320 105 0 1
OUT 4915 2897 195 -114 53 0 0
Round 122 of 179
tags: MOVE_ONLY
IN 5124 4181 69 -349 259 0 0
IN 11206 5373 535 201 349 0 0
IN 12423 3471 -261 320 105 0 1
IN 4915 2897 195 -114 53 0 0
MOV 4154 2432 0
MOV 12955 4403 0
MOV 17657 103334 200
MOV 37472 97449 200
OUT 5193 3832 58 -296 241 0 0
OUT 11741 5574 454 170 331 0 0
OUT 12172 3991 -212 441 87 0 1
OUT 5175 2972 221 63 71 0 0
Round 123 of 179
tags: ONLY_HIGH_IMPACT SHIELD SINGLE_COLLISION
IN 5193 3832 58 -296 241 0 0
IN 11741 5574 454 170 331 0 0
IN 12172 3991 -212 441 87 0 1
IN 5175 2972 221 63 71 0 0
MOV 3730 2468 SHIELD
MOV 13105 4111 SHIELD
MOV 48009 97349 200
MOV 6920 102957 SHIELD
OUT 5248 3833 45 51 223 3 0
OUT 12195 5744 385 144 313 3 0
OUT 12032 4619 -119 533 69 0 1
OUT 5399 2738 191 -249 89 3 0
Round 124 of 179
tags: ENGINE_COOLDOWN ONLY_HIGH_IMPACT SHIELD SINGLE_COLLISION
IN 5248 3833 45 51 223 3 0
IN 12195 5744 385 144 313 3 0
IN 12032 4619 -119 533 69 0 1
IN 5399 2738 191 -249 89 3 0
MOV 4278 2084 SHIELD
MOV 13040 3931 SHIELD
MOV 74964 82334 200
MOV -23838 98368 0
OUT 5293 3884 38 43 241 3 0
OUT 12581 5889 343 141 295 3 0
OUT 12031 5298 -158 395 51 0 1
OUT 5590 2489 162 -211 107 2 0
Round 125 of 179
tags: ENGINE_COOLDOWN SHIELD
IN 5293 3884 38 43 241 3 0
IN 12581 5889 343 141 295 3 0
IN 12031 5298 -158 395 51 0 1
IN 5590 2489 162 -211 107 2 0
MOV 4911 1921 200
MOV 12825 3904 SHIELD
MOV 95898 59762 100
MOV -23647 98119 200
OUT 5331 3927 32 36 259 2 0
OUT 12924 6030 291 119 277 3 0
OUT 11957 5747 -63 382 33 0 1
OUT 5752 2278 137 -179 107 1 0
Round 126 of 179
tags: ENGINE_COOLDOWN SHIELD
IN 5331 3927 32 36 259 2 0
IN 12924 6030 291 119 277 3 0
IN 11957 5747 -63 382 33 0 1
IN 5752 2278 137 -179 107 1 0
MOV 4361 2178 SHIELD
MOV 12542 4067 SHIELD
MOV 108550 31629 100
MOV -38085 92157 0
OUT 5363 3963 27 30 241 3 0
OUT 13215 6149 247 101 259 3 0
OUT 11991 6155 28 346 15 0 1
OUT 5889 2099 116 -152 116 0 0
Round 127 of 179
tags: BOOST ENGINE_COOLDOWN
IN 5363 3963 27 30 241 3 0
IN 13215 6149 247 101 259 3 0
IN 11991 6155 28 346 15 0 1
IN 5889 2099 116 -152 116 0 0
MOV 4937 2009 200
MOV 12245 4400 200
MOV 111854 921 0
MOV -23348 97729 BOOST
OUT 5390 3993 22 25 258 2 0
OUT 13462 6250 209 85 241 2 0
OUT 12019 6501 23 294 357 0 1
OUT 5815 2569 -62 399 107 0 1
Round 128 of 179
tags: ENGINE_COOLDOWN
IN 5390 3993 22 25 258 2 0
IN 13462 6250 209 85 241 2 0
IN 12019 6501 23 294 357 0 1
IN 5815 2569 -62 399 107 0 1
MOV 5599 2004 200
MOV 12005 4880 200
MOV 105377 -29336 0
MOV -8102 101596 100
OUT 5412 4018 18 21 276 1 0
OUT 13671 6335 177 72 223 1 0
OUT 12042 6795 19 249 339 0 1
OUT 5739 3067 -64 423 98 0 1
Round 129 of 179
tags: ENGINE_COOLDOWN ONLY_HIGH_IMPACT SINGLE_COLLISION
IN 5412 4018 18 21 276 1 0
IN 13671 6335 177 72 223 1 0
IN 12042 6795 19 249 339 0 1
IN 5739 3067 -64 423 98 0 1
MOV 4996 2062 200
MOV 12058 5153 200
MOV 89757 -56137 200
MOV -38098 92946 200
OUT 5296 4415 -157 502 258 0 0
OUT 13848 6407 150 61 216 0 0
OUT 12216 6918 148 104 321 0 1
OUT 5722 3294 44 28 116 0 1
Round 130 of 179
tags: MOVE_ONLY
IN 5296 4415 -157 502 258 0 0
IN 13848 6407 150 61 216 0 0
IN 12216 6918 148 104 321 0 1
IN 5722 3294 44 28 116 0 1
MOV 4319 2670 200
MOV 12672 4789 200
MOV 66680 -76949 200
MOV -63744 75228 0
OUT 5041 4742 -216 278 241 0 0
OUT 13880 6306 27 -85 234 0 0
OUT 12473 6854 218 -54 303 0 1
OUT 5766 3322 37 23 134 0 1
Round 131 of 179
tags: MOVE_ONLY
IN 5041 4742 -216 278 241 0 0
IN 13880 6306 27 -85 234 0 0
IN 12473 6854 218 -54 303 0 1
IN 5766 3322 37 23 134 0 1
MOV 4577 2796 200
MOV 12602 4768 200
MOV 38355 -89739 200
MOV -82529 50269 200
OUT 4779 4825 -223 70 257 0 0
OUT 13779 6067 -85 -203 230 0 0
OUT 12743 6607 229 -210 285 0 1
OUT 5626 3439 -118 99 152 0 1
Round 132 of 179
tags: ONLY_HIGH_IMPACT SINGLE_COLLISION
IN 4779 4825 -223 70 257 0 0
IN 13779 6067 -85 -203 230 0 0
IN 12743 6607 229 -210 285 0 1
IN 5626 3439 -118 99 152 0 1
MOV 4802 2825 200
MOV 12108 4968 200
MOV 7509 -93256 200
MOV -92855 20804 200
OUT 4558 4695 -187 -110 271 0 0
OUT 13594 5707 91 -481 213 0 0
OUT 12894 6245 -120 -132 267 0 1
OUT 5311 3573 -267 113 170 0 1
Round 133 of 179
tags: MOVE_ONLY
IN 4558 4695 -187 -110 271 0 0
IN 13594 5707 91 -481 213 0 0
IN 12894 6245 -120 -132 267 0 1
IN 5311 3573 -267 113 170 0 1
MOV 5209 2804 200
MOV 11759 4911 200
MOV -22943 -87113 200
MOV -82984 50520 0
OUT 4435 4396 -104 -254 289 0 0
OUT 13502 5146 -78 -476 203 0 0
OUT 12702 5926 -162 -270 249 0 1
OUT 5044 3686 -226 96 152 0 1
Round 134 of 179
tags: ONLY_HIGH_IMPACT SINGLE_COLLISION
IN 4435 4396 -104 -254 289 0 0
IN 13502 5146 -78 -476 203 0 0
IN 12702 5926 -162 -270 249 0 1
IN 5044 3686 -226 96 152 0 1
MOV 5639 2799 200
MOV 11574 4616 200
MOV -50230 -71789 200
MOV -64422 75620 200
OUT 4043 4428 -410 111 307 0 0
OUT 13231 4617 -230 -449 195 0 0
OUT 12414 5501 -244 -361 231 0 1
OUT 5087 3479 113 -260 134 0 1
Round 135 of 179
tags: MOVE_ONLY
IN 4043 4428 -410 111 307 0 0
IN 13231 4617 -230 -449 195 0 0
IN 12414 5501 -244 -361 231 0 1
IN 5087 3479 113 -260 134 0 1
MOV 5681 3281 200
MOV 11234 4722 18
MOV -61900 -61412 200
MOV -83208 50426 200
OUT 3796 4423 -209 -3 325 0 0
OUT 12983 4169 -210 -380 177 0 0
OUT 12021 5006 -333 -420 222 0 1
OUT 5023 3313 -54 -141 152 0 1
Round 136 of 179
tags: MOVE_ONLY
IN 3796 4423 -209 -3 325 0 0
IN 12983 4169 -210 -380 177 0 0
IN 12021 5006 -333 -420 222 0 1
IN 5023 3313 -54 -141 152 0 1
MOV 5000 2826 200
MOV 11111 4873 200
MOV -79334 -35668 200
MOV -64443 75247 200
OUT 3707 4260 -75 -138 307 0 0
OUT 12586 3859 -337 -263 159 0 0
OUT 11505 4505 -438 -426 204 0 1
OUT 4830 3316 -163 2 134 0 1
Round 137 of 179
tags: MOVE_ONLY
IN 3707 4260 -75 -138 307 0 0
IN 12586 3859 -337 -263 159 0 0
IN 11505 4505 -438 -426 204 0 1
IN 4830 3316 -163 2 134 0 1
MOV 5345 3113 0
MOV 11032 5118 200
MOV -87947 -5948 200
MOV -64636 75250 200
OUT 3632 4122 -63 -117 325 0 0
OUT 12093 3721 -419 -117 141 0 0
OUT 10868 4058 -541 -379 186 0 1
OUT 4528 3462 -256 123 134 0 1
Round 138 of 179
tags: ONLY_HIGH_IMPACT SINGLE_COLLISION
IN 3632 4122 -63 -117 325 0 0
IN 12093 3721 -419 -117 141 0 0
IN 10868 4058 -541 -379 186 0 1
IN 4528 3462 -256 123 134 0 1
MOV 5545 3537 200
MOV 10226 4438 200
MOV -85725 -21824 200
MOV -83767 50409 100
OUT 3541 4108 -291 146 343 0 0
OUT 11487 3676 -514 -38 159 0 0
OUT 10134 3627 -624 -366 195 0 1
OUT 4403 3470 107 -151 152 0 1
Round 139 of 179
tags: MOVE_ONLY
IN 3541 4108 -291 146 343 0 0
IN 11487 3676 -514 -38 159 0 0
IN 10134 3627 -624 -366 195 0 1
IN 4403 3470 107 -151 152 0 1
MOV 5541 4143 200
MOV 9490 3781 200
MOV -89729 8861 200
MOV -65063 75404 100
OUT 3450 4257 -77 127 1 0 0
OUT 10773 3649 -606 -23 177 0 0
OUT 9310 3271 -700 -302 177 0 1
OUT 4441 3391 31 -67 134 0 1
Round 140 of 179
tags: MOVE_ONLY
IN 3450 4257 -77 127 1 0 0
IN 10773 3649 -606 -23 177 0 0
IN 9310 3271 -700 -302 177 0 1
IN 4441 3391 31 -67 134 0 1
MOV 5363 3672 200
MOV 8836 3152 85
MOV -84048 39108 200
MOV -52917 85306 100
OUT 3564 4326 97 58 343 0 0
OUT 10085 3605 -585 -37 194 0 0
OUT 8423 3041 -753 -195 159 0 1
OUT 4415 3406 -22 12 125 0 1
Round 141 of 179
tags: MOVE_ONLY
IN 3564 4326 97 58 343 0 0
IN 10085 3605 -585 -37 194 0 0
IN 8423 3041 -753 -195 159 0 1
IN 4415 3406 -22 12 125 0 1
MOV 5345 3415 200
MOV 8086 3673 200
MOV -69292 65973 200
MOV -65051 75340 200
OUT 3839 4293 233 -28 333 0 0
OUT 9300 3575 -667 -25 178 0 0
OUT 7515 2972 -772 -58 141 0 1
OUT 4254 3562 -136 132 134 0 1
Round 142 of 179
tags: ONLY_HIGH_IMPACT SINGLE_COLLISION
IN 3839 4293 233 -28 333 0 0
IN 9300 3575 -667 -25 178 0 0
IN 7515 2972 -772 -58 141 0 1
IN 4254 3562 -136 132 134 0 1
MOV 5253 2879 200
MOV 7376 3027 89
MOV -85843 38809 200
MOV -39583 93441 200
OUT 3896 4711 31 385 315 0 0
OUT 8547 3526 -639 -41 196 0 0
OUT 6556 2986 -814 11 159 0 1
OUT 4348 3287 96 -264 116 0 1
Round 143 of 179
tags: MOVE_ONLY
IN 3896 4711 31 385 315 0 0
IN 8547 3526 -639 -41 196 0 0
IN 6556 2986 -814 11 159 0 1
IN 4348 3287 96 -264 116 0 1
MOV 4804 2929 200
MOV 6548 3596 200
MOV -71159 65918 200
MOV -9569 102314 0
OUT 4018 4918 103 175 297 0 0
OUT 7708 3492 -713 -28 178 0 0
OUT 5587 3123 -824 116 141 0 1
OUT 4444 3023 81 -224 98 0 1
Round 144 of 179
tags: ONLY_HIGH_IMPACT SINGLE_COLLISION
IN 4018 4918 103 175 297 0 0
IN 7708 3492 -713 -28 178 0 0
IN 5587 3123 -824 116 141 0 1
IN 4444 3023 81 -224 98 0 1
MOV 5335 3413 200
MOV 5829 4176 200
MOV -72128 66055 200
MOV 21809 101504 100
OUT 4253 4942 199 20 311 0 0
OUT 6807 3532 -765 34 160 0 0
OUT 5187 3537 -76 430 141 0 1
OUT 3963 2725 -672 -331 80 0 1
Round 145 of 179
tags: ONLY_HIGH_IMPACT SINGLE_COLLISION
IN 4253 4942 199 20 311 0 0
IN 6807 3532 -765 34 160 0 0
IN 5187 3537 -76 430 141 0 1
IN 3963 2725 -672 -331 80 0 1
MOV 5432 3327 200
MOV 5231 4763 200
MOV -49277 87404 200
MOV 50910 91020 200
OUT 4566 4806 -144 516 306 0 0
OUT 5884 3689 -784 133 142 0 0
OUT 5006 4129 256 -128 123 0 1
OUT 3385 2571 -491 -131 62 0 1
Round 146 of 179
tags: MULTI_COLLISION ONLY_HIGH_IMPACT SHIELD
IN 4566 4806 -144 516 306 0 0
IN 5884 3689 -784 133 142 0 0
IN 5006 4129 256 -128 123 0 1
IN 3385 2571 -491 -131 62 0 1
MOV 5184 2904 0
MOV 4005 4373 SHIELD
MOV -20876 100722 200
MOV 75319 72037 200
OUT 4182 5788 -435 1047 288 0 0
OUT 5207 3755 -552 41 160 3 0
OUT 4381 4401 -654 164 105 0 1
OUT 3038 2579 -295 6 44 0 1
Round 147 of 179
tags: ENGINE_COOLDOWN
IN 4182 5788 -435 1047 288 0 0
IN 5207 3755 -552 41 160 3 0
IN 4381 4401 -654 164 105 0 1
IN 3038 2579 -295 6 44 0 1
MOV 5162 4044 200
MOV 3631 4986 31
MOV 9615 104264 200
MOV 92917 46416 200
OUT 3845 6661 -286 741 299 0 0
OUT 4655 3796 -469 34 142 2 0
OUT 3737 4765 -547 309 87 0 1
OUT 2923 2673 -97 79 26 0 1
Round 148 of 179
tags: ENGINE_COOLDOWN
IN 3845 6661 -286 741 299 0 0
IN 4655 3796 -469 34 142 2 0
IN 3737 4765 -547 309 87 0 1
IN 2923 2673 -97 79 26 0 1
MOV 4402 4740 200
MOV 3537 5454 99
MOV 39574 98123 200
MOV 74857 72139 200
OUT 3615 7210 -195 466 286 0 0
OUT 4186 3830 -398 28 124 1 0
OUT 3262 5261 -404 421 69 0 1
OUT 2970 2891 39 185 44 0 1
Round 149 of 179
tags: ENGINE_COOLDOWN
IN 3615 7210 -195 466 286 0 0
IN 4186 3830 -398 28 124 1 0
IN 3262 5261 -404 421 69 0 1
IN 2970 2891 39 185 44 0 1
MOV 4733 5552 200
MOV 3635 5753 131
MOV 66194 82976 100
MOV 92849 46728 0
OUT 3532 7510 -70 255 304 0 0
OUT 3788 3858 -338 23 106 0 0
OUT 2921 5760 -289 423 51 0 1
OUT 3009 3076 33 157 26 0 1
Round 150 of 179
tags: MOVE_ONLY
IN 3532 7510 -70 255 304 0 0
IN 3788 3858 -338 23 106 0 0
IN 2921 5760 -289 423 51 0 1
IN 3009 3076 33 157 26 0 1
MOV 4140 5605 200
MOV 3858 5857 200
MOV 86788 60224 0
MOV 102036 16993 0
OUT 3523 7574 -7 54 288 0 0
OUT 3457 4081 -281 189 88 0 0
OUT 2632 6183 -245 359 33 0 1
OUT 3042 3233 28 133 8 0 1
Round 151 of 179
tags: MOVE_ONLY
IN 3523 7574 -7 54 288 0 0
IN 3457 4081 -281 189 88 0 0
IN 2632 6183 -245 359 33 0 1
IN 3042 3233 28 133 8 0 1
MOV 4699 5956 200
MOV 4126 5966 200
MOV 99225 32065 100
MOV 98672 32470 0
OUT 3633 7466 93 -92 306 0 0
OUT 3243 4458 -181 320 70 0 0
OUT 2484 6568 -126 327 15 0 1
OUT 3070 3366 23 113 17 0 1
Round 152 of 179
tags: MOVE_ONLY
IN 3633 7466 93 -92 306 0 0
IN 3243 4458 -181 320 70 0 0
IN 2484 6568 -126 327 15 0 1
IN 3070 3366 23 113 17 0 1
MOV 4541 5684 200
MOV 4474 6034 200
MOV 102347 1334 200
MOV 98700 32603 0
OUT 3817 7196 156 -229 297 0 0
OUT 3184 4937 -50 406 52 0 0
OUT 2558 6885 62 269 357 0 1
OUT 3093 3479 19 96 17 0 1
Round 153 of 179
tags: MOVE_ONLY
IN 3817 7196 156 -229 297 0 0
IN 3184 4937 -50 406 52 0 0
IN 2558 6885 62 269 357 0 1
IN 3093 3479 19 96 17 0 1
MOV 5231 5782 200
MOV 4348 6563 200
MOV 99151 32767 200
MOV 103078 1734 200
OUT 4114 6826 252 -314 315 0 0
OUT 3250 5506 56 483 54 0 0
OUT 2813 7206 216 272 15 0 1
OUT 3312 3572 186 78 359 0 1
Round 154 of 179
tags: MOVE_ONLY
IN 4114 6826 252 -314 315 0 0
IN 3250 5506 56 483 54 0 0
IN 2813 7206 216 272 15 0 1
IN 3312 3572 186 78 359 0 1
MOV 5022 5044 200
MOV 4868 6682 200
MOV 102676 1972 200
MOV 98942 32809 200
OUT 4457 6334 291 -418 297 0 0
OUT 3467 6108 184 511 36 0 0
OUT 3229 7468 353 222 357 0 1
OUT 3689 3708 320 116 17 0 1
Round 155 of 179
tags: MOVE_ONLY
IN 4457 6334 291 -418 297 0 0
IN 3467 6108 184 511 36 0 0
IN 3229 7468 353 222 357 0 1
IN 3689 3708 320 116 17 0 1
MOV 5677 4749 200
MOV 4923 7479 200
MOV 99822 33350 200
MOV 99319 32945 200
OUT 4870 5758 351 -490 308 0 0
OUT 3797 6756 280 550 43 0 0
OUT 3775 7742 464 232 15 0 1
OUT 4200 3882 434 148 17 0 1
Round 156 of 179
tags: ONLY_HIGH_IMPACT SINGLE_COLLISION
IN 4870 5758 351 -490 308 0 0
IN 3797 6756 280 550 43 0 0
IN 3775 7742 464 232 15 0 1
IN 4200 3882 434 148 17 0 1
MOV 5554 3879 38
MOV 5610 7601 200
MOV 103638 2508 200
MOV 86115 61240 200
OUT 5234 5232 309 -446 290 0 0
OUT 4239 7178 362 206 25 0 0
OUT 4458 8177 593 522 357 0 1
OUT 4798 4145 508 223 35 0 1
Round 157 of 179
tags: ONLY_HIGH_IMPACT SINGLE_COLLISION
IN 5234 5232 309 -446 290 0 0
IN 4239 7178 362 206 25 0 0
IN 4458 8177 593 522 357 0 1
IN 4798 4145 508 223 35 0 1
MOV 5318 3234 86
MOV 6224 7422 200
MOV 97816 -27660 200
MOV 64980 84009 0
OUT 5716 5059 543 136 272 0 0
OUT 4799 7409 476 196 7 0 0
OUT 5238 8627 662 382 339 0 1
OUT 5136 4009 153 -399 53 0 1
Round 158 of 179
tags: MOVE_ONLY
IN 5716 5059 543 136 272 0 0
IN 4799 7409 476 196 7 0 0
IN 5238 8627 662 382 339 0 1
IN 5136 4009 153 -399 53 0 1
MOV 5165 3136 200
MOV 6797 7327 200
MOV 82953 -54305 200
MOV 37693 98561 200
OUT 6205 5002 415 -48 254 0 0
OUT 5475 7597 574 159 358 0 0
OUT 6055 8883 694 217 321 0 1
OUT 5354 3799 185 -178 71 0 1
Round 159 of 179
tags: MOVE_ONLY
IN 6205 5002 415 -48 254 0 0
IN 5475 7597 574 159 358 0 0
IN 6055 8883 694 217 321 0 1
IN 5354 3799 185 -178 71 0 1
MOV 6081 3006 200
MOV 7396 7041 200
MOV 72968 -65431 200
MOV 65536 83663 0
OUT 6608 4754 342 -210 266 0 0
OUT 6241 7700 651 87 344 0 0
OUT 6883 8951 703 58 312 0 1
OUT 5539 3621 157 -151 53 0 1
Round 160 of 179
tags: MOVE_ONLY
IN 6608 4754 342 -210 266 0 0
IN 6241 7700 651 87 344 0 0
IN 6883 8951 703 58 312 0 1
IN 5539 3621 157 -151 53 0 1
MOV 5859 2900 0
MOV 8240 7770 200
MOV 47557 -82404 200
MOV 87454 60979 200
OUT 6950 4544 290 -178 248 0 0
OUT 7092 7793 723 79 2 0 0
OUT 7667 8826 666 -106 294 0 1
OUT 5860 3585 272 -30 35 0 1
Round 161 of 179
tags: MOVE_ONLY
IN 6950 4544 290 -178 248 0 0
IN 7092 7793 723 79 2 0 0
IN 7667 8826 666 -106 294 0 1
IN 5860 3585 272 -30 35 0 1
MOV 5704 2980 200
MOV 9062 8137 200
MOV 74580 -65488 200
MOV 87775 60943 200
OUT 7115 4210 140 -284 231 0 0
OUT 8012 7906 782 96 10 0 0
OUT 8467 8571 679 -216 312 0 1
OUT 6296 3670 370 72 35 0 1
Round 162 of 179
tags: MULTI_COLLISION ONLY_HIGH_IMPACT SHIELD
IN 7115 4210 140 -284 231 0 0
IN 8012 7906 782 96 10 0 0
IN 8467 8571 679 -216 312 0 1
IN 6296 3670 370 72 35 0 1
MOV 6157 2455 200
MOV 9993 7634 200
MOV 49141 -82784 200
MOV 101926 32907 SHIELD
OUT 7737 4047 769 -14 241 0 0
OUT 8707 7559 587 -298 352 0 0
OUT 9512 8588 891 18 294 0 1
OUT 6608 3712 241 23 17 3 1
Round 163 of 179
tags: ENGINE_COOLDOWN
IN 7737 4047 769 -14 241 0 0
IN 8707 7559 587 -298 352 0 0
IN 9512 8588 891 18 294 0 1
IN 6608 3712 241 23 17 3 1
MOV 6274 2683 200
MOV 10697 7355 200
MOV 50186 -82767 200
MOV 106593 1967 200
OUT 8361 3896 530 -128 223 0 0
OUT 9493 7241 668 -270 354 0 0
OUT 10484 8423 826 -140 294 0 1
OUT 6849 3735 204 19 359 2 1
Round 164 of 179
tags: ENGINE_COOLDOWN
IN 8361 3896 530 -128 223 0 0
IN 9493 7241 668 -270 354 0 0
IN 10484 8423 826 -140 294 0 1
IN 6849 3735 204 19 359 2 1
MOV 6670 2827 200
MOV 11484 7431 200
MOV 20937 -91029 200
MOV 101401 -28822 0
OUT 8722 3661 306 -199 212 0 0
OUT 10360 6990 737 -213 5 0 0
OUT 11331 8084 719 -288 276 0 1
OUT 7053 3754 173 16 341 1 1
Round 165 of 179
tags: ENGINE_COOLDOWN
IN 8722 3661 306 -199 212 0 0
IN 10360 6990 737 -213 5 0 0
IN 11331 8084 719 -288 276 0 1
IN 7053 3754 173 16 341 1 1
MOV 7436 2129 200
MOV 12355 7132 200
MOV 52005 -83271 200
MOV 86917 -56428 200
OUT 8899 3309 150 -299 230 0 0
OUT 11296 6791 796 -168 4 0 0
OUT 12131 7613 680 -400 294 0 1
OUT 7226 3770 147 13 323 0 1
Round 166 of 179
tags: MOVE_ONLY
IN 8899 3309 150 -299 230 0 0
IN 11296 6791 796 -168 4 0 0
IN 12131 7613 680 -400 294 0 1
IN 7226 3770 147 13 323 0 1
MOV 7241 2190 200
MOV 13279 6534 200
MOV 22584 -91839 0
MOV 64584 -78145 200
OUT 8883 2898 -13 -349 214 0 0
OUT 12290 6597 845 -164 353 0 0
OUT 12811 7213 578 -340 276 0 1
OUT 7488 3619 222 -128 305 0 1
Round 167 of 179
tags: ONLY_HIGH_IMPACT SHIELD SINGLE_COLLISION
IN 8883 2898 -13 -349 214 0 0
IN 12290 6597 845 -164 353 0 0
IN 12811 7213 578 -340 276 0 1
IN 7488 3619 222 -128 305 0 1
MOV 6960 2347 200
MOV 14253 6979 SHIELD
MOV 53485 -84142 200
MOV 36725 -92011 200
OUT 8678 2494 -174 -343 196 0 0
OUT 13089 6379 678 -185 11 3 0
OUT 13926 7226 954 19 294 0 1
OUT 7768 3300 238 -271 287 0 1
Round 168 of 179
tags: ENGINE_COOLDOWN
IN 8678 2494 -174 -343 196 0 0
IN 13089 6379 678 -185 11 3 0
IN 13926 7226 954 19 294 0 1
IN 7768 3300 238 -271 287 0 1
MOV 6679 2546 200
MOV 14999 6973 200
MOV 24379 -92226 200
MOV 6023 -96685 100
OUT 8304 2156 -317 -287 179 0 0
OUT 13767 6194 576 -157 17 2 0
OUT 14901 7046 828 -152 276 0 1
OUT 8004 2929 200 -315 269 0 1
Round 169 of 179
tags: ENGINE_COOLDOWN ONLY_HIGH_IMPACT SINGLE_COLLISION
IN 8304 2156 -317 -287 179 0 0
IN 13767 6194 576 -157 17 2 0
IN 14901 7046 828 -152 276 0 1
IN 8004 2929 200 -315 269 0 1
MOV 6413 2807 19
MOV 15767 6159 177
MOV -5890 -90769 200
MOV -24553 -91623 200
OUT 8080 1557 -182 -532 161 0 0
OUT 14343 6037 489 -133 359 1 0
OUT 15687 6698 668 -295 258 0 1
OUT 8028 2743 12 -135 251 0 1
Round 170 of 179
tags: ENGINE_COOLDOWN
IN 8080 1557 -182 -532 161 0 0
IN 14343 6037 489 -133 359 1 0
IN 15687 6698 668 -295 258 0 1
IN 8028 2743 12 -135 251 0 1
MOV 6288 2444 200
MOV 16234 5386 200
MOV -20150 -86660 200
MOV -52154 -77121 200
OUT 7719 1114 -307 -376 154 0 0
OUT 14832 5904 415 -113 341 0 0
OUT 16283 6216 506 -409 249 0 1
OUT 7920 2448 -92 -250 233 0 1
Round 171 of 179
tags: MOVE_ONLY
IN 7719 1114 -307 -376 154 0 0
IN 14832 5904 415 -113 341 0 0
IN 16283 6216 506 -409 249 0 1
IN 7920 2448 -92 -250 233 0 1
MOV 6059 2230 200
MOV 16429 4700 200
MOV -19554 -87142 200
MOV -73995 -54910 200
OUT 7246 850 -402 -224 146 0 0
OUT 15407 5671 489 -197 323 0 0
OUT 16717 5620 369 -506 249 0 1
OUT 7664 2083 -217 -310 215 0 1
Round 172 of 179
tags: MOVE_ONLY
IN 7246 850 -402 -224 146 0 0
IN 15407 5671 489 -197 323 0 0
IN 16717 5620 369 -506 249 0 1
IN 7664 2083 -217 -310 215 0 1
MOV 6015 2426 200
MOV 16554 4033 81
MOV -46215 -72095 200
MOV -87966 -27154 200
OUT 6721 783 -446 -56 128 0 0
OUT 15943 5408 455 -223 305 0 0
OUT 16960 4959 206 -562 231 0 1
OUT 7256 1715 -347 -313 197 0 1
Round 173 of 179
tags: ONLY_HIGH_IMPACT SINGLE_COLLISION
IN 6721 783 -446 -56 128 0 0
IN 15943 5408 455 -223 305 0 0
IN 16960 4959 206 -562 231 0 1
IN 7256 1715 -347 -313 197 0 1
MOV 6031 2660 200
MOV 16528 3495 200
MOV -57354 -61954 200
MOV -92729 3460 200
OUT 6141 837 -633 -122 110 0 0
OUT 16457 4994 437 -351 287 0 0
OUT 17017 4263 48 -591 222 0 1
OUT 6774 1483 -269 -28 179 0 1
Round 174 of 179
tags: MOVE_ONLY
IN 6141 837 -633 -122 110 0 0
IN 16457 4994 437 -351 287 0 0
IN 17017 4263 48 -591 222 0 1
IN 6774 1483 -269 -28 179 0 1
MOV 6071 2836 200
MOV 17450 3258 200
MOV -74338 -36411 200
MOV -87778 34040 200
OUT 5500 915 -544 66 92 0 0
OUT 16993 4469 455 -445 300 0 0
OUT 16882 3591 -114 -571 204 0 1
OUT 6316 1520 -389 31 161 0 1
Round 175 of 179
tags: MOVE_ONLY
IN 5500 915 -544 66 92 0 0
IN 16993 4469 455 -445 300 0 0
IN 16882 3591 -114 -571 204 0 1
IN 6316 1520 -389 31 161 0 1
MOV 5585 2913 200
MOV 17961 2719 200
MOV -82570 -6862 200
MOV -93669 3265 100
OUT 4965 1181 -455 225 88 0 0
OUT 17545 3849 469 -527 299 0 0
OUT 16569 2999 -265 -503 186 0 1
OUT 5827 1553 -415 27 179 0 1
Round 176 of 179
tags: ONLY_HIGH_IMPACT SINGLE_COLLISION
IN 4965 1181 -455 225 88 0 0
IN 17545 3849 469 -527 299 0 0
IN 16569 2999 -265 -503 186 0 1
IN 5827 1553 -415 27 179 0 1
MOV 5355 3143 200
MOV 18701 2217 200
MOV -81246 23790 200
MOV -88725 34110 200
OUT 4415 1565 -573 297 79 0 0
OUT 18130 3159 496 -586 305 0 0
OUT 16108 2538 -391 -392 168 0 1
OUT 5357 1682 -293 139 161 0 1
Round 177 of 179
tags: MOVE_ONLY
IN 4415 1565 -573 297 79 0 0
IN 18130 3159 496 -586 305 0 0
IN 16108 2538 -391 -392 168 0 1
IN 5357 1682 -293 139 161 0 1
MOV 4203 3554 200
MOV 19521 1722 200
MOV -70495 52538 200
MOV -74507 61864 200
OUT 3821 2061 -505 421 96 0 0
OUT 18765 2429 539 -620 314 0 0
OUT 15544 2246 -479 -248 150 0 1
OUT 4904 1941 -384 220 143 0 1
Round 178 of 179
tags: MOVE_ONLY
IN 3821 2061 -505 421 96 0 0
IN 18765 2429 539 -620 314 0 0
IN 15544 2246 -479 -248 150 0 1
IN 4904 1941 -384 220 143 0 1
MOV 4113 4040 200
MOV 20083 925 200
MOV -71059 52246 200
MOV -52454 83856 200
OUT 3345 2680 -404 526 82 0 0
OUT 19436 1659 570 -654 311 0 0
OUT 14892 2098 -554 -125 150 0 1
OUT 4405 2325 -423 326 125 0 1
Round 179 of 179
tags: MOVE_ONLY
IN 3345 2680 -404 526 82 0 0
IN 19436 1659 570 -654 311 0 0
IN 14892 2098 -554 -125 150 0 1
IN 4405 2325 -423 326 125 0 1
MOV 3673 4653 200
MOV 20345 -122 200
MOV -71711 52098 200
MOV -24832 97955 200
OUT 2974 3403 -315 614 81 0 0
OUT 20097 827 561 -707 297 0 0
OUT 14165 2073 -618 -21 150 0 1
OUT 3924 2842 -409 439 107 0 1
