Replay between sethorizer and Owl
where Owl wins!
Round 1 of 136
tags: BOOST
IN 12902 5892 0 0 233 0 0
IN 13646 5224 0 0 223 0 0
IN 12158 6561 0 0 243 0 0
IN 14390 4555 0 0 213 0 0
MOV 11707 4288 200
MOV 12181 3862 200
MOV 9535 1397 BOOST
MOV 9535 1397 100
OUT 12783 5732 -101 -136 233 0 0
OUT 13500 5088 -124 -115 223 0 0
OUT 11864 5981 -250 -492 243 0 1
OUT 14306 4500 -71 -46 213 0 0
Round 2 of 136
tags: MOVE_ONLY
IN 12783 5732 -101 -136 233 0 0
IN 13500 5088 -124 -115 223 0 0
IN 11864 5981 -250 -492 243 0 1
IN 14306 4500 -71 -46 213 0 0
MOV 11288 4403 200
MOV 12403 3416 200
MOV 10956 4198 200
MOV 12628 3410 200
OUT 12533 5463 -212 -228 222 0 0
OUT 13266 4806 -198 -239 237 0 0
OUT 11523 5311 -289 -569 243 0 1
OUT 14067 4345 -202 -131 213 0 0
Round 3 of 136
tags: HAS_LOW_IMPACT SINGLE_COLLISION
IN 12533 5463 -212 -228 222 0 0
IN 13266 4806 -198 -239 237 0 0
IN 11523 5311 -289 -569 243 0 1
IN 14067 4345 -202 -131 213 0 0
MOV 11533 3731 200
MOV 12031 3233 200
MOV 10615 3528 200
MOV 12135 3827 200
OUT 12220 5062 -266 -340 240 0 0
OUT 12905 4426 -426 -276 232 0 0
OUT 11143 4564 -322 -635 243 0 1
OUT 13712 4146 -182 -216 195 0 0
Round 4 of 136
tags: HAS_LOW_IMPACT SINGLE_COLLISION
IN 12220 5062 -266 -340 240 0 0
IN 12905 4426 -426 -276 232 0 0
IN 11143 4564 -322 -635 243 0 1
IN 13712 4146 -182 -216 195 0 0
MOV 10742 3714 200
MOV 11525 2978 200
MOV 9728 3149 0
MOV 11780 3628 200
OUT 11797 4597 -462 -284 222 0 0
OUT 12350 3996 -368 -476 226 0 0
OUT 10821 3929 -273 -539 225 0 1
OUT 13337 3878 -318 -227 195 0 0
Round 5 of 136
tags: MOVE_ONLY
IN 11797 4597 -462 -284 222 0 0
IN 12350 3996 -368 -476 226 0 0
IN 10821 3929 -273 -539 225 0 1
IN 13337 3878 -318 -227 195 0 0
MOV 9970 3784 18
MOV 10584 3057 200
MOV 9038 3021 0
MOV 11405 3360 200
OUT 11319 4306 -406 -247 204 0 0
OUT 11806 3425 -462 -485 208 0 0
OUT 10548 3390 -232 -458 207 0 1
OUT 12826 3599 -434 -236 195 0 0
Round 6 of 136
tags: MOVE_ONLY
IN 11319 4306 -406 -247 204 0 0
IN 11806 3425 -462 -485 208 0 0
IN 10548 3390 -232 -458 207 0 1
IN 12826 3599 -434 -236 195 0 0
MOV 9330 4097 187
MOV 9836 3078 0
MOV 8765 2482 200
MOV 10894 3081 200
OUT 10727 4038 -503 -227 186 0 0
OUT 11344 2940 -392 -412 190 0 0
OUT 10138 2841 -348 -466 207 0 1
OUT 12199 3311 -533 -244 195 0 0
Round 7 of 136
tags: MOVE_ONLY
IN 10727 4038 -503 -227 186 0 0
IN 11344 2940 -392 -412 190 0 0
IN 10138 2841 -348 -466 207 0 1
IN 12199 3311 -533 -244 195 0 0
MOV 8730 4155 200
MOV 9462 2263 200
MOV 8355 1933 200
MOV 10521 2221 0
OUT 10024 3823 -597 -183 177 0 0
OUT 10764 2460 -493 -407 200 0 0
OUT 9612 2284 -447 -473 207 0 1
OUT 11666 3067 -453 -207 213 0 0
Round 8 of 136
tags: MOVE_ONLY
IN 10024 3823 -597 -183 177 0 0
IN 10764 2460 -493 -407 200 0 0
IN 9612 2284 -447 -473 207 0 1
IN 11666 3067 -453 -207 213 0 0
MOV 8071 3391 200
MOV 8765 2390 200
MOV 7636 1971 0
MOV 9734 2549 200
OUT 9232 3597 -673 -192 192 0 0
OUT 10071 2046 -588 -351 182 0 0
OUT 9165 1811 -379 -402 189 0 1
OUT 11020 2808 -549 -219 195 0 0
Round 9 of 136
tags: HAS_LOW_IMPACT SINGLE_COLLISION
IN 9232 3597 -673 -192 192 0 0
IN 10071 2046 -588 -351 182 0 0
IN 9165 1811 -379 -402 189 0 1
IN 11020 2808 -549 -219 195 0 0
MOV 7262 3250 35
MOV 8146 2589 200
MOV 7189 2123 200
MOV 9022 2912 200
OUT 8525 3399 -601 -168 190 0 0
OUT 9329 1765 -504 -189 164 0 0
OUT 8550 1425 -649 -378 171 0 1
OUT 10271 2599 -636 -177 177 0 0
Round 10 of 136
tags: MOVE_ONLY
IN 8525 3399 -601 -168 190 0 0
IN 9329 1765 -504 -189 164 0 0
IN 8550 1425 -649 -378 171 0 1
IN 10271 2599 -636 -177 177 0 0
MOV 6583 2922 0
MOV 7671 2883 200
MOV 6767 2332 0
MOV 8403 3315 200
OUT 7924 3231 -510 -142 194 0 0
OUT 8659 1687 -569 -66 146 0 0
OUT 7901 1047 -551 -321 153 0 1
OUT 9448 2494 -699 -89 159 0 0
Round 11 of 136
tags: MOVE_ONLY
IN 7924 3231 -510 -142 194 0 0
IN 8659 1687 -569 -66 146 0 0
IN 7901 1047 -551 -321 153 0 1
IN 9448 2494 -699 -89 159 0 0
MOV 5929 3371 200
MOV 7238 3095 200
MOV 6486 2461 200
MOV 7893 3752 200
OUT 7214 3103 -603 -108 176 0 0
OUT 7948 1762 -604 63 135 0 0
OUT 7208 867 -588 -152 135 0 1
OUT 8594 2531 -726 31 141 0 0
Round 12 of 136
tags: SHIELD
IN 7214 3103 -603 -108 176 0 0
IN 7948 1762 -604 63 135 0 0
IN 7208 867 -588 -152 135 0 1
IN 8594 2531 -726 31 141 0 0
MOV 5273 2619 SHIELD
MOV 6166 2670 200
MOV 6300 2649 200
MOV 7039 3789 200
OUT 6611 2995 -512 -91 194 3 0
OUT 7166 1916 -664 130 153 0 0
OUT 6529 893 -577 22 117 0 1
OUT 7713 2688 -749 133 141 0 0
Round 13 of 136
tags: ENGINE_COOLDOWN ONLY_HIGH_IMPACT SINGLE_COLLISION
IN 6611 2995 -512 -91 194 3 0
IN 7166 1916 -664 130 153 0 0
IN 6529 893 -577 22 117 0 1
IN 7713 2688 -749 133 141 0 0
MOV 4844 2058 200
MOV 5732 3310 175
MOV 6216 2868 0
MOV 5845 3404 0
OUT 6094 2917 -562 255 208 2 0
OUT 6381 2155 -543 -118 136 0 0
OUT 5952 915 -490 18 99 0 1
OUT 6964 2821 -636 113 159 0 0
Round 14 of 136
tags: ENGINE_COOLDOWN ONLY_HIGH_IMPACT SINGLE_COLLISION
IN 6094 2917 -562 255 208 2 0
IN 6381 2155 -543 -118 136 0 0
IN 5952 915 -490 18 99 0 1
IN 6964 2821 -636 113 159 0 0
MOV 4594 1594 51
MOV 5442 3921 200
MOV 6264 2890 0
MOV 4966 2925 200
OUT 5361 3201 -685 252 221 1 0
OUT 5744 2214 -541 49 118 0 0
OUT 5462 933 -416 15 81 0 1
OUT 6300 2915 -502 69 177 0 0
Round 15 of 136
tags: ENGINE_COOLDOWN HAS_LOW_IMPACT SINGLE_COLLISION
IN 5361 3201 -685 252 221 1 0
IN 5744 2214 -541 49 118 0 0
IN 5462 933 -416 15 81 0 1
IN 6300 2915 -502 69 177 0 0
MOV 4331 1487 0
MOV 5397 4184 200
MOV 6369 2715 200
MOV 4302 3019 200
OUT 4676 3453 -582 214 239 0 0
OUT 5092 2364 -608 59 100 0 0
OUT 5137 1126 -276 164 63 0 1
OUT 5675 3090 -477 216 177 0 0
Round 16 of 136
tags: MOVE_ONLY
IN 4676 3453 -582 214 239 0 0
IN 5092 2364 -608 59 100 0 0
IN 5137 1126 -276 164 63 0 1
IN 5675 3090 -477 216 177 0 0
MOV 4226 1504 46
MOV 5370 4345 146
MOV 5449 3101 200
MOV 3743 2572 200
OUT 4084 3622 -503 143 257 0 0
OUT 4504 2568 -499 173 82 0 0
OUT 4892 1488 -208 307 81 0 1
OUT 5005 3254 -569 139 195 0 0
Round 17 of 136
tags: ONLY_HIGH_IMPACT SINGLE_COLLISION
IN 4084 3622 -503 143 257 0 0
IN 4504 2568 -499 173 82 0 0
IN 4892 1488 -208 307 81 0 1
IN 5005 3254 -569 139 195 0 0
MOV 3504 1708 135
MOV 5381 4366 200
MOV 4579 3463 200
MOV 3073 2736 200
OUT 3542 3636 -460 11 253 0 0
OUT 3880 2618 -554 8 64 0 0
OUT 4653 1993 -203 428 99 0 1
OUT 4455 3644 -443 365 195 0 0
Round 18 of 136
tags: MOVE_ONLY
IN 3542 3636 -460 11 253 0 0
IN 3880 2618 -554 8 64 0 0
IN 4653 1993 -203 428 99 0 1
IN 4455 3644 -443 365 195 0 0
MOV 3577 1636 39
MOV 5269 4057 200
MOV 3745 3775 200
MOV 2777 2554 0
OUT 3083 3608 -390 -23 271 0 0
OUT 3465 2770 -352 129 46 0 0
OUT 4359 2599 -249 515 117 0 1
OUT 4012 4009 -376 310 213 0 0
Round 19 of 136
tags: HAS_LOW_IMPACT MULTI_COLLISION
IN 3083 3608 -390 -23 271 0 0
IN 3465 2770 -352 129 46 0 0
IN 4359 2599 -249 515 117 0 1
IN 4012 4009 -376 310 213 0 0
MOV 3734 1717 110
MOV 4342 4568 184
MOV 2944 4013 200
MOV 2753 2454 200
OUT 2624 3655 -440 124 289 0 0
OUT 3198 2879 -283 -2 64 0 0
OUT 4069 3266 -139 578 135 0 1
OUT 3510 4164 -426 131 231 0 0
Round 20 of 136
tags: MOVE_ONLY
IN 2624 3655 -440 124 289 0 0
IN 3198 2879 -283 -2 64 0 0
IN 4069 3266 -139 578 135 0 1
IN 3510 4164 -426 131 231 0 0
MOV 3479 1847 200
MOV 4587 4318 200
MOV 3161 5048 0
MOV 2793 2296 200
OUT 2270 3598 -301 -48 295 0 0
OUT 3054 3021 -122 120 46 0 0
OUT 3930 3844 -118 491 117 0 1
OUT 3012 4108 -423 -47 249 0 0
Round 21 of 136
tags: ONLY_HIGH_IMPACT SHIELD SINGLE_COLLISION
IN 2270 3598 -301 -48 295 0 0
IN 3054 3021 -122 120 46 0 0
IN 3930 3844 -118 491 117 0 1
IN 3012 4108 -423 -47 249 0 0
MOV 2514 1613 SHIELD
MOV 4820 3960 200
MOV 3617 5819 0
MOV 2907 2110 200
OUT 1951 3539 -284 -58 277 3 0
OUT 3109 3235 46 181 28 0 0
OUT 3812 4335 -100 417 99 0 1
OUT 2761 3973 -82 -34 267 0 0
Round 22 of 136
tags: ENGINE_COOLDOWN ONLY_HIGH_IMPACT SINGLE_COLLISION
IN 1951 3539 -284 -58 277 3 0
IN 3109 3235 46 181 28 0 0
IN 3812 4335 -100 417 99 0 1
IN 2761 3973 -82 -34 267 0 0
MOV 2106 1545 124
MOV 4498 4674 105
MOV 4124 6310 200
MOV 3278 2041 200
OUT 1667 3481 -241 -49 274 2 0
OUT 3384 3176 239 -62 46 0 0
OUT 3743 4950 -58 522 81 0 1
OUT 2575 4061 -164 86 285 0 0
Round 23 of 136
tags: ENGINE_COOLDOWN
IN 1667 3481 -241 -49 274 2 0
IN 3384 3176 239 -62 46 0 0
IN 3743 4950 -58 522 81 0 1
IN 2575 4061 -164 86 285 0 0
MOV 1302 1515 0
MOV 4261 4974 54
MOV 4650 6732 200
MOV 3664 2383 0
OUT 1426 3432 -204 -41 259 1 0
OUT 3647 3163 223 -11 64 0 0
OUT 3776 5650 27 595 63 0 1
OUT 2411 4147 -139 73 303 0 0
Round 24 of 136
tags: ENGINE_COOLDOWN SHIELD
IN 1426 3432 -204 -41 259 1 0
IN 3647 3163 223 -11 64 0 0
IN 3776 5650 27 595 63 0 1
IN 2411 4147 -139 73 303 0 0
MOV 456 1683 SHIELD
MOV 3925 5144 200
MOV 5190 7064 200
MOV 3965 2888 0
OUT 1222 3391 -173 -34 241 3 0
OUT 3898 3350 213 158 82 0 0
OUT 3944 6386 143 626 45 0 1
OUT 2272 4220 -118 62 321 0 0
Round 25 of 136
tags: ENGINE_COOLDOWN SHIELD
IN 1222 3391 -173 -34 241 3 0
IN 3898 3350 213 158 82 0 0
IN 3944 6386 143 626 45 0 1
IN 2272 4220 -118 62 321 0 0
MOV 390 1572 SHIELD
MOV 3551 5320 200
MOV 5726 7293 200
MOV 4139 3503 200
OUT 1049 3357 -147 -28 245 3 0
OUT 4076 3705 151 301 100 0 0
OUT 4265 7103 272 609 27 0 1
OUT 2341 4210 58 -8 339 0 0
Round 26 of 136
tags: ENGINE_COOLDOWN
IN 1049 3357 -147 -28 245 3 0
IN 4076 3705 151 301 100 0 0
IN 4265 7103 272 609 27 0 1
IN 2341 4210 58 -8 339 0 0
MOV -45 1683 127
MOV 3714 5672 200
MOV 6240 7415 200
MOV 4338 4105 200
OUT 902 3329 -124 -23 237 2 0
OUT 4191 4203 97 423 100 0 0
OUT 4735 7743 399 544 9 0 1
OUT 2599 4191 219 -15 357 0 0
Round 27 of 136
tags: ENGINE_COOLDOWN SHIELD
IN 902 3329 -124 -23 237 2 0
IN 4191 4203 97 423 100 0 0
IN 4735 7743 399 544 9 0 1
IN 2599 4191 219 -15 357 0 0
MOV -652 2070 SHIELD
MOV 4469 6184 196
MOV 6710 7430 200
MOV 4530 4708 200
OUT 778 3306 -105 -19 219 3 0
OUT 4314 4820 104 524 82 0 0
OUT 5332 8256 507 435 351 0 1
OUT 3011 4228 350 31 15 0 0
Round 28 of 136
tags: ENGINE_COOLDOWN SHIELD
IN 778 3306 -105 -19 219 3 0
IN 4314 4820 104 524 82 0 0
IN 5332 8256 507 435 351 0 1
IN 3011 4228 350 31 15 0 0
MOV -1089 2589 SHIELD
MOV 5191 6618 32
MOV 7114 7348 0
MOV 4688 5317 200
OUT 673 3287 -89 -16 201 3 0
OUT 4432 5373 100 469 64 0 0
OUT 5839 8691 430 369 333 0 1
OUT 3529 4368 440 118 33 0 0
Round 29 of 136
tags: ENGINE_COOLDOWN SHIELD
IN 673 3287 -89 -16 201 3 0
IN 4432 5373 100 469 64 0 0
IN 5839 8691 430 369 333 0 1
IN 3529 4368 440 118 33 0 0
MOV -1324 3182 SHIELD
MOV 5821 6812 200
MOV 7253 7276 200
MOV 4787 5922 200
OUT 584 3271 -75 -13 183 3 0
OUT 4670 5987 202 521 46 0 0
OUT 6410 8919 485 193 315 0 1
OUT 4095 4641 481 232 51 0 0
Round 30 of 136
tags: ENGINE_COOLDOWN SHIELD
IN 584 3271 -75 -13 183 3 0
IN 4670 5987 202 521 46 0 0
IN 6410 8919 485 193 315 0 1
IN 4095 4641 481 232 51 0 0
MOV -1283 2554 SHIELD
MOV 6436 6926 200
MOV 7317 7136 0
MOV 5353 6195 200
OUT 509 3258 -63 -11 201 3 0
OUT 5048 6603 321 523 28 0 0
OUT 6895 9112 412 164 297 0 1
OUT 4702 5028 515 329 51 0 0
Round 31 of 136
tags: ENGINE_COOLDOWN
IN 509 3258 -63 -11 201 3 0
IN 5048 6603 321 523 28 0 0
IN 6895 9112 412 164 297 0 1
IN 4702 5028 515 329 51 0 0
MOV -1045 1999 42
MOV 7006 7009 200
MOV 7207 7136 200
MOV 6379 6117 200
OUT 446 3247 -53 -9 219 2 0
OUT 5565 7167 439 479 12 0 0
OUT 7338 9078 376 -28 279 0 1
OUT 5385 5466 580 372 33 0 0
Round 32 of 136
tags: ENGINE_COOLDOWN SHIELD
IN 446 3247 -53 -9 219 2 0
IN 5565 7167 439 479 12 0 0
IN 7338 9078 376 -28 279 0 1
IN 5385 5466 580 372 33 0 0
MOV -643 1570 SHIELD
MOV 7554 6958 200
MOV 7025 7102 200
MOV 6643 7020 200
OUT 393 3238 -45 -7 237 3 0
OUT 6203 7625 542 389 354 0 0
OUT 7683 8852 293 -191 261 0 1
OUT 6091 5993 599 448 51 0 0
Round 33 of 136
tags: ENGINE_COOLDOWN
IN 393 3238 -45 -7 237 3 0
IN 6203 7625 542 389 354 0 0
IN 7683 8852 293 -191 261 0 1
IN 6091 5993 599 448 51 0 0
MOV -125 1306 158
MOV 8030 6812 132
MOV 7370 6876 200
MOV 6807 7860 200
OUT 348 3231 -38 -5 255 2 0
OUT 6866 7960 563 285 336 0 0
OUT 7945 8463 222 -330 261 0 1
OUT 6762 6628 570 539 69 0 0
Round 34 of 136
tags: ENGINE_COOLDOWN
IN 348 3231 -38 -5 255 2 0
IN 6866 7960 563 285 336 0 0
IN 7945 8463 222 -330 261 0 1
IN 6762 6628 570 539 69 0 0
MOV 453 1234 200
MOV 8384 6658 26
MOV 8257 6487 200
MOV 6866 8625 200
OUT 310 3226 -32 -4 273 1 0
OUT 7449 8228 495 227 319 0 0
OUT 8198 7935 215 -448 279 0 1
OUT 7342 7367 493 627 87 0 0
Round 35 of 136
tags: ENGINE_COOLDOWN MULTI_COLLISION ONLY_HIGH_IMPACT SHIELD
IN 310 3226 -32 -4 273 1 0
IN 7449 8228 495 227 319 0 0
IN 8198 7935 215 -448 279 0 1
IN 7342 7367 493 627 87 0 0
MOV 1027 1359 195
MOV 8479 6514 SHIELD
MOV 9105 6152 200
MOV 8058 9234 SHIELD
OUT 278 3222 -27 -3 291 0 0
OUT 7988 8781 465 526 301 3 0
OUT 8783 7355 676 -463 297 0 1
OUT 7763 7664 332 192 69 3 0
Round 36 of 136
tags: ENGINE_COOLDOWN
IN 278 3222 -27 -3 291 0 0
IN 7988 8781 465 526 301 3 0
IN 8783 7355 676 -463 297 0 1
IN 7763 7664 332 192 69 3 0
MOV 1537 1668 200
MOV 8438 6832 56
MOV 10197 5940 0
MOV 7867 9661 0
OUT 377 3064 84 -134 309 0 0
OUT 8453 9307 395 447 283 2 0
OUT 9459 6892 574 -393 315 0 1
OUT 8095 7856 282 163 87 2 0
Round 37 of 136
tags: ENGINE_COOLDOWN
IN 377 3064 84 -134 309 0 0
IN 8453 9307 395 447 283 2 0
IN 9459 6892 574 -393 315 0 1
IN 8095 7856 282 163 87 2 0
MOV 2054 1975 200
MOV 8279 7315 52
MOV 11241 5984 0
MOV 7577 9787 0
OUT 629 2821 213 -206 327 0 0
OUT 8848 9754 335 379 265 1 0
OUT 10033 6499 487 -334 333 0 1
OUT 8377 8019 239 138 105 1 0
Round 38 of 136
tags: ENGINE_COOLDOWN
IN 629 2821 213 -206 327 0 0
IN 8848 9754 335 379 265 1 0
IN 10033 6499 487 -334 333 0 1
IN 8377 8019 239 138 105 1 0
MOV 2561 2303 200
MOV 8067 7913 162
MOV 12008 6186 200
MOV 8481 10016 0
OUT 1035 2563 345 -219 345 0 0
OUT 9183 10133 284 322 247 0 0
OUT 10718 6134 581 -310 351 0 1
OUT 8616 8157 203 117 87 0 0
Round 39 of 136
tags: MOVE_ONLY
IN 1035 2563 345 -219 345 0 0
IN 9183 10133 284 322 247 0 0
IN 10718 6134 581 -310 351 0 1
IN 8616 8157 203 117 87 0 0
MOV 2950 1986 200
MOV 7871 8624 200
MOV 12693 5821 200
MOV 8098 10088 200
OUT 1571 2286 456 -235 343 0 0
OUT 9337 10303 130 144 229 0 0
OUT 11497 5793 661 -290 351 0 1
OUT 8767 8467 128 263 105 0 0
Round 40 of 136
tags: MOVE_ONLY
IN 1571 2286 456 -235 343 0 0
IN 9337 10303 130 144 229 0 0
IN 11497 5793 661 -290 351 0 1
IN 8767 8467 128 263 105 0 0
MOV 3571 2321 200
MOV 7709 9142 200
MOV 13279 4885 0
MOV 7677 10144 200
OUT 2227 2054 557 -196 1 0 0
OUT 9304 10331 -27 23 215 0 0
OUT 12158 5503 561 -246 333 0 1
OUT 8786 8898 16 366 123 0 0
Round 41 of 136
tags: MOVE_ONLY
IN 2227 2054 557 -196 1 0 0
IN 9304 10331 -27 23 215 0 0
IN 12158 5503 561 -246 333 0 1
IN 8786 8898 16 366 123 0 0
MOV 4213 1814 200
MOV 8100 8734 200
MOV 13572 4088 0
MOV 8268 10829 200
OUT 2983 1834 642 -186 353 0 0
OUT 9157 10194 -125 -116 233 0 0
OUT 12719 5257 476 -209 315 0 1
OUT 8750 9457 -30 475 105 0 0
Round 42 of 136
tags: ONLY_HIGH_IMPACT SHIELD SINGLE_COLLISION
IN 2983 1834 642 -186 353 0 0
IN 9157 10194 -125 -116 233 0 0
IN 12719 5257 476 -209 315 0 1
IN 8750 9457 -30 475 105 0 0
MOV 4947 2214 200
MOV 8488 8309 200
MOV 13626 3474 0
MOV 8854 11454 SHIELD
OUT 3821 1686 712 -125 11 0 0
OUT 9612 11017 418 755 250 0 0
OUT 13195 5048 404 -177 297 0 1
OUT 8655 9819 -83 302 87 3 0
Round 43 of 136
tags: ENGINE_COOLDOWN
IN 3821 1686 712 -125 11 0 0
IN 9612 11017 418 755 250 0 0
IN 13195 5048 404 -177 297 0 1
IN 8655 9819 -83 302 87 3 0
MOV 5771 2130 200
MOV 9000 9113 200
MOV 13507 3072 0
MOV 9371 11686 0
OUT 4728 1605 770 -68 13 0 0
OUT 9969 11582 303 479 252 0 0
OUT 13599 4871 343 -150 279 0 1
OUT 8572 10121 -70 256 69 2 0
Round 44 of 136
tags: ENGINE_COOLDOWN
IN 4728 1605 770 -68 13 0 0
IN 9969 11582 303 479 252 0 0
IN 13599 4871 343 -150 279 0 1
IN 8572 10121 -70 256 69 2 0
MOV 6448 2626 92
MOV 8793 9964 200
MOV 13286 2895 200
MOV 9830 11675 0
OUT 5577 1584 721 -17 31 0 0
OUT 10155 11899 158 269 234 0 0
OUT 13911 4523 264 -295 261 0 1
OUT 8502 10377 -59 217 51 1 0
Round 45 of 136
tags: ENGINE_COOLDOWN
IN 5577 1584 721 -17 31 0 0
IN 10155 11899 158 269 234 0 0
IN 13911 4523 264 -295 261 0 1
IN 8502 10377 -59 217 51 1 0
MOV 7526 2034 94
MOV 8996 10269 200
MOV 13003 2740 200
MOV 10179 11466 200
OUT 6390 1588 690 3 13 0 0
OUT 10197 12005 35 90 235 0 0
OUT 14084 4050 147 -402 243 0 1
OUT 8443 10594 -50 184 33 0 0
Round 46 of 136
tags: MOVE_ONLY
IN 6390 1588 690 3 13 0 0
IN 10197 12005 35 90 235 0 0
IN 14084 4050 147 -402 243 0 1
IN 8443 10594 -50 184 33 0 0
MOV 8383 1426 105
MOV 9595 10098 200
MOV 12669 2635 200
MOV 10374 11111 200
OUT 7185 1582 675 -4 355 0 0
OUT 10172 11904 -21 -85 252 0 0
OUT 14090 3507 4 -461 225 0 1
OUT 8586 10830 121 200 15 0 0
Round 47 of 136
tags: MOVE_ONLY
IN 7185 1582 675 -4 355 0 0
IN 10172 11904 -21 -85 252 0 0
IN 14090 3507 4 -461 225 0 1
IN 8586 10830 121 200 15 0 0
MOV 9044 844 26
MOV 10153 9904 200
MOV 12307 2599 200
MOV 10583 10725 200
OUT 7884 1568 594 -11 338 0 0
OUT 10149 11619 -19 -242 269 0 0
OUT 13916 2955 -148 -469 207 0 1
OUT 8907 11020 272 161 357 0 0
Round 48 of 136
tags: ONLY_HIGH_IMPACT SINGLE_COLLISION
IN 7884 1568 594 -11 338 0 0
IN 10149 11619 -19 -242 269 0 0
IN 13916 2955 -148 -469 207 0 1
IN 8907 11020 272 161 357 0 0
MOV 9770 902 200
MOV 9647 9683 200
MOV 11940 2642 200
MOV 10774 10303 200
OUT 8667 1490 665 -65 341 0 0
OUT 10163 11199 455 -274 255 0 0
OUT 13570 2455 -293 -425 189 0 1
OUT 9283 11094 -123 -19 339 0 0
Round 49 of 136
tags: MOVE_ONLY
IN 8667 1490 665 -65 341 0 0
IN 10163 11199 455 -274 255 0 0
IN 13570 2455 -293 -425 189 0 1
IN 9283 11094 -123 -19 339 0 0
MOV 10568 867 200
MOV 9177 9459 200
MOV 11594 2767 200
MOV 10837 9835 200
OUT 9522 1363 726 -108 342 0 0
OUT 10519 10751 302 -380 240 0 0
OUT 13079 2061 -416 -334 171 0 1
OUT 9315 10949 27 -123 321 0 0
Round 50 of 136
tags: MOVE_ONLY
IN 9522 1363 726 -108 342 0 0
IN 10519 10751 302 -380 240 0 0
IN 13079 2061 -416 -334 171 0 1
IN 9315 10949 27 -123 321 0 0
MOV 11522 1363 200
MOV 9069 9373 200
MOV 11296 2968 200
MOV 10404 9271 200
OUT 10448 1254 787 -92 360 0 0
OUT 10676 10233 133 -440 224 0 0
OUT 12485 1818 -505 -206 153 0 1
OUT 9451 10658 115 -247 303 0 0
Round 51 of 136
tags: ONLY_HIGH_IMPACT SHIELD SINGLE_COLLISION
IN 10448 1254 787 -92 360 0 0
IN 10676 10233 133 -440 224 0 0
IN 12485 1818 -505 -206 153 0 1
IN 9451 10658 115 -247 303 0 0
MOV 12350 1872 200
MOV 8878 9356 200
MOV 11070 3232 SHIELD
MOV 9968 8726 200
OUT 11229 1108 -992 -1095 18 0 0
OUT 10629 9705 -39 -448 206 0 0
OUT 12000 1623 -246 -68 135 3 1
OUT 9618 10218 141 -374 285 0 0
Round 52 of 136
tags: ENGINE_COOLDOWN ONLY_HIGH_IMPACT SINGLE_COLLISION
IN 11229 1108 -992 -1095 18 0 0
IN 10629 9705 -39 -448 206 0 0
IN 12000 1623 -246 -68 135 3 1
IN 9618 10218 141 -374 285 0 0
MOV 12847 2284 200
MOV 8723 9099 200
MOV 10217 2530 0
MOV 9513 8220 200
OUT 10399 130 -705 -831 36 0 0
OUT 10408 9191 39 -592 198 0 0
OUT 11754 1555 -209 -57 153 2 1
OUT 9740 9650 -124 -327 267 0 0
Round 53 of 136
tags: ENGINE_COOLDOWN
IN 10399 130 -705 -831 36 0 0
IN 10408 9191 39 -592 198 0 0
IN 11754 1555 -209 -57 153 2 1
IN 9740 9650 -124 -327 267 0 0
MOV 11720 1632 200
MOV 8416 9013 186
MOV 10339 2969 0
MOV 9635 7652 200
OUT 9826 -551 -486 -578 49 0 0
OUT 10262 8582 -124 -517 185 0 0
OUT 11545 1498 -177 -48 135 1 1
OUT 9606 9123 -114 -447 267 0 0
Round 54 of 136
tags: ENGINE_COOLDOWN ONLY_HIGH_IMPACT SINGLE_COLLISION
IN 9826 -551 -486 -578 49 0 0
IN 10262 8582 -124 -517 185 0 0
IN 11545 1498 -177 -48 135 1 1
IN 9606 9123 -114 -447 267 0 0
MOV 10934 1114 200
MOV 8313 9032 200
MOV 9762 2405 200
MOV 10123 7191 200
OUT 9451 -962 -318 -349 56 0 0
OUT 10138 7946 -72 -567 167 0 0
OUT 11368 1450 -150 -40 153 0 1
OUT 9349 8646 -251 -378 285 0 0
Round 55 of 136
tags: MOVE_ONLY
IN 9451 -962 -318 -349 56 0 0
IN 10138 7946 -72 -567 167 0 0
IN 11368 1450 -150 -40 153 0 1
IN 9349 8646 -251 -378 285 0 0
MOV 10002 961 200
MOV 8424 8976 151
MOV 9585 2357 200
MOV 10438 6968 200
OUT 9188 -1119 -223 -133 74 0 0
OUT 9936 7457 -171 -416 149 0 0
OUT 11040 1501 -279 43 153 0 1
OUT 9207 8100 -120 -463 303 0 0
Round 56 of 136
tags: ONLY_HIGH_IMPACT SINGLE_COLLISION
IN 9188 -1119 -223 -133 74 0 0
IN 9936 7457 -171 -416 149 0 0
IN 11040 1501 -279 43 153 0 1
IN 9207 8100 -120 -463 303 0 0
MOV 10306 539 200
MOV 8393 8730 200
MOV 9064 1813 200
MOV 10761 6841 200
OUT 9077 -1086 -94 27 56 0 0
OUT 9832 6970 20 -510 140 0 0
OUT 10563 1575 -405 63 171 0 1
OUT 9021 7709 -267 -235 321 0 0
Round 57 of 136
tags: MOVE_ONLY
IN 9077 -1086 -94 27 56 0 0
IN 9832 6970 20 -510 140 0 0
IN 10563 1575 -405 63 171 0 1
IN 9021 7709 -267 -235 321 0 0
MOV 9628 837 200
MOV 8772 8666 200
MOV 8780 2482 200
MOV 10888 6992 200
OUT 9038 -867 -33 186 74 0 0
OUT 9745 6629 -74 -290 122 0 0
OUT 9980 1729 -495 130 153 0 1
OUT 8941 7402 -68 -260 339 0 0
Round 58 of 136
tags: MOVE_ONLY
IN 9038 -867 -33 186 74 0 0
IN 9745 6629 -74 -290 122 0 0
IN 9980 1729 -495 130 153 0 1
IN 8941 7402 -68 -260 339 0 0
MOV 9060 1133 200
MOV 8213 7915 200
MOV 8197 2636 200
MOV 10495 6143 0
OUT 9007 -481 -26 328 89 0 0
OUT 9518 6468 -193 -137 140 0 0
OUT 9307 1950 -572 187 153 0 1
OUT 8873 7142 -57 -221 321 0 0
Round 59 of 136
tags: ONLY_HIGH_IMPACT SHIELD SINGLE_COLLISION
IN 9007 -481 -26 328 89 0 0
IN 9518 6468 -193 -137 140 0 0
IN 9307 1950 -572 187 153 0 1
IN 8873 7142 -57 -221 321 0 0
MOV 9658 1410 SHIELD
MOV 8404 8129 200
MOV 7524 2857 200
MOV 10740 6425 0
OUT 8981 -153 -22 278 71 3 0
OUT 9364 6339 -52 -191 124 0 0
OUT 8557 2228 -637 236 153 0 1
OUT 8665 7080 -254 28 339 0 0
Round 60 of 136
tags: ENGINE_COOLDOWN
IN 8981 -153 -22 278 71 3 0
IN 9364 6339 -52 -191 124 0 0
IN 8557 2228 -637 236 153 0 1
IN 8665 7080 -254 28 339 0 0
MOV 9025 1847 200
MOV 7854 7651 200
MOV 6774 3135 200
MOV 10219 5821 200
OUT 8959 125 -18 236 89 2 0
OUT 9161 6279 -172 -50 139 0 0
OUT 7742 2555 -692 277 153 0 1
OUT 8566 6982 -83 -83 321 0 0
Round 61 of 136
tags: ENGINE_COOLDOWN ONLY_HIGH_IMPACT SINGLE_COLLISION
IN 8959 125 -18 236 89 2 0
IN 9161 6279 -172 -50 139 0 0
IN 7742 2555 -692 277 153 0 1
IN 8566 6982 -83 -83 321 0 0
MOV 8374 2038 200
MOV 8131 7993 200
MOV 6327 3969 200
MOV 9655 5304 200
OUT 8941 361 -15 200 107 1 0
OUT 9118 6128 29 -206 121 0 0
OUT 6908 2973 -708 355 135 0 1
OUT 8360 7003 -241 96 303 0 0
Round 62 of 136
tags: ENGINE_COOLDOWN
IN 8941 361 -15 200 107 1 0
IN 9118 6128 29 -206 121 0 0
IN 6908 2973 -708 355 135 0 1
IN 8360 7003 -241 96 303 0 0
MOV 8730 2350 200
MOV 7733 7571 200
MOV 6000 4755 0
MOV 9914 5744 200
OUT 8926 561 -12 170 96 0 0
OUT 9009 6066 -93 -52 134 0 0
OUT 6200 3328 -601 301 117 0 1
OUT 8274 6973 -72 -25 321 0 0
Round 63 of 136
tags: MOVE_ONLY
IN 8926 561 -12 170 96 0 0
IN 9009 6066 -93 -52 134 0 0
IN 6200 3328 -601 301 117 0 1
IN 8274 6973 -72 -25 321 0 0
MOV 8113 2388 200
MOV 7960 7769 162
MOV 5887 5303 0
MOV 10141 6256 200
OUT 8833 914 -79 299 114 0 0
OUT 8831 6152 -151 73 122 0 0
OUT 5599 3629 -510 255 99 0 1
OUT 8389 6876 97 -82 339 0 0
Round 64 of 136
tags: ONLY_HIGH_IMPACT SHIELD SINGLE_COLLISION
IN 8833 914 -79 299 114 0 0
IN 8831 6152 -151 73 122 0 0
IN 5599 3629 -510 255 99 0 1
IN 8389 6876 97 -82 339 0 0
MOV 7497 2403 200
MOV 7669 7780 200
MOV 5911 5604 0
MOV 9943 5617 SHIELD
OUT 8620 1362 -180 380 132 0 0
OUT 8940 5744 130 -410 126 0 0
OUT 5089 3884 -433 216 81 0 1
OUT 8448 6858 46 -8 321 3 0
Round 65 of 136
tags: ENGINE_COOLDOWN
IN 8620 1362 -180 380 132 0 0
IN 8940 5744 130 -410 126 0 0
IN 5089 3884 -433 216 81 0 1
IN 8448 6858 46 -8 321 3 0
MOV 6888 2362 200
MOV 7804 7390 200
MOV 5996 5666 0
MOV 9537 5180 0
OUT 8267 1842 -300 408 150 0 0
OUT 8956 5499 13 -208 125 0 0
OUT 4656 4100 -368 183 63 0 1
OUT 8494 6850 39 -6 303 2 0
Round 66 of 136
tags: ENGINE_COOLDOWN
IN 8267 1842 -300 408 150 0 0
IN 8956 5499 13 -208 125 0 0
IN 4656 4100 -368 183 63 0 1
IN 8494 6850 39 -6 303 2 0
MOV 6506 2790 200
MOV 7414 6773 200
MOV 6070 5514 0
MOV 9011 4918 0
OUT 7791 2345 -404 427 152 0 0
OUT 8815 5418 -120 -68 140 0 0
OUT 4288 4283 -312 155 45 0 1
OUT 8533 6844 33 -5 285 1 0
Round 67 of 136
tags: ENGINE_COOLDOWN
IN 7791 2345 -404 427 152 0 0
IN 8815 5418 -120 -68 140 0 0
IN 4288 4283 -312 155 45 0 1
IN 8533 6844 33 -5 285 1 0
MOV 6402 3784 200
MOV 7755 7114 200
MOV 5702 5697 200
MOV 8428 4846 0
OUT 7248 2916 -461 485 134 0 0
OUT 8588 5519 -193 85 122 0 0
OUT 4117 4579 -144 251 45 0 1
OUT 8566 6839 28 -4 267 0 0
Round 68 of 136
tags: MOVE_ONLY
IN 7248 2916 -461 485 134 0 0
IN 8588 5519 -193 85 122 0 0
IN 4117 4579 -144 251 45 0 1
IN 8566 6839 28 -4 267 0 0
MOV 6371 4714 200
MOV 8104 7460 200
MOV 5024 6361 200
MOV 7849 4971 200
OUT 6699 3581 -466 565 116 0 0
OUT 8345 5798 -206 236 104 0 0
OUT 4064 5008 -45 364 63 0 1
OUT 8522 6648 -37 -162 249 0 0
Round 69 of 136
tags: ONLY_HIGH_IMPACT SINGLE_COLLISION
IN 6699 3581 -466 565 116 0 0
IN 8345 5798 -206 236 104 0 0
IN 4064 5008 -45 364 63 0 1
IN 8522 6648 -37 -162 249 0 0
MOV 6407 5560 200
MOV 8451 7795 200
MOV 5478 6422 200
MOV 7263 5093 200
OUT 6204 4344 -420 648 98 0 0
OUT 8001 5592 -305 -231 87 0 0
OUT 4160 5513 81 429 45 0 1
OUT 8507 6972 0 331 231 0 0
Round 70 of 136
tags: MOVE_ONLY
IN 6204 4344 -420 648 98 0 0
IN 8001 5592 -305 -231 87 0 0
IN 4160 5513 81 429 45 0 1
IN 8507 6972 0 331 231 0 0
MOV 5921 6324 200
MOV 8718 7459 200
MOV 5942 6420 200
MOV 7248 5417 200
OUT 5756 5190 -381 719 98 0 0
OUT 7768 5548 -198 -37 69 0 0
OUT 4419 6033 220 441 27 0 1
OUT 8381 7148 -106 149 231 0 0
Round 71 of 136
tags: ONLY_HIGH_IMPACT SINGLE_COLLISION
IN 5756 5190 -381 719 98 0 0
IN 7768 5548 -198 -37 69 0 0
IN 4419 6033 220 441 27 0 1
IN 8381 7148 -106 149 231 0 0
MOV 5315 7141 200
MOV 8833 7241 200
MOV 6394 6345 200
MOV 7664 5280 200
OUT 5462 6006 278 299 103 0 0
OUT 7676 5680 -77 112 58 0 0
OUT 4705 6603 -285 878 9 0 1
OUT 8203 7110 -151 -32 249 0 0
Round 72 of 136
tags: MOVE_ONLY
IN 5462 6006 278 299 103 0 0
IN 7676 5680 -77 112 58 0 0
IN 4705 6603 -285 878 9 0 1
IN 8203 7110 -151 -32 249 0 0
MOV 5636 7998 200
MOV 8971 7205 200
MOV 6680 6290 200
MOV 7486 5242 200
OUT 5757 6504 251 423 85 0 0
OUT 7728 5944 44 224 50 0 0
OUT 4618 7450 -74 719 351 0 1
OUT 7980 6891 -189 -185 249 0 0
Round 73 of 136
tags: ONLY_HIGH_IMPACT SINGLE_COLLISION
IN 5757 6504 251 423 85 0 0
IN 7728 5944 44 224 50 0 0
IN 4618 7450 -74 719 351 0 1
IN 7980 6891 -189 -185 249 0 0
MOV 5316 8455 58
MOV 9140 7361 200
MOV 6593 7762 200
MOV 7875 4893 200
OUT 5995 6984 202 407 103 0 0
OUT 7780 5688 12 -365 45 0 0
OUT 4742 8200 105 637 9 0 1
OUT 7914 7128 -24 349 267 0 0
Round 74 of 136
tags: SHIELD
IN 5995 6984 202 407 103 0 0
IN 7780 5688 12 -365 45 0 0
IN 4742 8200 105 637 9 0 1
IN 7914 7128 -24 349 267 0 0
MOV 4965 8698 SHIELD
MOV 8688 7470 99
MOV 6717 7887 0
MOV 7809 5130 200
OUT 6197 7391 171 345 121 3 0
OUT 7837 5411 48 -235 63 0 0
OUT 4847 8837 89 541 351 0 1
OUT 7880 7277 -29 126 267 0 0
Round 75 of 136
tags: ENGINE_COOLDOWN
IN 6197 7391 171 345 121 3 0
IN 7837 5411 48 -235 63 0 0
IN 4847 8837 89 541 351 0 1
IN 7880 7277 -29 126 267 0 0
MOV 5550 9283 200
MOV 8150 7386 200
MOV 6822 8524 200
MOV 8397 5345 200
OUT 6368 7736 145 293 109 2 0
OUT 7916 5374 67 -31 81 0 0
OUT 5134 9347 243 433 351 0 1
OUT 7903 7210 19 -57 285 0 0
Round 76 of 136
tags: ENGINE_COOLDOWN
IN 6368 7736 145 293 109 2 0
IN 7916 5374 67 -31 81 0 0
IN 5134 9347 243 433 351 0 1
IN 7903 7210 19 -57 285 0 0
MOV 6333 9736 200
MOV 7603 7349 200
MOV 6916 8439 200
MOV 7798 5212 200
OUT 6513 8029 123 249 91 1 0
OUT 7952 5541 30 141 99 0 0
OUT 5555 9689 358 290 333 0 1
OUT 7912 6953 7 -218 267 0 0
Round 77 of 136
tags: ENGINE_COOLDOWN ONLY_HIGH_IMPACT SINGLE_COLLISION
IN 6513 8029 123 249 91 1 0
IN 7952 5541 30 141 99 0 0
IN 5555 9689 358 290 333 0 1
IN 7912 6953 7 -218 267 0 0
MOV 6586 10028 200
MOV 7984 7541 200
MOV 6969 8274 200
MOV 7807 4955 200
OUT 6636 8278 104 211 88 0 0
OUT 7998 5740 83 -347 89 0 0
OUT 6054 9838 424 126 315 0 1
OUT 7896 6677 -58 282 267 0 0
Round 78 of 136
tags: MOVE_ONLY
IN 6636 8278 104 211 88 0 0
IN 7998 5740 83 -347 89 0 0
IN 6054 9838 424 126 315 0 1
IN 7896 6677 -58 282 267 0 0
MOV 7320 10157 200
MOV 8534 7667 200
MOV 6961 8055 200
MOV 8413 4745 200
OUT 6808 8677 146 339 70 0 0
OUT 8135 5586 116 -131 74 0 0
OUT 6569 9786 437 -44 297 0 1
OUT 7890 6766 -5 75 285 0 0
Round 79 of 136
tags: ONLY_HIGH_IMPACT SHIELD SINGLE_COLLISION
IN 6808 8677 146 339 70 0 0
IN 8135 5586 116 -131 74 0 0
IN 6569 9786 437 -44 297 0 1
IN 7890 6766 -5 75 285 0 0
MOV 8039 10253 SHIELD
MOV 8065 7585 200
MOV 6881 7810 0
MOV 8407 4834 200
OUT 6954 9002 124 228 52 3 0
OUT 8244 5655 92 58 92 0 0
OUT 7005 9877 368 556 279 0 1
OUT 7937 6648 39 -100 285 0 0
Round 80 of 136
tags: ENGINE_COOLDOWN ONLY_HIGH_IMPACT SINGLE_COLLISION
IN 6954 9002 124 228 52 3 0
IN 8244 5655 92 58 92 0 0
IN 7005 9877 368 556 279 0 1
IN 7937 6648 39 -100 285 0 0
MOV 8083 10653 200
MOV 7560 7534 200
MOV 7912 8094 200
MOV 8454 4716 200
OUT 7078 9230 105 193 56 2 0
OUT 8368 5628 175 -212 110 0 0
OUT 7464 10255 389 321 297 0 1
OUT 7927 6628 -78 172 285 0 0
Round 81 of 136
tags: ENGINE_COOLDOWN
IN 7078 9230 105 193 56 2 0
IN 8368 5628 175 -212 110 0 0
IN 7464 10255 389 321 297 0 1
IN 7927 6628 -78 172 285 0 0
MOV 8654 10461 200
MOV 8298 7627 200
MOV 7776 8279 200
MOV 9016 4950 0
OUT 7183 9423 89 164 38 1 0
OUT 8536 5616 142 -10 92 0 0
OUT 7884 10378 357 104 279 0 1
OUT 7849 6800 -66 146 303 0 0
Round 82 of 136
tags: ENGINE_COOLDOWN
IN 7183 9423 89 164 38 1 0
IN 8536 5616 142 -10 92 0 0
IN 7884 10378 357 104 279 0 1
IN 7849 6800 -66 146 303 0 0
MOV 9062 10107 200
MOV 7852 7495 200
MOV 7571 8402 200
MOV 8938 5122 200
OUT 7272 9587 75 139 20 0 0
OUT 8610 5794 62 151 110 0 0
OUT 8210 10284 276 -79 261 0 1
OUT 7892 6778 36 -18 303 0 0
Round 83 of 136
tags: ONLY_HIGH_IMPACT SINGLE_COLLISION
IN 7272 9587 75 139 20 0 0
IN 8610 5794 62 151 110 0 0
IN 8210 10284 276 -79 261 0 1
IN 7892 6778 36 -18 303 0 0
MOV 9271 9657 200
MOV 7649 7548 200
MOV 7897 8308 200
MOV 9446 5519 200
OUT 7547 9733 233 124 2 0 0
OUT 8635 6054 254 -40 119 0 0
OUT 8455 10007 208 -235 261 0 1
OUT 8024 6700 -120 195 321 0 0
Round 84 of 136
tags: ONLY_HIGH_IMPACT SINGLE_COLLISION
IN 7547 9733 233 124 2 0 0
IN 8635 6054 254 -40 119 0 0
IN 8455 10007 208 -235 261 0 1
IN 8024 6700 -120 195 321 0 0
MOV 9470 9182 200
MOV 7256 7502 200
MOV 8142 8031 200
MOV 9891 5983 200
OUT 7816 9792 123 42 344 0 0
OUT 8751 6159 98 89 134 0 0
OUT 8788 9585 388 -351 261 0 1
OUT 8091 6823 56 104 339 0 0
Round 85 of 136
tags: ONLY_HIGH_IMPACT SINGLE_COLLISION
IN 7816 9792 123 42 344 0 0
IN 8751 6159 98 89 134 0 0
IN 8788 9585 388 -351 261 0 1
IN 8091 6823 56 104 339 0 0
MOV 9474 8674 155
MOV 7256 7487 200
MOV 7880 7802 200
MOV 9645 5564 200
OUT 8068 9747 213 -37 326 0 0
OUT 8855 6222 169 -28 138 0 0
OUT 9085 9056 252 -449 243 0 1
OUT 8147 6960 -33 198 321 0 0
Round 86 of 136
tags: MOVE_ONLY
IN 8068 9747 213 -37 326 0 0
IN 8855 6222 169 -28 138 0 0
IN 9085 9056 252 -449 243 0 1
IN 8147 6960 -33 198 321 0 0
MOV 9299 8171 200
MOV 7631 7804 200
MOV 7670 7641 0
MOV 9236 5282 200
OUT 8404 9552 285 -165 308 0 0
OUT 8902 6352 39 110 128 0 0
OUT 9337 8607 214 -381 225 0 1
OUT 8223 6990 64 25 303 0 0
Round 87 of 136
tags: ONLY_HIGH_IMPACT SINGLE_COLLISION
IN 8404 9552 285 -165 308 0 0
IN 8902 6352 39 110 128 0 0
IN 9337 8607 214 -381 225 0 1
IN 8223 6990 64 25 303 0 0
MOV 9088 7673 65
MOV 8218 8231 200
MOV 7554 7699 200
MOV 9777 5731 200
OUT 8711 9326 261 -192 290 0 0
OUT 9114 6443 264 4 110 0 0
OUT 9373 8135 30 -401 207 0 1
OUT 8201 7096 -102 162 321 0 0
Round 88 of 136
tags: MOVE_ONLY
IN 8711 9326 261 -192 290 0 0
IN 9114 6443 264 4 110 0 0
IN 9373 8135 30 -401 207 0 1
IN 8201 7096 -102 162 321 0 0
MOV 8781 7327 200
MOV 7883 8019 200
MOV 7397 7822 200
MOV 10068 6379 0
OUT 8979 8934 227 -333 272 0 0
OUT 9255 6605 119 137 128 0 0
OUT 9205 7703 -142 -367 189 0 1
OUT 8099 7258 -86 137 339 0 0
Round 89 of 136
tags: MULTI_COLLISION ONLY_HIGH_IMPACT
IN 8979 8934 227 -333 272 0 0
IN 9255 6605 119 137 128 0 0
IN 9205 7703 -142 -367 189 0 1
IN 8099 7258 -86 137 339 0 0
MOV 8455 7004 200
MOV 7597 7723 200
MOV 7229 8015 0
MOV 9653 5999 0
OUT 9156 8427 233 132 255 0 0
OUT 9245 6552 22 -294 146 0 0
OUT 9023 7619 -267 -385 171 0 1
OUT 8013 7395 -73 116 321 0 0
Round 90 of 136
tags: ONLY_HIGH_IMPACT SINGLE_COLLISION
IN 9156 8427 233 132 255 0 0
IN 9245 6552 22 -294 146 0 0
IN 9023 7619 -267 -385 171 0 1
IN 8013 7395 -73 116 321 0 0
MOV 8551 6521 200
MOV 7444 7423 140
MOV 7240 8526 200
MOV 9880 6678 0
OUT 9328 8368 146 -49 252 0 0
OUT 9141 6319 -88 -198 154 0 0
OUT 8738 7323 -65 -253 153 0 1
OUT 7779 7513 -375 101 339 0 0
Round 91 of 136
tags: MOVE_ONLY
IN 9328 8368 146 -49 252 0 0
IN 9141 6319 -88 -198 154 0 0
IN 8738 7323 -65 -253 153 0 1
IN 7779 7513 -375 101 339 0 0
MOV 8152 6750 174
MOV 7702 7708 200
MOV 7323 8737 0
MOV 9776 7408 200
OUT 9373 8178 37 -161 234 0 0
OUT 8909 6259 -197 -50 136 0 0
OUT 8673 7070 -55 -215 135 0 1
OUT 7604 7603 -148 76 357 0 0
Round 92 of 136
tags: ONLY_HIGH_IMPACT SINGLE_COLLISION
IN 9373 8178 37 -161 234 0 0
IN 8909 6259 -197 -50 136 0 0
IN 8673 7070 -55 -215 135 0 1
IN 7604 7603 -148 76 357 0 0
MOV 8516 6371 200
MOV 7970 8025 200
MOV 7765 8852 0
MOV 9471 6886 0
OUT 9324 7836 -41 -290 245 0 0
OUT 8708 6051 -160 -213 118 0 0
OUT 8527 7190 -133 138 117 0 1
OUT 7456 7679 -125 64 339 0 0
Round 93 of 136
tags: HAS_LOW_IMPACT SINGLE_COLLISION
IN 9324 7836 -41 -290 245 0 0
IN 8708 6051 -160 -213 118 0 0
IN 8527 7190 -133 138 117 0 1
IN 7456 7679 -125 64 339 0 0
MOV 8025 6315 193
MOV 7907 7884 200
MOV 8214 9165 0
MOV 9010 6420 0
OUT 9207 7413 32 -323 230 0 0
OUT 8468 6021 -204 -25 114 0 0
OUT 8344 7314 -286 69 99 0 1
OUT 7331 7743 -106 54 321 0 0
Round 94 of 136
tags: ONLY_HIGH_IMPACT SINGLE_COLLISION
IN 9207 7413 32 -323 230 0 0
IN 8468 6021 -204 -25 114 0 0
IN 8344 7314 -286 69 99 0 1
IN 7331 7743 -106 54 321 0 0
MOV 7831 5962 172
MOV 8259 8010 200
MOV 8656 9289 0
MOV 9198 7026 200
OUT 9121 6965 -73 -380 227 0 0
OUT 8243 6195 -191 147 96 0 0
OUT 8120 7352 35 -81 81 0 1
OUT 7350 7756 -210 124 339 0 0
Round 95 of 136
tags: ONLY_HIGH_IMPACT SINGLE_COLLISION
IN 9121 6965 -73 -380 227 0 0
IN 8243 6195 -191 147 96 0 0
IN 8120 7352 35 -81 81 0 1
IN 7350 7756 -210 124 339 0 0
MOV 7395 5955 0
MOV 7831 8152 200
MOV 9027 9134 0
MOV 8904 6497 200
OUT 9048 6585 -62 -323 210 0 0
OUT 8004 6484 -240 -32 102 0 0
OUT 8162 7325 73 254 63 0 1
OUT 7295 7754 -46 -1 321 0 0
Round 96 of 136
tags: SHIELD
IN 9048 6585 -62 -323 210 0 0
IN 8004 6484 -240 -32 102 0 0
IN 8162 7325 73 254 63 0 1
IN 7295 7754 -46 -1 321 0 0
MOV 7092 6169 SHIELD
MOV 8213 8473 200
MOV 9576 8739 0
MOV 9162 7037 0
OUT 8986 6262 -52 -274 192 3 0
OUT 7785 6651 -186 141 84 0 0
OUT 8235 7579 62 215 45 0 1
OUT 7249 7753 -39 0 339 0 0
Round 97 of 136
tags: ENGINE_COOLDOWN ONLY_HIGH_IMPACT SINGLE_COLLISION
IN 8986 6262 -52 -274 192 3 0
IN 7785 6651 -186 141 84 0 0
IN 8235 7579 62 215 45 0 1
IN 7249 7753 -39 0 339 0 0
MOV 6997 6471 41
MOV 8592 8481 200
MOV 10017 8486 200
MOV 8803 6494 200
OUT 8934 5988 -44 -232 174 2 0
OUT 7713 6906 95 -108 66 0 0
OUT 8475 7885 204 260 27 0 1
OUT 7332 7696 -86 276 321 0 0
Round 98 of 136
tags: ENGINE_COOLDOWN SHIELD
IN 8934 5988 -44 -232 174 2 0
IN 7713 6906 95 -108 66 0 0
IN 8475 7885 204 260 27 0 1
IN 7332 7696 -86 276 321 0 0
MOV 6934 5952 SHIELD
MOV 7922 8895 200
MOV 10450 8197 200
MOV 8421 6018 200
OUT 8890 5756 -37 -197 181 3 0
OUT 7829 6997 98 77 84 0 0
OUT 8877 8176 341 247 9 0 1
OUT 7355 7804 19 92 303 0 0
Round 99 of 136
tags: ENGINE_COOLDOWN SHIELD
IN 8890 5756 -37 -197 181 3 0
IN 7829 6997 98 77 84 0 0
IN 8877 8176 341 247 9 0 1
IN 7355 7804 19 92 303 0 0
MOV 6982 5155 SHIELD
MOV 7413 8953 200
MOV 10852 7863 200
MOV 8909 6545 0
OUT 8853 5559 -31 -167 197 3 0
OUT 7885 7270 47 231 102 0 0
OUT 9416 8392 457 183 351 0 1
OUT 7374 7896 16 78 321 0 0
Round 100 of 136
tags: ENGINE_COOLDOWN HAS_LOW_IMPACT SHIELD SINGLE_COLLISION
IN 8853 5559 -31 -167 197 3 0
IN 7885 7270 47 231 102 0 0
IN 9416 8392 457 183 351 0 1
IN 7374 7896 16 78 321 0 0
MOV 6853 5594 SHIELD
MOV 8094 9259 200
MOV 11198 7484 200
MOV 9241 7179 0
OUT 8822 5392 -26 -141 179 3 0
OUT 8101 7523 187 209 84 0 0
OUT 10051 8484 539 78 333 0 1
OUT 7242 8151 -116 221 339 0 0
Round 101 of 136
tags: ENGINE_COOLDOWN
IN 8822 5392 -26 -141 179 3 0
IN 8101 7523 187 209 84 0 0
IN 10051 8484 539 78 333 0 1
IN 7242 8151 -116 221 339 0 0
MOV 6931 6043 0
MOV 8914 9350 0
MOV 11465 7069 200
MOV 9109 7434 200
OUT 8796 5251 -22 -119 161 2 0
OUT 8288 7732 158 177 66 0 0
OUT 10732 8421 578 -53 315 0 1
OUT 7313 8300 60 126 339 0 0
Round 102 of 136
tags: ENGINE_COOLDOWN SHIELD
IN 8796 5251 -22 -119 161 2 0
IN 8288 7732 158 177 66 0 0
IN 10732 8421 578 -53 315 0 1
IN 7313 8300 60 126 339 0 0
MOV 6818 5549 SHIELD
MOV 9626 9218 0
MOV 11639 6638 200
MOV 8867 7041 0
OUT 8774 5132 -18 -101 171 3 0
OUT 8446 7909 134 150 48 0 0
OUT 11401 8190 568 -196 297 0 1
OUT 7373 8426 51 107 321 0 0
Round 103 of 136
tags: ENGINE_COOLDOWN
IN 8774 5132 -18 -101 171 3 0
IN 8446 7909 134 150 48 0 0
IN 11401 8190 568 -196 297 0 1
IN 7373 8426 51 107 321 0 0
MOV 6992 6040 75
MOV 10178 8909 200
MOV 11713 6214 200
MOV 9240 7709 200
OUT 8756 5031 -15 -85 153 2 0
OUT 8753 8159 261 212 30 0 0
OUT 12000 7796 509 -334 279 0 1
OUT 7611 8461 202 30 339 0 0
Round 104 of 136
tags: ENGINE_COOLDOWN
IN 8756 5031 -15 -85 153 2 0
IN 8753 8159 261 212 30 0 0
IN 12000 7796 509 -334 279 0 1
IN 7611 8461 202 30 339 0 0
MOV 7342 6445 0
MOV 10709 8575 143
MOV 11687 5820 200
MOV 9165 7202 200
OUT 8741 4946 -12 -72 135 1 0
OUT 9154 8401 340 205 12 0 0
OUT 12478 7264 406 -451 261 0 1
OUT 7968 8365 303 -81 321 0 0
Round 105 of 136
tags: ENGINE_COOLDOWN SHIELD
IN 8741 4946 -12 -72 135 1 0
IN 9154 8401 340 205 12 0 0
IN 12478 7264 406 -451 261 0 1
IN 7968 8365 303 -81 321 0 0
MOV 7833 6728 SHIELD
MOV 11143 8192 200
MOV 11570 5481 200
MOV 9835 7648 200
OUT 8729 4874 -10 -61 117 3 0
OUT 9693 8585 458 156 354 0 0
OUT 12793 6635 268 -534 243 0 1
OUT 8458 8212 416 -129 339 0 0
Round 106 of 136
tags: ENGINE_COOLDOWN SHIELD
IN 8729 4874 -10 -61 117 3 0
IN 9693 8585 458 156 354 0 0
IN 12793 6635 268 -534 243 0 1
IN 8458 8212 416 -129 339 0 0
MOV 8412 6849 SHIELD
MOV 11520 7772 195
MOV 11378 5220 200
MOV 10325 7495 200
OUT 8719 4813 -8 -51 99 3 0
OUT 10329 8662 540 65 336 0 0
OUT 12920 5959 107 -574 225 0 1
OUT 9061 8011 512 -170 339 0 0
Round 107 of 136
tags: ENGINE_COOLDOWN
IN 8719 4813 -8 -51 99 3 0
IN 10329 8662 540 65 336 0 0
IN 12920 5959 107 -574 225 0 1
IN 9061 8011 512 -170 339 0 0
MOV 9032 6788 0
MOV 11815 7324 196
MOV 11137 5051 200
MOV 11058 7906 200
OUT 8711 4762 -6 -43 81 2 0
OUT 11015 8596 582 -56 318 0 0
OUT 12849 5294 -60 -565 207 0 1
OUT 9773 7830 604 -153 357 0 0
Round 108 of 136
tags: ENGINE_COOLDOWN SHIELD
IN 8711 4762 -6 -43 81 2 0
IN 11015 8596 582 -56 318 0 0
IN 12849 5294 -60 -565 207 0 1
IN 9773 7830 604 -153 357 0 0
MOV 9619 6544 SHIELD
MOV 12015 6864 171
MOV 11066 4386 200
MOV 11770 7725 200
OUT 8705 4719 -5 -36 63 3 0
OUT 11683 8392 567 -173 300 0 0
OUT 12611 4638 -202 -557 207 0 1
OUT 10577 7666 683 -138 357 0 0
Round 109 of 136
tags: ENGINE_COOLDOWN SHIELD
IN 8705 4719 -5 -36 63 3 0
IN 11683 8392 567 -173 300 0 0
IN 12611 4638 -202 -557 207 0 1
IN 10577 7666 683 -138 357 0 0
MOV 10119 6133 SHIELD
MOV 12312 6494 6
MOV 10828 3730 200
MOV 12444 6949 200
OUT 8700 4683 -4 -30 45 3 0
OUT 12252 8213 483 -151 288 0 0
OUT 12231 3990 -323 -550 207 0 1
OUT 11447 7456 739 -178 339 0 0
Round 110 of 136
tags: ENGINE_COOLDOWN SHIELD
IN 8700 4683 -4 -30 45 3 0
IN 12252 8213 483 -151 288 0 0
IN 12231 3990 -323 -550 207 0 1
IN 11447 7456 739 -178 339 0 0
MOV 10482 5591 0
MOV 12252 6213 0
MOV 10448 3082 200
MOV 13444 7351 SHIELD
OUT 8696 4653 -3 -25 27 2 0
OUT 12735 8062 410 -128 270 0 0
OUT 11730 3349 -426 -544 207 0 1
OUT 12186 7278 628 -151 357 3 0
Round 111 of 136
tags: ENGINE_COOLDOWN SHIELD
IN 8696 4653 -3 -25 27 2 0
IN 12735 8062 410 -128 270 0 0
IN 11730 3349 -426 -544 207 0 1
IN 12186 7278 628 -151 357 3 0
MOV 10671 4966 SHIELD
MOV 12117 6160 0
MOV 9754 3036 200
MOV 14117 7795 SHIELD
OUT 8693 4628 -2 -21 9 3 0
OUT 13145 7934 348 -108 252 0 0
OUT 11106 2774 -530 -488 189 0 1
OUT 12814 7127 533 -128 15 3 0
Round 112 of 136
tags: ENGINE_COOLDOWN HAS_LOW_IMPACT SHIELD SINGLE_COLLISION
IN 8693 4628 -2 -21 9 3 0
IN 13145 7934 348 -108 252 0 0
IN 11106 2774 -530 -488 189 0 1
IN 12814 7127 533 -128 15 3 0
MOV 10475 5536 SHIELD
MOV 11969 6316 89
MOV 9130 3086 200
MOV 14491 8216 0
OUT 8691 4607 -1 -17 27 3 0
OUT 13459 7824 287 -9 234 0 0
OUT 10378 2317 -618 -388 171 0 1
OUT 13330 6929 417 -252 33 2 0
Round 113 of 136
tags: ENGINE_COOLDOWN SHIELD
IN 8691 4607 -1 -17 27 3 0
IN 13459 7824 287 -9 234 0 0
IN 10378 2317 -618 -388 171 0 1
IN 13330 6929 417 -252 33 2 0
MOV 10666 4920 SHIELD
MOV 11941 6522 200
MOV 8402 2629 200
MOV 14588 8483 0
OUT 8690 4590 0 -14 9 3 0
OUT 13594 7685 114 -118 221 0 0
OUT 9562 1960 -693 -303 171 0 1
OUT 13747 6677 354 -214 51 1 0
Round 114 of 136
tags: ENGINE_COOLDOWN
IN 8690 4590 0 -14 9 3 0
IN 13594 7685 114 -118 221 0 0
IN 9562 1960 -693 -303 171 0 1
IN 13747 6677 354 -214 51 1 0
MOV 10665 4277 0
MOV 12081 6377 200
MOV 7779 2867 200
MOV 14463 8544 0
OUT 8690 4576 0 -11 351 2 0
OUT 13557 7436 -31 -211 221 0 0
OUT 8691 1748 -740 -180 153 0 1
OUT 14101 6463 300 -181 69 0 0
Round 115 of 136
tags: ENGINE_COOLDOWN
IN 8690 4576 0 -11 351 2 0
IN 13557 7436 -31 -211 221 0 0
IN 8691 1748 -740 -180 153 0 1
IN 14101 6463 300 -181 69 0 0
MOV 10472 3668 0
MOV 12527 5722 200
MOV 7276 3162 200
MOV 14205 8460 0
OUT 8690 4565 0 -9 333 1 0
OUT 13423 7054 -114 -324 239 0 0
OUT 7809 1709 -749 -32 135 0 1
OUT 14401 6282 255 -153 87 0 0
Round 116 of 136
tags: ENGINE_COOLDOWN
IN 8690 4565 0 -9 333 1 0
IN 13423 7054 -114 -324 239 0 0
IN 7809 1709 -749 -32 135 0 1
IN 14401 6282 255 -153 87 0 0
MOV 10104 3151 0
MOV 12492 5284 200
MOV 6901 3491 200
MOV 13883 8213 0
OUT 8690 4556 0 -7 315 0 0
OUT 13216 6553 -176 -425 242 0 0
OUT 6969 1855 -713 124 117 0 1
OUT 14656 6129 216 -130 105 0 0
Round 117 of 136
tags: SHIELD
IN 8690 4556 0 -7 315 0 0
IN 13216 6553 -176 -425 242 0 0
IN 6969 1855 -713 124 117 0 1
IN 14656 6129 216 -130 105 0 0
MOV 9598 2774 SHIELD
MOV 11777 5164 200
MOV 6061 3637 200
MOV 13566 7806 0
OUT 8690 4549 0 -5 297 3 0
OUT 12897 5988 -271 -479 224 0 0
OUT 6165 2157 -683 256 117 0 1
OUT 14872 5999 183 -110 123 0 0
Round 118 of 136
tags: ENGINE_COOLDOWN SHIELD
IN 8690 4549 0 -5 297 3 0
IN 12897 5988 -271 -479 224 0 0
IN 6165 2157 -683 256 117 0 1
IN 14872 5999 183 -110 123 0 0
MOV 9003 2574 SHIELD
MOV 11958 4222 200
MOV 5852 4132 200
MOV 13317 7257 200
OUT 8690 4544 0 -4 279 3 0
OUT 12532 5332 -310 -557 242 0 0
OUT 5451 2611 -607 385 99 0 1
OUT 14900 6015 23 13 141 0 0
Round 119 of 136
tags: ENGINE_COOLDOWN
IN 8690 4544 0 -4 279 3 0
IN 12532 5332 -310 -557 242 0 0
IN 5451 2611 -607 385 99 0 1
IN 14900 6015 23 13 141 0 0
MOV 8377 2569 115
MOV 11187 3852 200
MOV 5763 4586 200
MOV 13032 6731 200
OUT 8690 4540 0 -3 261 2 0
OUT 12087 4627 -377 -599 228 0 0
OUT 4875 3194 -489 495 81 0 1
OUT 14736 6100 -139 72 159 0 0
Round 120 of 136
tags: ENGINE_COOLDOWN
IN 8690 4540 0 -3 261 2 0
IN 12087 4627 -377 -599 228 0 0
IN 4875 3194 -489 495 81 0 1
IN 14736 6100 -139 72 159 0 0
MOV 7782 2758 200
MOV 10710 3176 200
MOV 5187 5169 200
MOV 12738 6204 200
OUT 8690 4537 0 -2 243 1 0
OUT 11572 3883 -437 -632 226 0 0
OUT 4417 3887 -389 588 81 0 1
OUT 14397 6183 -287 70 177 0 0
Round 121 of 136
tags: ENGINE_COOLDOWN SHIELD
IN 8690 4537 0 -2 243 1 0
IN 11572 3883 -437 -632 226 0 0
IN 4417 3887 -389 588 81 0 1
IN 14397 6183 -287 70 177 0 0
MOV 7276 3123 SHIELD
MOV 9806 2944 200
MOV 5324 5669 200
MOV 12465 5665 200
OUT 8690 4535 0 -1 225 3 0
OUT 10959 3156 -520 -618 208 0 0
OUT 4119 4653 -253 651 63 0 1
OUT 13917 6201 -408 15 195 0 0
Round 122 of 136
tags: ENGINE_COOLDOWN
IN 8690 4535 0 -1 225 3 0
IN 10959 3156 -520 -618 208 0 0
IN 4119 4653 -253 651 63 0 1
IN 13917 6201 -408 15 195 0 0
MOV 6908 3627 200
MOV 8999 2758 200
MOV 5533 6067 200
MOV 11985 5683 200
OUT 8690 4534 0 0 207 2 0
OUT 10243 2498 -608 -559 191 0 0
OUT 4007 5445 -94 673 45 0 1
OUT 13316 6164 -511 -31 195 0 0
Round 123 of 136
tags: ENGINE_COOLDOWN
IN 8690 4534 0 0 207 2 0
IN 10243 2498 -608 -559 191 0 0
IN 4007 5445 -94 673 45 0 1
IN 13316 6164 -511 -31 195 0 0
MOV 6715 4221 0
MOV 8258 2742 200
MOV 5789 6352 200
MOV 11318 6268 200
OUT 8690 4534 0 0 189 1 0
OUT 9436 1962 -685 -455 173 0 0
OUT 4091 6209 71 649 27 0 1
OUT 12605 6143 -604 -17 177 0 0
Round 124 of 136
tags: ENGINE_COOLDOWN
IN 8690 4534 0 0 189 1 0
IN 9436 1962 -685 -455 173 0 0
IN 4091 6209 71 649 27 0 1
IN 12605 6143 -604 -17 177 0 0
MOV 6715 4847 0
MOV 7623 2807 200
MOV 6066 6521 200
MOV 10607 6247 200
OUT 8690 4534 0 0 171 0 0
OUT 8569 1590 -736 -316 155 0 0
OUT 4360 6889 228 578 9 0 1
OUT 11801 6136 -683 -5 177 0 0
Round 125 of 136
tags: MOVE_ONLY
IN 8690 4534 0 0 171 0 0
IN 8569 1590 -736 -316 155 0 0
IN 4360 6889 228 578 9 0 1
IN 11801 6136 -683 -5 177 0 0
MOV 6908 5442 43
MOV 7106 2954 200
MOV 6335 6576 200
MOV 9803 6240 200
OUT 8652 4554 -32 16 153 0 0
OUT 7686 1409 -750 -153 137 0 0
OUT 4786 7436 361 464 351 0 1
OUT 10918 6141 -750 4 177 0 0
Round 126 of 136
tags: MOVE_ONLY
IN 8652 4554 -32 16 153 0 0
IN 7686 1409 -750 -153 137 0 0
IN 4786 7436 361 464 351 0 1
IN 10918 6141 -750 4 177 0 0
MOV 7238 5968 200
MOV 6716 3158 200
MOV 6568 6528 200
MOV 8986 5623 0
OUT 8479 4711 -147 133 135 0 0
OUT 6838 1430 -721 17 119 0 0
OUT 5325 7809 458 317 333 0 1
OUT 10168 6145 -637 3 195 0 0
Round 127 of 136
tags: MOVE_ONLY
IN 8479 4711 -147 133 135 0 0
IN 6838 1430 -721 17 119 0 0
IN 5325 7809 458 317 333 0 1
IN 10168 6145 -637 3 195 0 0
MOV 7571 6493 155
MOV 6456 3393 200
MOV 6739 6394 200
MOV 8236 5627 200
OUT 8262 4982 -184 230 117 0 0
OUT 6077 1643 -646 181 101 0 0
OUT 5924 7985 509 149 315 0 1
OUT 9338 6096 -705 -41 195 0 0
Round 128 of 136
tags: MOVE_ONLY
IN 8262 4982 -184 230 117 0 0
IN 6077 1643 -646 181 101 0 0
IN 5924 7985 509 149 315 0 1
IN 9338 6096 -705 -41 195 0 0
MOV 7949 6957 117
MOV 6284 3632 200
MOV 6831 6202 200
MOV 7660 5006 0
OUT 8060 5328 -171 293 99 0 0
OUT 5452 2023 -531 322 84 0 0
OUT 6524 7956 509 -24 297 0 1
OUT 8633 6055 -599 -34 213 0 0
Round 129 of 136
tags: ONLY_HIGH_IMPACT SHIELD SINGLE_COLLISION
IN 8060 5328 -171 293 99 0 0
IN 5452 2023 -531 322 84 0 0
IN 6524 7956 509 -24 297 0 1
IN 8633 6055 -599 -34 213 0 0
MOV 7324 7188 SHIELD
MOV 5304 4018 200
MOV 7938 6541 0
MOV 6701 5537 SHIELD
OUT 7660 5304 -402 -106 112 3 0
OUT 4906 2544 -463 443 94 0 0
OUT 7033 7932 432 -20 315 0 1
OUT 8263 6338 -251 326 195 3 0
Round 130 of 136
tags: ENGINE_COOLDOWN
IN 7660 5304 -402 -106 112 3 0
IN 4906 2544 -463 443 94 0 0
IN 7033 7932 432 -20 315 0 1
IN 8263 6338 -251 326 195 3 0
MOV 7505 7298 0
MOV 5390 4485 200
MOV 8815 7024 200
MOV 6265 6442 0
OUT 7258 5198 -341 -90 94 2 0
OUT 4491 3181 -353 541 76 0 0
OUT 7643 7821 518 -94 333 0 1
OUT 8012 6664 -213 277 177 2 0
Round 131 of 136
tags: ENGINE_COOLDOWN
IN 7258 5198 -341 -90 94 2 0
IN 4491 3181 -353 541 76 0 0
IN 7643 7821 518 -94 333 0 1
IN 8012 6664 -213 277 177 2 0
MOV 7742 7139 200
MOV 5551 4877 200
MOV 9425 6913 200
MOV 6144 7380 0
OUT 6917 5108 -289 -76 76 1 0
OUT 4243 3892 -210 604 58 0 0
OUT 8339 7636 591 -157 333 0 1
OUT 7799 6941 -181 235 159 1 0
Round 132 of 136
tags: ENGINE_COOLDOWN
IN 6917 5108 -289 -76 76 1 0
IN 4243 3892 -210 604 58 0 0
IN 8339 7636 591 -157 333 0 1
IN 7799 6941 -181 235 159 1 0
MOV 7977 6804 200
MOV 5769 5185 200
MOV 10121 6728 200
MOV 5801 7045 200
OUT 6628 5032 -245 -64 58 0 0
OUT 4186 4625 -48 623 40 0 0
OUT 9108 7388 653 -210 333 0 1
OUT 7618 7176 -153 199 177 0 0
Round 133 of 136
tags: MOVE_ONLY
IN 6628 5032 -245 -64 58 0 0
IN 4186 4625 -48 623 40 0 0
IN 9108 7388 653 -210 333 0 1
IN 7618 7176 -153 199 177 0 0
MOV 8153 6326 200
MOV 6040 5374 200
MOV 10522 5973 200
MOV 5686 6658 200
OUT 6535 5098 -78 55 40 0 0
OUT 4323 5324 116 593 22 0 0
OUT 9902 7037 675 -298 315 0 1
OUT 7272 7323 -294 125 195 0 0
Round 134 of 136
tags: MOVE_ONLY
IN 6535 5098 -78 55 40 0 0
IN 4323 5324 116 593 22 0 0
IN 9902 7037 675 -298 315 0 1
IN 7272 7323 -294 125 195 0 0
MOV 8380 5869 200
MOV 6318 5464 200
MOV 11684 6129 200
MOV 5340 6805 200
OUT 6642 5230 90 112 23 0 0
OUT 4638 5932 268 516 4 0 0
OUT 10755 6648 725 -330 333 0 1
OUT 6785 7396 -414 62 195 0 0
Round 135 of 136
tags: MOVE_ONLY
IN 6642 5230 90 112 23 0 0
IN 4638 5932 268 516 4 0 0
IN 10755 6648 725 -330 333 0 1
IN 6785 7396 -414 62 195 0 0
MOV 8616 5551 200
MOV 6633 5786 200
MOV 12730 6335 200
MOV 5107 6306 200
OUT 6929 5374 244 122 9 0 0
OUT 5105 6433 397 426 356 0 0
OUT 11678 6287 784 -307 351 0 1
OUT 6203 7349 -494 -39 213 0 0
Round 136 of 136
tags: ONLY_HIGH_IMPACT SHIELD SINGLE_COLLISION
IN 6929 5374 244 122 9 0 0
IN 5105 6433 397 426 356 0 0
IN 11678 6287 784 -307 351 0 1
IN 6203 7349 -494 -39 213 0 0
MOV 8929 5372 200
MOV 6959 5684 200
MOV 13460 5379 0
MOV 4271 6831 SHIELD
OUT 7373 5496 377 103 360 0 0
OUT 5350 6255 -260 -884 338 0 0
OUT 12462 5980 666 -260 333 0 1
OUT 5743 7363 -344 85 195 3 0
