Replay between sethorizer and MadKnight
where MadKnight wins!
Round 1 of 207
tags: MOVE_ONLY
IN 8223 7616 0 0 259 0 0
IN 9185 7342 0 0 249 0 0
IN 7262 7891 0 0 264 0 0
IN 10146 7067 0 0 270 0 0
MOV 7858 5650 200
MOV 8459 5478 200
MOV -2931 -91584 155
MOV 10522 -92928 200
OUT 8186 7419 -31 -167 259 0 0
OUT 9112 7156 -61 -158 249 0 0
OUT 7246 7737 -13 -131 264 0 0
OUT 10147 6867 0 -169 270 0 0
Round 2 of 207
tags: BOOST
IN 8186 7419 -31 -167 259 0 0
IN 9112 7156 -61 -158 249 0 0
IN 7246 7737 -13 -131 264 0 0
IN 10147 6867 0 -169 270 0 0
MOV 8209 5419 200
MOV 8397 5288 200
MOV -33189 -83721 200
MOV -20393 -88347 BOOST
OUT 8157 7052 -24 -311 271 0 0
OUT 8980 6811 -112 -293 249 0 0
OUT 7152 7423 -79 -266 246 0 0
OUT 9948 6079 -168 -669 252 0 1
Round 3 of 207
tags: HAS_LOW_IMPACT SINGLE_COLLISION
IN 8157 7052 -24 -311 271 0 0
IN 8980 6811 -112 -293 249 0 0
IN 7152 7423 -79 -266 246 0 0
IN 9948 6079 -168 -669 252 0 1
MOV 7572 5139 200
MOV 7737 5244 200
MOV -15297 -90019 200
MOV -48520 -75037 138
OUT 7950 6586 -234 -379 253 0 0
OUT 8868 6325 -36 -429 232 0 0
OUT 7028 6962 -105 -391 257 0 0
OUT 9699 5298 -211 -663 234 0 1
Round 4 of 207
tags: MOVE_ONLY
IN 7950 6586 -234 -379 253 0 0
IN 8868 6325 -36 -429 232 0 0
IN 7028 6962 -105 -391 257 0 0
IN 9699 5298 -211 -663 234 0 1
MOV 6915 4874 200
MOV 8136 4464 200
MOV 6664 -93033 82
MOV -70976 -53781 200
OUT 7613 6036 -286 -467 239 0 0
OUT 8759 5710 -92 -522 249 0 0
OUT 6923 6489 -89 -402 270 0 0
OUT 9327 4517 -316 -663 216 0 1
Round 5 of 207
tags: HAS_LOW_IMPACT SINGLE_COLLISION
IN 7613 6036 -286 -467 239 0 0
IN 8759 5710 -92 -522 249 0 0
IN 6923 6489 -89 -402 270 0 0
IN 9327 4517 -316 -663 216 0 1
MOV 6952 4148 157
MOV 7500 4156 200
MOV 24335 -91979 200
MOV -85660 -26742 200
OUT 7445 5304 -124 -635 251 0 0
OUT 8541 5033 -185 -575 231 0 0
OUT 6699 6007 -208 -396 280 0 0
OUT 8821 3791 -430 -616 198 0 1
Round 6 of 207
tags: MOVE_ONLY
IN 7445 5304 -124 -635 251 0 0
IN 8541 5033 -185 -575 231 0 0
IN 6699 6007 -208 -396 280 0 0
IN 8821 3791 -430 -616 198 0 1
MOV 6800 3411 175
MOV 6864 3944 200
MOV 53688 -82263 0
MOV -90642 -6509 200
OUT 7265 4503 -153 -680 251 0 0
OUT 8188 4349 -299 -581 213 0 0
OUT 6491 5611 -176 -336 298 0 0
OUT 8192 3154 -534 -541 186 0 1
Round 7 of 207
tags: ONLY_HIGH_IMPACT SINGLE_COLLISION
IN 7265 4503 -153 -680 251 0 0
IN 8188 4349 -299 -581 213 0 0
IN 6491 5611 -176 -336 298 0 0
IN 8192 3154 -534 -541 186 0 1
MOV 6731 2576 13
MOV 6256 3831 200
MOV 23903 -92857 200
MOV -90801 -10963 198
OUT 6906 3844 -418 -541 255 0 0
OUT 7898 3683 -132 -585 195 0 0
OUT 6350 5078 -119 -453 280 0 0
OUT 7462 2585 -620 -483 188 0 1
Round 8 of 207
tags: MOVE_ONLY
IN 6906 3844 -418 -541 255 0 0
IN 7898 3683 -132 -585 195 0 0
IN 6350 5078 -119 -453 280 0 0
IN 7462 2585 -620 -483 188 0 1
MOV 6073 2026 200
MOV 5899 3742 200
MOV 41505 -88531 200
MOV -91053 19749 15
OUT 6405 3121 -426 -614 245 0 0
OUT 7566 3104 -282 -492 178 0 0
OUT 6301 4438 -41 -544 291 0 0
OUT 6827 2105 -539 -408 170 0 1
Round 9 of 207
tags: ONLY_HIGH_IMPACT SINGLE_COLLISION
IN 6405 3121 -426 -614 245 0 0
IN 7566 3104 -282 -492 178 0 0
IN 6301 4438 -41 -544 291 0 0
IN 6827 2105 -539 -408 170 0 1
MOV 5961 1171 200
MOV 5643 2553 200
MOV 10809 -95456 200
MOV -81559 48870 200
OUT 5845 2545 -568 -251 257 0 0
OUT 7092 2557 -403 -465 196 0 0
OUT 6269 3694 -27 -632 273 0 0
OUT 6201 1557 -440 -703 152 0 1
Round 10 of 207
tags: MOVE_ONLY
IN 5845 2545 -568 -251 257 0 0
IN 7092 2557 -403 -465 196 0 0
IN 6269 3694 -27 -632 273 0 0
IN 6201 1557 -440 -703 152 0 1
MOV 5474 580 200
MOV 5093 2627 200
MOV -20313 -92707 167
MOV -65847 70896 200
OUT 5240 2097 -514 -380 259 0 0
OUT 6489 2099 -512 -389 178 0 0
OUT 6198 2901 -60 -674 255 0 0
OUT 5617 993 -496 -479 136 0 1
Round 11 of 207
tags: ONLY_HIGH_IMPACT SHIELD SINGLE_COLLISION
IN 5240 2097 -514 -380 259 0 0
IN 6489 2099 -512 -389 178 0 0
IN 6198 2901 -60 -674 255 0 0
IN 5617 993 -496 -479 136 0 1
MOV 5360 101 200
MOV 4610 2783 200
MOV -16715 -94430 SHIELD
MOV -42816 88473 0
OUT 4738 1517 -426 -492 273 0 0
OUT 6032 961 -365 -1044 160 0 0
OUT 6114 2309 -73 -495 257 3 0
OUT 5121 514 -421 -407 119 0 1
Round 12 of 207
tags: ENGINE_COOLDOWN HAS_LOW_IMPACT MULTI_COLLISION
IN 4738 1517 -426 -492 273 0 0
IN 6032 961 -365 -1044 160 0 0
IN 6114 2309 -73 -495 257 3 0
IN 5121 514 -421 -407 119 0 1
MOV 5455 -350 200
MOV 4456 2192 200
MOV -45756 -83180 0
MOV -13909 98681 200
OUT 4304 1020 -462 -210 291 0 0
OUT 5539 38 -242 -794 142 0 0
OUT 6041 1814 -62 -420 239 2 0
OUT 4713 124 -431 -533 101 0 1
Round 13 of 207
tags: ENGINE_COOLDOWN
IN 4304 1020 -462 -210 291 0 0
IN 5539 38 -242 -794 142 0 0
IN 6041 1814 -62 -420 239 2 0
IN 4713 124 -431 -533 101 0 1
MOV 5563 -534 200
MOV 4421 1696 200
MOV -58207 -74806 0
MOV 16950 99372 200
OUT 3968 655 -285 -310 309 0 0
OUT 5185 -590 -300 -533 124 0 0
OUT 5979 1394 -52 -357 230 1 0
OUT 4306 -211 -345 -284 83 0 1
Round 14 of 207
tags: ENGINE_COOLDOWN ONLY_HIGH_IMPACT SINGLE_COLLISION
IN 3968 655 -285 -310 309 0 0
IN 5185 -590 -300 -533 124 0 0
IN 5979 1394 -52 -357 230 1 0
IN 4306 -211 -345 -284 83 0 1
MOV 4685 -1212 160
MOV 4634 1333 121
MOV -43339 -85598 0
MOV 24406 97742 200
OUT 3646 419 -316 -99 291 0 0
OUT 4852 -1007 -283 -354 106 0 0
OUT 5927 1037 -44 -303 240 0 0
OUT 4096 -523 -136 -366 78 0 1
Round 15 of 207
tags: HAS_LOW_IMPACT SINGLE_COLLISION
IN 3646 419 -316 -99 291 0 0
IN 4852 -1007 -283 -354 106 0 0
IN 5927 1037 -44 -303 240 0 0
IN 4096 -523 -136 -366 78 0 1
MOV 4905 -1135 0
MOV 4922 992 200
MOV -29845 -92343 200
MOV 25490 97156 200
OUT 3330 320 -268 -84 309 0 0
OUT 4638 -1207 -98 -230 88 0 0
OUT 5811 547 -98 -416 249 0 0
OUT 3940 -648 -215 -45 78 0 1
Round 16 of 207
tags: SHIELD
IN 3330 320 -268 -84 309 0 0
IN 4638 -1207 -98 -230 88 0 0
IN 5811 547 -98 -416 249 0 0
IN 3940 -648 -215 -45 78 0 1
MOV 4047 -1547 SHIELD
MOV 4865 780 200
MOV -57064 -77205 200
MOV 38882 93040 200
OUT 3062 236 -227 -71 291 3 0
OUT 4563 -1238 -64 -26 83 0 0
OUT 5587 -25 -190 -485 231 0 0
OUT 3795 -506 -123 121 70 0 1
Round 17 of 207
tags: ENGINE_COOLDOWN
IN 3062 236 -227 -71 291 3 0
IN 4563 -1238 -64 -26 83 0 0
IN 5587 -25 -190 -485 231 0 0
IN 3795 -506 -123 121 70 0 1
MOV 4321 -1318 128
MOV 4217 732 200
MOV -78236 -54541 200
MOV 35894 94195 200
OUT 2835 165 -192 -60 309 2 0
OUT 4464 -1067 -83 145 100 0 0
OUT 5229 -619 -304 -504 213 0 0
OUT 3736 -196 -49 263 71 0 1
Round 18 of 207
tags: ENGINE_COOLDOWN ONLY_HIGH_IMPACT SINGLE_COLLISION
IN 2835 165 -192 -60 309 2 0
IN 4464 -1067 -83 145 100 0 0
IN 5229 -619 -304 -504 213 0 0
IN 3736 -196 -49 263 71 0 1
MOV 4512 -924 150
MOV 3853 837 200
MOV -91339 -26564 200
MOV 4999 99788 200
OUT 2643 105 -163 -51 327 1 0
OUT 3762 -996 -660 30 108 0 0
OUT 5290 -911 115 -217 195 0 0
OUT 3690 267 -39 393 89 0 1
Round 19 of 207
tags: ENGINE_COOLDOWN
IN 2643 105 -163 -51 327 1 0
IN 3762 -996 -660 30 108 0 0
IN 5290 -911 115 -217 195 0 0
IN 3690 267 -39 393 89 0 1
MOV 4575 -413 0
MOV 3762 1004 200
MOV -94573 4254 200
MOV 9706 100078 200
OUT 2480 54 -138 -43 345 0 0
OUT 3102 -766 -561 195 90 0 0
OUT 5205 -1118 -72 -175 177 0 0
OUT 3663 860 -22 503 87 0 1
Round 20 of 207
tags: ONLY_HIGH_IMPACT SINGLE_COLLISION
IN 2480 54 -138 -43 345 0 0
IN 3102 -766 -561 195 90 0 0
IN 5205 -1118 -72 -175 177 0 0
IN 3663 860 -22 503 87 0 1
MOV 4477 159 0
MOV 3720 1136 200
MOV -92759 18930 200
MOV -8907 100063 200
OUT 2147 277 -398 346 3 0 0
OUT 2798 -647 -142 -55 72 0 0
OUT 4937 -1253 -227 -114 168 0 0
OUT 3616 1561 -40 596 97 0 1
Round 21 of 207
tags: MOVE_ONLY
IN 2147 277 -398 346 3 0 0
IN 2798 -647 -142 -55 72 0 0
IN 4937 -1253 -227 -114 168 0 0
IN 3616 1561 -40 596 97 0 1
MOV 4014 994 200
MOV 3370 1269 200
MOV -82041 48089 200
MOV 10875 101295 200
OUT 1936 695 -179 354 21 0 0
OUT 2713 -510 -72 116 73 0 0
OUT 4536 -1268 -340 -13 150 0 0
OUT 3591 2356 -21 676 86 0 1
Round 22 of 207
tags: MOVE_ONLY
IN 1936 695 -179 354 21 0 0
IN 2713 -510 -72 116 73 0 0
IN 4536 -1268 -340 -13 150 0 0
IN 3591 2356 -21 676 86 0 1
MOV 3816 1377 200
MOV 2703 1490 200
MOV -62935 72534 200
MOV 41313 94962 200
OUT 1945 1117 7 358 20 0 0
OUT 2640 -194 -62 268 90 0 0
OUT 4061 -1133 -403 114 132 0 0
OUT 3645 3217 46 732 68 0 1
Round 23 of 207
tags: MOVE_ONLY
IN 1945 1117 7 358 20 0 0
IN 2640 -194 -62 268 90 0 0
IN 4061 -1133 -403 114 132 0 0
IN 3645 3217 46 732 68 0 1
MOV 3803 1857 200
MOV 3258 1708 200
MOV -37300 89904 200
MOV 68136 79632 200
OUT 2138 1549 163 367 22 0 0
OUT 2639 265 0 389 72 0 0
OUT 3575 -837 -412 251 114 0 0
OUT 3820 4102 148 752 50 0 1
Round 24 of 207
tags: MOVE_ONLY
IN 2138 1549 163 367 22 0 0
IN 2639 265 0 389 72 0 0
IN 3575 -837 -412 251 114 0 0
IN 3820 4102 148 752 50 0 1
MOV 4123 1790 200
MOV 2830 2256 200
MOV -7630 98525 200
MOV 88769 56849 200
OUT 2500 1940 307 332 7 0 0
OUT 2658 853 16 499 85 0 0
OUT 3141 -387 -369 382 96 0 0
OUT 4138 4960 270 728 32 0 1
Round 25 of 207
tags: MOVE_ONLY
IN 2500 1940 307 332 7 0 0
IN 2658 853 16 499 85 0 0
IN 3141 -387 -369 382 96 0 0
IN 4138 4960 270 728 32 0 1
MOV 4371 2646 200
MOV 3250 2763 200
MOV 23189 97577 200
MOV 101231 28875 200
OUT 2994 2343 420 342 21 0 0
OUT 2733 1543 63 586 73 0 0
OUT 2812 191 -279 491 78 0 0
OUT 4602 5736 394 659 14 0 1
Round 26 of 207
tags: MOVE_ONLY
IN 2994 2343 420 342 21 0 0
IN 2733 1543 63 586 73 0 0
IN 2812 191 -279 491 78 0 0
IN 4602 5736 394 659 14 0 1
MOV 4671 3432 200
MOV 3362 3441 200
MOV 52154 87169 200
MOV 104336 -1523 200
OUT 3582 2794 499 383 33 0 0
OUT 2859 2319 107 659 72 0 0
OUT 2632 856 -153 565 60 0 0
OUT 5195 6380 504 547 356 0 1
Round 27 of 207
tags: MOVE_ONLY
IN 3582 2794 499 383 33 0 0
IN 2859 2319 107 659 72 0 0
IN 2632 856 -153 565 60 0 0
IN 5195 6380 504 547 356 0 1
MOV 5025 4179 200
MOV 3958 3990 200
MOV 76434 68327 200
MOV 98538 -29489 200
OUT 4225 3315 546 443 44 0 0
OUT 3076 3145 184 702 57 0 0
OUT 2627 1556 -4 594 42 0 0
OUT 5886 6855 587 403 339 0 1
Round 28 of 207
tags: MOVE_ONLY
IN 4225 3315 546 443 44 0 0
IN 3076 3145 184 702 57 0 0
IN 2627 1556 -4 594 42 0 0
IN 5886 6855 587 403 339 0 1
MOV 5173 5076 200
MOV 4630 4404 200
MOV 93664 42917 200
MOV 83573 -56101 200
OUT 4866 3934 544 526 62 0 0
OUT 3415 3973 288 703 39 0 0
OUT 2805 2233 151 575 24 0 0
OUT 6628 7132 631 235 321 0 1
Round 29 of 207
tags: SHIELD
IN 4866 3934 544 526 62 0 0
IN 3415 3973 288 703 39 0 0
IN 2805 2233 151 575 24 0 0
IN 6628 7132 631 235 321 0 1
MOV 5213 5904 SHIELD
MOV 5282 4690 200
MOV 101558 17924 200
MOV 80931 -59788 200
OUT 5410 4460 462 447 80 3 0
OUT 3890 4748 403 658 21 0 0
OUT 3154 2839 296 515 9 0 0
OUT 7408 7233 662 85 318 0 1
Round 30 of 207
tags: ENGINE_COOLDOWN
IN 5410 4460 462 447 80 3 0
IN 3890 4748 403 658 21 0 0
IN 3154 2839 296 515 9 0 0
IN 7408 7233 662 85 318 0 1
MOV 5132 6441 0
MOV 5887 4853 200
MOV 102710 12203 200
MOV 89343 -50089 200
OUT 5872 4907 392 379 98 2 0
OUT 4493 5417 512 568 3 0 0
OUT 3649 3373 420 453 5 0 0
OUT 8234 7203 701 -25 325 0 1
Round 31 of 207
tags: ENGINE_COOLDOWN SHIELD
IN 5872 4907 392 379 98 2 0
IN 4493 5417 512 568 3 0 0
IN 3649 3373 420 453 5 0 0
IN 8234 7203 701 -25 325 0 1
MOV 4995 6705 SHIELD
MOV 6425 4899 200
MOV 95436 43042 200
MOV 96313 -40141 200
OUT 6264 5286 333 322 116 3 0
OUT 5198 5933 599 438 345 0 0
OUT 4253 3905 513 452 23 0 0
OUT 9111 7083 745 -101 332 0 1
Round 32 of 207
tags: ENGINE_COOLDOWN SHIELD
IN 6264 5286 333 322 116 3 0
IN 5198 5933 599 438 345 0 0
IN 4253 3905 513 452 23 0 0
IN 9111 7083 745 -101 332 0 1
MOV 5986 7267 SHIELD
MOV 7197 5871 153
MOV 101064 28930 200
MOV 96795 -40979 200
OUT 6597 5608 283 273 98 3 0
OUT 5950 6366 639 368 358 0 0
OUT 4960 4407 600 426 14 0 0
OUT 10031 6886 782 -167 331 0 1
Round 33 of 207
tags: ENGINE_COOLDOWN HAS_LOW_IMPACT SINGLE_COLLISION
IN 6597 5608 283 273 98 3 0
IN 5950 6366 639 368 358 0 0
IN 4960 4407 600 426 14 0 0
IN 10031 6886 782 -167 331 0 1
MOV 6944 7578 200
MOV 7855 5756 200
MOV 104765 -1709 200
MOV 80815 -63748 200
OUT 6881 5875 259 110 80 2 0
OUT 6779 6679 686 382 342 0 0
OUT 5760 4821 679 351 356 0 0
OUT 10955 6578 785 -262 315 0 1
Round 34 of 207
tags: ENGINE_COOLDOWN
IN 6881 5875 259 110 80 2 0
IN 6779 6679 686 382 342 0 0
IN 5760 4821 679 351 356 0 0
IN 10955 6578 785 -262 315 0 1
MOV 7820 7641 56
MOV 8397 5503 200
MOV 104185 -12821 200
MOV 56445 -82469 0
OUT 7140 5985 220 93 62 1 0
OUT 7627 6944 721 225 324 0 0
OUT 6636 5137 744 268 350 0 0
OUT 11740 6316 667 -222 297 0 1
Round 35 of 207
tags: ENGINE_COOLDOWN HAS_LOW_IMPACT SINGLE_COLLISION
IN 7140 5985 220 93 62 1 0
IN 7627 6944 721 225 324 0 0
IN 6636 5137 744 268 350 0 0
IN 11740 6316 667 -222 297 0 1
MOV 8579 7374 119
MOV 9529 6326 200
MOV 98537 -34265 200
MOV 27486 -92428 66
OUT 7372 6169 210 258 44 0 0
OUT 8538 7107 774 138 342 0 0
OUT 7552 5235 765 -18 337 0 0
OUT 12417 6029 575 -244 279 0 1
Round 36 of 207
tags: MOVE_ONLY
IN 7372 6169 210 258 44 0 0
IN 8538 7107 774 138 342 0 0
IN 7552 5235 765 -18 337 0 0
IN 12417 6029 575 -244 279 0 1
MOV 9170 7046 0
MOV 10156 5931 200
MOV 103443 -23112 200
MOV -3120 -92749 200
OUT 7582 6427 178 219 26 0 0
OUT 9474 7127 795 17 324 0 0
OUT 8509 5160 813 -63 344 0 0
OUT 12961 5587 462 -375 261 0 1
Round 37 of 207
tags: MOVE_ONLY
IN 7582 6427 178 219 26 0 0
IN 9474 7127 795 17 324 0 0
IN 8509 5160 813 -63 344 0 0
IN 12961 5587 462 -375 261 0 1
MOV 9563 6705 200
MOV 10695 5543 87
MOV 108470 7832 53
MOV -32341 -83558 200
OUT 7958 6674 319 209 8 0 0
OUT 10322 7075 720 -44 308 0 0
OUT 9375 5098 736 -52 2 0 0
OUT 13332 5034 315 -470 243 0 1
Round 38 of 207
tags: MOVE_ONLY
IN 7958 6674 319 209 8 0 0
IN 10322 7075 720 -44 308 0 0
IN 9375 5098 736 -52 2 0 0
IN 13332 5034 315 -470 243 0 1
MOV 9928 6327 200
MOV 11229 5292 200
MOV 103618 38529 200
MOV -57302 -65750 200
OUT 8474 6848 438 148 350 0 0
OUT 11133 6853 689 -188 297 0 0
OUT 10299 5113 785 12 20 0 0
OUT 13506 4422 147 -519 225 0 1
Round 39 of 207
tags: MOVE_ONLY
IN 8474 6848 438 148 350 0 0
IN 11133 6853 689 -188 297 0 0
IN 10299 5113 785 12 20 0 0
IN 13506 4422 147 -519 225 0 1
MOV 10240 5909 200
MOV 12000 5051 22
MOV 89595 66028 200
MOV -75541 -41068 200
OUT 9089 6902 522 46 332 0 0
OUT 11832 6645 593 -176 296 0 0
OUT 11243 5247 802 113 38 0 0
OUT 13475 3812 -26 -518 207 0 1
Round 40 of 207
tags: MOVE_ONLY
IN 9089 6902 522 46 332 0 0
IN 11832 6645 593 -176 296 0 0
IN 11243 5247 802 113 38 0 0
IN 13475 3812 -26 -518 207 0 1
MOV 10478 5463 200
MOV 12110 4664 9
MOV 67834 87684 181
MOV -85269 -11934 200
OUT 9750 6804 561 -83 314 0 0
OUT 12426 6460 505 -157 278 0 0
OUT 12147 5509 768 222 56 0 0
OUT 13251 3263 -189 -467 189 0 1
Round 41 of 207
tags: ONLY_HIGH_IMPACT SHIELD SINGLE_COLLISION
IN 9750 6804 561 -83 314 0 0
IN 12426 6460 505 -157 278 0 0
IN 12147 5509 768 222 56 0 0
IN 13251 3263 -189 -467 189 0 1
MOV 11228 5457 0
MOV 12079 4490 0
MOV 40494 101400 SHIELD
MOV -85527 18800 200
OUT 10311 6721 476 -70 318 0 0
OUT 13018 6724 562 508 260 0 0
OUT 12906 5689 639 124 74 3 0
OUT 12864 2827 -328 -370 171 0 1
Round 42 of 207
tags: ENGINE_COOLDOWN SHIELD
IN 10311 6721 476 -70 318 0 0
IN 13018 6724 562 508 260 0 0
IN 12906 5689 639 124 74 3 0
IN 12864 2827 -328 -370 171 0 1
MOV 12138 5908 SHIELD
MOV 12079 4958 200
MOV 10233 105650 0
MOV -76281 48129 200
OUT 10787 6651 404 -59 336 3 0
OUT 13486 7055 397 281 242 0 0
OUT 13545 5813 543 105 92 2 0
OUT 12358 2548 -430 -237 153 0 1
Round 43 of 207
tags: ENGINE_COOLDOWN
IN 10787 6651 404 -59 336 3 0
IN 13486 7055 397 281 242 0 0
IN 13545 5813 543 105 92 2 0
IN 12358 2548 -430 -237 153 0 1
MOV 12273 5313 200
MOV 12488 5322 200
MOV -19886 100056 0
MOV -58426 73182 200
OUT 11191 6592 343 -50 318 2 0
OUT 13783 7163 252 91 240 0 0
OUT 14088 5918 461 89 110 1 0
OUT 11786 2452 -485 -81 135 0 1
Round 44 of 207
tags: ENGINE_COOLDOWN SHIELD
IN 11191 6592 343 -50 318 2 0
IN 13783 7163 252 91 240 0 0
IN 14088 5918 461 89 110 1 0
IN 11786 2452 -485 -81 135 0 1
MOV 12191 4860 SHIELD
MOV 12773 5437 200
MOV -24999 97954 0
MOV -33704 91499 200
OUT 11534 6542 291 -42 300 3 0
OUT 13934 7081 128 -69 240 0 0
OUT 14549 6007 391 75 113 0 0
OUT 11210 2549 -489 82 117 0 1
Round 45 of 207
tags: ENGINE_COOLDOWN
IN 11534 6542 291 -42 300 3 0
IN 13934 7081 128 -69 240 0 0
IN 14549 6007 391 75 113 0 0
IN 11210 2549 -489 82 117 0 1
MOV 11950 4586 200
MOV 12783 5445 200
MOV -51068 81462 0
MOV -4536 101293 200
OUT 11825 6500 247 -35 282 2 0
OUT 13947 6848 10 -197 235 0 0
OUT 14940 6082 332 63 131 0 0
OUT 10690 2829 -442 237 99 0 1
Round 46 of 207
tags: ENGINE_COOLDOWN
IN 11825 6500 247 -35 282 2 0
IN 13947 6848 10 -197 235 0 0
IN 14940 6082 332 63 131 0 0
IN 10690 2829 -442 237 99 0 1
MOV 11616 4511 200
MOV 13099 5037 200
MOV -70785 57568 200
MOV -14341 99638 0
OUT 12072 6465 209 -29 264 1 0
OUT 13872 6470 -63 -321 245 0 0
OUT 15101 6248 136 141 149 0 0
OUT 10248 3066 -375 201 104 0 1
Round 47 of 207
tags: ENGINE_COOLDOWN
IN 12072 6465 209 -29 264 1 0
IN 13872 6470 -63 -321 245 0 0
IN 15101 6248 136 141 149 0 0
IN 10248 3066 -375 201 104 0 1
MOV 11259 4638 200
MOV 12621 4909 200
MOV -82334 28723 200
MOV 11848 103046 0
OUT 12281 6436 177 -24 246 0 0
OUT 13684 5993 -159 -405 231 0 0
OUT 15042 6434 -50 158 167 0 0
OUT 9873 3267 -318 170 89 0 1
Round 48 of 207
tags: MOVE_ONLY
IN 12281 6436 177 -24 246 0 0
IN 13684 5993 -159 -405 231 0 0
IN 15042 6434 -50 158 167 0 0
IN 9873 3267 -318 170 89 0 1
MOV 10943 4950 200
MOV 12328 4522 200
MOV -84568 -2299 0
MOV 33755 100368 0
OUT 12324 6263 36 -146 228 0 0
OUT 13389 5441 -250 -469 227 0 0
OUT 14992 6592 -42 134 185 0 0
OUT 9555 3437 -270 144 76 0 1
Round 49 of 207
tags: MOVE_ONLY
IN 12324 6263 36 -146 228 0 0
IN 13389 5441 -250 -469 227 0 0
IN 14992 6592 -42 134 185 0 0
IN 9555 3437 -270 144 76 0 1
MOV 10784 4987 200
MOV 12028 3976 200
MOV -77044 -32495 200
MOV 6826 103396 200
OUT 12206 5989 -100 -232 220 0 0
OUT 13003 4825 -328 -523 227 0 0
OUT 14766 6648 -192 47 203 0 0
OUT 9280 3781 -234 292 92 0 1
Round 50 of 207
tags: SHIELD
IN 12206 5989 -100 -232 220 0 0
IN 13003 4825 -328 -523 227 0 0
IN 14766 6648 -192 47 203 0 0
IN 9280 3781 -234 292 92 0 1
MOV 11146 4293 SHIELD
MOV 11254 3855 200
MOV -76310 -34628 200
MOV 963 103427 184
OUT 12106 5757 -85 -197 238 3 0
OUT 12500 4205 -427 -527 209 0 0
OUT 14392 6612 -318 -30 204 0 0
OUT 9031 4256 -211 404 95 0 1
Round 51 of 207
tags: ENGINE_COOLDOWN SHIELD
IN 12106 5757 -85 -197 238 3 0
IN 12500 4205 -427 -527 209 0 0
IN 14392 6612 -318 -30 204 0 0
IN 9031 4256 -211 404 95 0 1
MOV 11622 3816 SHIELD
MOV 10537 3823 200
MOV -82708 -17277 200
MOV 15678 104028 197
OUT 12021 5560 -72 -167 256 3 0
OUT 11877 3639 -529 -480 191 0 0
OUT 13880 6534 -435 -66 194 0 0
OUT 8833 4857 -168 510 86 0 1
Round 52 of 207
tags: ENGINE_COOLDOWN
IN 12021 5560 -72 -167 256 3 0
IN 11877 3639 -529 -480 191 0 0
IN 13880 6534 -435 -66 194 0 0
IN 8833 4857 -168 510 86 0 1
MOV 12161 3565 112
MOV 9892 3883 65
MOV -81478 -23552 200
MOV 45986 97691 0
OUT 11949 5393 -61 -141 274 2 0
OUT 11283 3167 -504 -401 173 0 0
OUT 13254 6408 -531 -107 198 0 0
OUT 8665 5367 -142 433 68 0 1
Round 53 of 207
tags: ENGINE_COOLDOWN
IN 11949 5393 -61 -141 274 2 0
IN 11283 3167 -504 -401 173 0 0
IN 13254 6408 -531 -107 198 0 0
IN 8665 5367 -142 433 68 0 1
MOV 12685 3534 200
MOV 9470 4012 200
MOV -81992 -24034 200
MOV 72687 82177 0
OUT 11888 5252 -51 -119 292 1 0
OUT 10598 2850 -582 -269 155 0 0
OUT 12532 6240 -613 -142 198 0 0
OUT 8523 5800 -120 368 50 0 1
Round 54 of 207
tags: ENGINE_COOLDOWN SHIELD
IN 11888 5252 -51 -119 292 1 0
IN 10598 2850 -582 -269 155 0 0
IN 12532 6240 -613 -142 198 0 0
IN 8523 5800 -120 368 50 0 1
MOV 13174 3720 SHIELD
MOV 9135 4214 200
MOV -73953 -43948 200
MOV 93150 59068 0
OUT 11837 5133 -43 -101 310 3 0
OUT 9869 2717 -619 -112 137 0 0
OUT 11746 5998 -668 -206 210 0 0
OUT 8403 6168 -102 312 32 0 1
Round 55 of 207
tags: ENGINE_COOLDOWN SHIELD
IN 11837 5133 -43 -101 310 3 0
IN 9869 2717 -619 -112 137 0 0
IN 11746 5998 -668 -206 210 0 0
IN 8403 6168 -102 312 32 0 1
MOV 13533 4073 SHIELD
MOV 8899 4466 200
MOV -70220 -51278 192
MOV 105350 30678 0
OUT 11794 5032 -36 -85 328 3 0
OUT 9153 2780 -608 53 119 0 0
OUT 10921 5682 -701 -268 215 0 0
OUT 8301 6480 -86 265 14 0 1
Round 56 of 207
tags: ENGINE_COOLDOWN SHIELD
IN 11794 5032 -36 -85 328 3 0
IN 9153 2780 -608 53 119 0 0
IN 10921 5682 -701 -268 215 0 0
IN 8301 6480 -86 265 14 0 1
MOV 13493 3977 SHIELD
MOV 8771 4743 200
MOV -60842 -63949 43
MOV 108073 -167 41
OUT 11758 4947 -30 -72 328 3 0
OUT 8506 3029 -549 211 101 0 0
OUT 10189 5384 -622 -253 224 0 0
OUT 8256 6742 -38 222 356 0 1
Round 57 of 207
tags: ENGINE_COOLDOWN SHIELD
IN 11758 4947 -30 -72 328 3 0
IN 8506 3029 -549 211 101 0 0
IN 10189 5384 -622 -253 224 0 0
IN 8256 6742 -38 222 356 0 1
MOV 13537 4033 SHIELD
MOV 8750 5014 200
MOV -79579 -38663 200
MOV 101090 -30411 0
OUT 11728 4875 -25 -61 333 3 0
OUT 7981 3439 -446 348 83 0 0
OUT 9387 5043 -681 -289 206 0 0
OUT 8218 6964 -32 188 338 0 1
Round 58 of 207
tags: ENGINE_COOLDOWN SHIELD
IN 11728 4875 -25 -61 333 3 0
IN 7981 3439 -446 348 83 0 0
IN 9387 5043 -681 -289 206 0 0
IN 8218 6964 -32 188 338 0 1
MOV 13703 4562 SHIELD
MOV 8826 5252 200
MOV -89601 -9109 200
MOV 85028 -57058 200
OUT 11703 4814 -21 -51 351 3 0
OUT 7619 3968 -307 450 65 0 0
OUT 8508 4726 -747 -269 188 0 0
OUT 8340 7024 103 50 320 0 1
Round 59 of 207
tags: ENGINE_COOLDOWN ONLY_HIGH_IMPACT SHIELD SINGLE_COLLISION
IN 11703 4814 -21 -51 351 3 0
IN 7619 3968 -307 450 65 0 0
IN 8508 4726 -747 -269 188 0 0
IN 8340 7024 103 50 320 0 1
MOV 13678 5127 0
MOV 8983 5431 SHIELD
MOV -90841 16055 SHIELD
MOV 61608 -77603 200
OUT 11682 4763 -17 -43 9 2 0
OUT 6974 4210 -805 48 47 3 0
OUT 8099 4665 -90 105 173 3 0
OUT 8550 6905 178 -101 302 0 1
Round 60 of 207
tags: ENGINE_COOLDOWN SHIELD
IN 11682 4763 -17 -43 9 2 0
IN 6974 4210 -805 48 47 3 0
IN 8099 4665 -90 105 173 3 0
IN 8550 6905 178 -101 302 0 1
MOV 13464 5671 SHIELD
MOV 8723 5180 200
MOV -82886 46140 0
MOV 33060 -90042 200
OUT 11665 4720 -14 -36 27 3 0
OUT 6169 4258 -684 40 29 2 0
OUT 8009 4770 -76 89 155 2 0
OUT 8777 6610 192 -250 284 0 1
Round 61 of 207
tags: ENGINE_COOLDOWN SHIELD
IN 11665 4720 -14 -36 27 3 0
IN 6169 4258 -684 40 29 2 0
IN 8009 4770 -76 89 155 2 0
IN 8777 6610 192 -250 284 0 1
MOV 13640 5033 SHIELD
MOV 7832 5369 200
MOV -65707 72333 0
MOV 2129 -93162 200
OUT 11651 4684 -11 -30 9 3 0
OUT 5485 4298 -581 34 34 1 0
OUT 7933 4859 -64 75 137 1 0
OUT 8956 6160 151 -382 266 0 1
Round 62 of 207
tags: ENGINE_COOLDOWN SHIELD
IN 11651 4684 -11 -30 9 3 0
IN 5485 4298 -581 34 34 1 0
IN 7933 4859 -64 75 137 1 0
IN 8956 6160 151 -382 266 0 1
MOV 13626 4371 SHIELD
MOV 7408 4849 200
MOV -72649 64067 0
MOV -28197 -86674 200
OUT 11640 4654 -9 -25 351 3 0
OUT 4904 4332 -493 28 16 0 0
OUT 7869 4934 -54 63 144 0 0
OUT 9033 5592 65 -482 248 0 1
Round 63 of 207
tags: ENGINE_COOLDOWN
IN 11640 4654 -9 -25 351 3 0
IN 4904 4332 -493 28 16 0 0
IN 7869 4934 -54 63 144 0 0
IN 9033 5592 65 -482 248 0 1
MOV 13620 4933 0
MOV 6711 5190 200
MOV -77733 56621 200
MOV -54989 -71218 200
OUT 11631 4629 -7 -21 8 2 0
OUT 4592 4446 -265 96 25 0 0
OUT 7644 5100 -191 141 149 0 0
OUT 8970 4956 -53 -540 230 0 1
Round 64 of 207
tags: ENGINE_COOLDOWN SHIELD
IN 11631 4629 -7 -21 8 2 0
IN 4592 4446 -265 96 25 0 0
IN 7644 5100 -191 141 149 0 0
IN 8970 4956 -53 -540 230 0 1
MOV 13601 4282 SHIELD
MOV 6055 5810 200
MOV -88460 32712 200
MOV -75657 -48312 200
OUT 11624 4608 -5 -17 350 3 0
OUT 4473 4678 -100 197 43 0 0
OUT 7261 5296 -325 166 164 0 0
OUT 8748 4309 -188 -549 212 0 1
Round 65 of 207
tags: ENGINE_COOLDOWN SHIELD
IN 11624 4608 -5 -17 350 3 0
IN 4473 4678 -100 197 43 0 0
IN 7261 5296 -325 166 164 0 0
IN 8748 4309 -188 -549 212 0 1
MOV 13559 4103 SHIELD
MOV 5443 6427 179
MOV -83619 47000 200
MOV -86608 -25783 200
OUT 11619 4591 -4 -14 345 3 0
OUT 4460 5032 -11 300 61 0 0
OUT 6754 5545 -430 212 155 0 0
OUT 8369 3700 -321 -517 198 0 1
Round 66 of 207
tags: ENGINE_COOLDOWN SHIELD
IN 11619 4591 -4 -14 345 3 0
IN 4460 5032 -11 300 61 0 0
IN 6754 5545 -430 212 155 0 0
IN 8369 3700 -321 -517 198 0 1
MOV 13296 3502 SHIELD
MOV 5378 6809 181
MOV -83939 47656 50
MOV -91620 4547 200
OUT 11615 4577 -3 -11 327 3 0
OUT 4532 5493 61 391 63 0 0
OUT 6279 5778 -404 198 155 0 0
OUT 7848 3185 -442 -438 180 0 1
Round 67 of 207
tags: ENGINE_COOLDOWN
IN 11615 4577 -3 -11 327 3 0
IN 4532 5493 61 391 63 0 0
IN 6279 5778 -404 198 155 0 0
IN 7848 3185 -442 -438 180 0 1
MOV 12874 3023 0
MOV 5074 7418 200
MOV -86032 44223 200
MOV -86988 34890 200
OUT 11612 4566 -2 -9 309 2 0
OUT 4647 6077 97 495 74 0 0
OUT 5690 6053 -500 233 157 0 0
OUT 7216 2810 -536 -318 162 0 1
Round 68 of 207
tags: ENGINE_COOLDOWN ONLY_HIGH_IMPACT SHIELD SINGLE_COLLISION
IN 11612 4566 -2 -9 309 2 0
IN 4647 6077 97 495 74 0 0
IN 5690 6053 -500 233 157 0 0
IN 7216 2810 -536 -318 162 0 1
MOV 12329 2699 0
MOV 5765 7735 SHIELD
MOV -70222 71142 SHIELD
MOV -73183 62270 200
OUT 11610 4557 -1 -7 291 1 0
OUT 4437 6625 -373 499 56 3 0
OUT 5497 6233 30 119 139 3 0
OUT 6519 2611 -592 -169 144 0 1
Round 69 of 207
tags: ENGINE_COOLDOWN
IN 11610 4557 -1 -7 291 1 0
IN 4437 6625 -373 499 56 3 0
IN 5497 6233 30 119 139 3 0
IN 6519 2611 -592 -169 144 0 1
MOV 11715 2560 0
MOV 6013 7856 200
MOV -60573 81288 0
MOV -51568 84003 102
OUT 11609 4550 0 -5 273 0 0
OUT 4064 7124 -317 424 38 2 0
OUT 5527 6352 25 101 131 2 0
OUT 5868 2525 -553 -73 126 0 1
Round 70 of 207
tags: ENGINE_COOLDOWN SHIELD
IN 11609 4550 0 -5 273 0 0
IN 4064 7124 -317 424 38 2 0
IN 5527 6352 25 101 131 2 0
IN 5868 2525 -553 -73 126 0 1
MOV 11091 2618 SHIELD
MOV 5943 7808 200
MOV -34116 98150 0
MOV -29327 96119 200
OUT 11609 4545 0 -4 255 3 0
OUT 3747 7548 -269 360 20 1 0
OUT 5552 6453 21 85 113 1 0
OUT 5245 2639 -529 97 111 0 1
Round 71 of 207
tags: ENGINE_COOLDOWN
IN 11609 4545 0 -4 255 3 0
IN 3747 7548 -269 360 20 1 0
IN 5552 6453 21 85 113 1 0
IN 5245 2639 -529 97 111 0 1
MOV 10520 2868 0
MOV 5746 7618 200
MOV -52165 88112 0
MOV 694 102531 200
OUT 11609 4541 0 -3 237 2 0
OUT 3478 7908 -228 306 2 0 0
OUT 5573 6538 17 72 125 0 0
OUT 4707 2936 -457 252 93 0 1
Round 72 of 207
tags: ENGINE_COOLDOWN SHIELD
IN 11609 4541 0 -3 237 2 0
IN 3478 7908 -228 306 2 0 0
IN 5573 6538 17 72 125 0 0
IN 4707 2936 -457 252 93 0 1
MOV 10055 3282 SHIELD
MOV 5401 7357 200
MOV -50173 89555 200
MOV 31248 99347 200
OUT 11609 4538 0 -2 219 3 0
OUT 3443 8160 -30 214 344 0 0
OUT 5479 6776 -80 202 124 0 0
OUT 4303 3381 -343 378 75 0 1
Round 73 of 207
tags: ENGINE_COOLDOWN
IN 11609 4538 0 -2 219 3 0
IN 3443 8160 -30 214 344 0 0
IN 5479 6776 -80 202 124 0 0
IN 4303 3381 -343 378 75 0 1
MOV 10356 2979 24
MOV 5431 7940 200
MOV -31672 99610 200
MOV 59336 86868 200
OUT 11609 4536 0 -1 231 2 0
OUT 3612 8352 143 163 354 0 0
OUT 5325 7164 -131 329 112 0 0
OUT 4070 3926 -197 463 57 0 1
Round 74 of 207
tags: ENGINE_COOLDOWN SHIELD
IN 11609 4536 0 -1 231 2 0
IN 3612 8352 143 163 354 0 0
IN 5325 7164 -131 329 112 0 0
IN 4070 3926 -197 463 57 0 1
MOV 10118 3203 SHIELD
MOV 5581 8003 200
MOV -58695 83975 70
MOV 82207 66320 200
OUT 11609 4535 0 0 222 3 0
OUT 3952 8480 288 108 350 0 0
OUT 5149 7547 -149 325 130 0 0
OUT 4029 4514 -34 499 39 0 1
Round 75 of 207
tags: ENGINE_COOLDOWN
IN 11609 4535 0 0 222 3 0
IN 3952 8480 288 108 350 0 0
IN 5149 7547 -149 325 130 0 0
IN 4029 4514 -34 499 39 0 1
MOV 10183 3132 163
MOV 5951 8550 200
MOV -79477 60817 100
MOV 97623 39709 200
OUT 11609 4535 0 0 225 2 0
OUT 4440 8595 414 97 2 0 0
OUT 4915 7925 -198 321 148 0 0
OUT 4182 5083 130 483 21 0 1
Round 76 of 207
tags: ENGINE_COOLDOWN ONLY_HIGH_IMPACT SHIELD SINGLE_COLLISION
IN 11609 4535 0 0 225 2 0
IN 4440 8595 414 97 2 0 0
IN 4915 7925 -198 321 148 0 0
IN 4182 5083 130 483 21 0 1
MOV 9827 3627 SHIELD
MOV 6415 8277 0
MOV -59105 84736 SHIELD
MOV 104074 9633 200
OUT 11609 4535 0 0 207 3 0
OUT 4333 9456 -109 758 351 0 0
OUT 4769 8170 -122 205 130 3 0
OUT 4512 5575 280 418 3 0 1
Round 77 of 207
tags: ENGINE_COOLDOWN
IN 11609 4535 0 0 207 3 0
IN 4333 9456 -109 758 351 0 0
IN 4769 8170 -122 205 130 3 0
IN 4512 5575 280 418 3 0 1
MOV 9634 4222 108
MOV 6115 8548 200
MOV -32382 101004 0
MOV 100923 -20966 200
OUT 11609 4535 0 0 189 2 0
OUT 4402 10123 58 567 333 0 0
OUT 4647 8375 -103 174 112 2 0
OUT 4985 5940 401 310 345 0 1
Round 78 of 207
tags: ENGINE_COOLDOWN
IN 11609 4535 0 0 189 2 0
IN 4402 10123 58 567 333 0 0
IN 4647 8375 -103 174 112 2 0
IN 4985 5940 401 310 345 0 1
MOV 9632 4838 200
MOV 5819 8711 200
MOV -1998 108147 0
MOV 104881 10387 200
OUT 11609 4535 0 0 171 1 0
OUT 4602 10549 169 361 315 0 0
OUT 4544 8549 -87 147 94 1 0
OUT 5586 6259 510 271 3 0 1
Round 79 of 207
tags: ENGINE_COOLDOWN SHIELD
IN 11609 4535 0 0 171 1 0
IN 4602 10549 169 361 315 0 0
IN 4544 8549 -87 147 94 1 0
IN 5586 6259 510 271 3 0 1
MOV 9827 5443 SHIELD
MOV 5510 8767 200
MOV 29056 105495 0
MOV 101971 -20382 200
OUT 11609 4535 0 0 153 3 0
OUT 4862 10732 221 155 297 0 0
OUT 4457 8696 -73 124 76 0 0
OUT 6289 6477 597 185 345 0 1
Round 80 of 207
tags: ENGINE_COOLDOWN
IN 11609 4535 0 0 153 3 0
IN 4862 10732 221 155 297 0 0
IN 4457 8696 -73 124 76 0 0
IN 6289 6477 597 185 345 0 1
MOV 10188 5942 200
MOV 5271 8774 200
MOV 57727 93322 200
MOV 89720 -48642 200
OUT 11609 4535 0 0 135 2 0
OUT 5124 10691 222 -34 282 0 0
OUT 4491 8989 28 249 58 0 0
OUT 7053 6552 649 63 327 0 1
Round 81 of 207
tags: ENGINE_COOLDOWN
IN 11609 4535 0 0 135 2 0
IN 5124 10691 222 -34 282 0 0
IN 4491 8989 28 249 58 0 0
IN 7053 6552 649 63 327 0 1
MOV 10701 6317 200
MOV 6030 8908 200
MOV 81302 73009 200
MOV 69366 -71649 50
OUT 11609 4535 0 0 117 1 0
OUT 5437 10479 265 -180 297 0 0
OUT 4673 9366 154 320 40 0 0
OUT 7733 6576 578 20 309 0 1
Round 82 of 207
tags: ENGINE_COOLDOWN
IN 11609 4535 0 0 117 1 0
IN 5437 10479 265 -180 297 0 0
IN 4673 9366 154 320 40 0 0
IN 7733 6576 578 20 309 0 1
MOV 11041 6453 200
MOV 6851 9065 200
MOV 97507 46517 200
MOV 91164 -48543 0
OUT 11609 4535 0 0 106 0 0
OUT 5843 10157 345 -273 315 0 0
OUT 5013 9760 288 335 22 0 0
OUT 8311 6596 491 17 327 0 1
Round 83 of 207
tags: MOVE_ONLY
IN 11609 4535 0 0 106 0 0
IN 5843 10157 345 -273 315 0 0
IN 5013 9760 288 335 22 0 0
IN 8311 6596 491 17 327 0 1
MOV 10491 6193 200
MOV 6751 8375 200
MOV 104785 16405 108
MOV 70624 -71605 97
OUT 11497 4701 -95 140 124 0 0
OUT 6279 9706 370 -383 297 0 0
OUT 5409 10102 336 290 4 0 0
OUT 8862 6537 468 -50 309 0 1
Round 84 of 207
tags: MOVE_ONLY
IN 11497 4701 -95 140 124 0 0
IN 6279 9706 370 -383 297 0 0
IN 5409 10102 336 290 4 0 0
IN 8862 6537 468 -50 309 0 1
MOV 10274 6283 200
MOV 7693 8292 200
MOV 102355 -14410 200
MOV 92293 -48582 200
OUT 11280 4999 -184 253 128 0 0
OUT 6790 9182 434 -445 315 0 0
OUT 5939 10343 450 204 346 0 0
OUT 9497 6377 539 -136 327 0 1
Round 85 of 207
tags: MOVE_ONLY
IN 11280 4999 -184 253 128 0 0
IN 6790 9182 434 -445 315 0 0
IN 5939 10343 450 204 346 0 0
IN 9497 6377 539 -136 327 0 1
MOV 10585 6874 200
MOV 7944 7549 200
MOV 90565 -42927 200
MOV 105882 -20264 200
OUT 11026 5440 -215 374 110 0 0
OUT 7339 8574 467 -517 305 0 0
OUT 6558 10440 526 82 328 0 0
OUT 10229 6188 622 -160 345 0 1
Round 86 of 207
tags: ONLY_HIGH_IMPACT SHIELD SINGLE_COLLISION
IN 11026 5440 -215 374 110 0 0
IN 7339 8574 467 -517 305 0 0
IN 6558 10440 526 82 328 0 0
IN 10229 6188 622 -160 345 0 1
MOV 9795 7016 SHIELD
MOV 7924 6661 200
MOV 72335 -64874 200
MOV 109733 -3742 SHIELD
OUT 11267 5323 372 -280 128 3 0
OUT 7865 7866 447 -601 287 0 0
OUT 7216 10371 558 -58 311 0 0
OUT 10395 6519 -26 462 354 3 1
Round 87 of 207
tags: ENGINE_COOLDOWN
IN 11267 5323 372 -280 128 3 0
IN 7865 7866 447 -601 287 0 0
IN 7216 10371 558 -58 311 0 0
IN 10395 6519 -26 462 354 3 1
MOV 10155 6986 200
MOV 7830 5866 200
MOV 60704 -74121 200
MOV 101958 -33673 0
OUT 11639 5043 316 -238 124 2 0
OUT 8309 7065 377 -680 269 0 0
OUT 7881 10144 565 -192 302 0 0
OUT 10369 6981 -22 392 336 2 1
Round 88 of 207
tags: ENGINE_COOLDOWN
IN 11639 5043 316 -238 124 2 0
IN 8309 7065 377 -680 269 0 0
IN 7881 10144 565 -192 302 0 0
IN 10369 6981 -22 392 336 2 1
MOV 10791 6854 200
MOV 7658 5174 49
MOV 65744 -71410 200
MOV 109873 -2949 0
OUT 11955 4805 268 -202 115 1 0
OUT 8670 6339 307 -617 251 0 0
OUT 8562 9789 578 -301 305 0 0
OUT 10347 7373 -18 333 354 1 1
Round 89 of 207
tags: ENGINE_COOLDOWN
IN 11955 4805 268 -202 115 1 0
IN 8670 6339 307 -617 251 0 0
IN 8562 9789 578 -301 305 0 0
IN 10347 7373 -18 333 354 1 1
MOV 11711 6790 200
MOV 7466 4742 200
MOV 38390 -85651 200
MOV 103062 -30076 0
OUT 12223 4603 227 -171 97 0 0
OUT 8857 5562 159 -660 233 0 0
OUT 9200 9297 542 -418 287 0 0
OUT 10329 7706 -15 283 338 0 1
Round 90 of 207
tags: MOVE_ONLY
IN 12223 4603 227 -171 97 0 0
IN 8857 5562 159 -660 233 0 0
IN 9200 9297 542 -418 287 0 0
IN 10329 7706 -15 283 338 0 1
MOV 11718 6538 200
MOV 7219 4415 200
MOV 8076 -90689 181
MOV 94727 -45927 109
OUT 12399 4626 150 19 105 0 0
OUT 8853 4787 -3 -659 215 0 0
OUT 9740 8698 458 -509 269 0 0
OUT 10406 7931 65 190 328 0 1
Round 91 of 207
tags: ONLY_HIGH_IMPACT SHIELD SINGLE_COLLISION
IN 12399 4626 150 19 105 0 0
IN 8853 4787 -3 -659 215 0 0
IN 9740 8698 458 -509 269 0 0
IN 10406 7931 65 190 328 0 1
MOV 12284 6623 200
MOV 6940 4202 200
MOV 23601 -90329 SHIELD
MOV 74098 -69156 200
OUT 12538 4845 117 185 93 0 0
OUT 8659 4069 -164 -610 197 0 0
OUT 10152 8235 326 -370 278 3 0
OUT 11062 7506 790 -593 310 0 1
Round 92 of 207
tags: ENGINE_COOLDOWN
IN 12538 4845 117 185 93 0 0
IN 8659 4069 -164 -610 197 0 0
IN 10152 8235 326 -370 278 3 0
IN 11062 7506 790 -593 310 0 1
MOV 12850 6821 200
MOV 6659 4104 200
MOV 14152 -91677 0
MOV 47814 -85487 200
OUT 12686 5228 125 325 81 0 0
OUT 8295 3462 -309 -516 179 0 0
OUT 10478 7865 277 -314 272 2 0
OUT 11926 6727 733 -662 292 0 1
Round 93 of 207
tags: ENGINE_COOLDOWN ONLY_HIGH_IMPACT SHIELD SINGLE_COLLISION
IN 12686 5228 125 325 81 0 0
IN 8295 3462 -309 -516 179 0 0
IN 10478 7865 277 -314 272 2 0
IN 11926 6727 733 -662 292 0 1
MOV 13594 7010 SHIELD
MOV 6404 4113 200
MOV -16592 -88396 0
MOV 18143 -93071 SHIELD
OUT 12910 5304 463 -625 63 3 0
OUT 7797 3010 -423 -383 161 0 0
OUT 10755 7551 235 -266 254 1 0
OUT 12560 6314 265 339 274 3 1
Round 94 of 207
tags: ENGINE_COOLDOWN
IN 12910 5304 463 -625 63 3 0
IN 7797 3010 -423 -383 161 0 0
IN 10755 7551 235 -266 254 1 0
IN 12560 6314 265 339 274 3 1
MOV 13223 7279 104
MOV 6200 4214 200
MOV -44739 -75636 0
MOV -7167 -91718 0
OUT 13373 4679 393 -531 81 2 0
OUT 7214 2747 -495 -223 143 0 0
OUT 10990 7285 199 -226 236 0 0
OUT 12825 6653 225 288 259 2 1
Round 95 of 207
tags: ENGINE_COOLDOWN
IN 13373 4679 393 -531 81 2 0
IN 7214 2747 -495 -223 143 0 0
IN 10990 7285 199 -226 236 0 0
IN 12825 6653 225 288 259 2 1
MOV 13060 6654 200
MOV 5710 4065 200
MOV -67490 -54680 200
MOV 1044 -92646 0
OUT 13766 4148 334 -451 99 1 0
OUT 6569 2656 -548 -77 139 0 0
OUT 11032 6935 35 -297 218 0 0
OUT 13050 6941 191 244 263 1 1
Round 96 of 207
tags: ENGINE_COOLDOWN
IN 13766 4148 334 -451 99 1 0
IN 6569 2656 -548 -77 139 0 0
IN 11032 6935 35 -297 218 0 0
IN 13050 6941 191 244 263 1 1
MOV 12970 5983 200
MOV 5514 4355 200
MOV -76974 -40542 200
MOV 5769 -92792 0
OUT 14100 3697 283 -383 113 0 0
OUT 5915 2749 -555 78 122 0 0
OUT 10891 6543 -119 -333 208 0 0
OUT 13241 7185 162 207 266 0 1
Round 97 of 207
tags: MOVE_ONLY
IN 14100 3697 283 -383 113 0 0
IN 5915 2749 -555 78 122 0 0
IN 10891 6543 -119 -333 208 0 0
IN 13241 7185 162 207 266 0 1
MOV 13066 5409 200
MOV 5339 4664 200
MOV -87476 -11414 200
MOV 4488 -92423 200
OUT 14280 3485 152 -180 121 0 0
OUT 5302 3019 -520 229 107 0 0
OUT 10575 6174 -268 -313 190 0 0
OUT 13385 7193 122 6 265 0 1
Round 98 of 207
tags: MOVE_ONLY
IN 14280 3485 152 -180 121 0 0
IN 5302 3019 -520 229 107 0 0
IN 10575 6174 -268 -313 190 0 0
IN 13385 7193 122 6 265 0 1
MOV 13830 5434 159
MOV 5309 5019 183
MOV -88526 19492 200
MOV 32841 -90895 200
OUT 14396 3460 98 -21 103 0 0
OUT 4783 3431 -441 350 90 0 0
OUT 10109 5888 -396 -243 172 0 0
OUT 13546 7003 136 -161 281 0 1
Round 99 of 207
tags: MOVE_ONLY
IN 14396 3460 98 -21 103 0 0
IN 4783 3431 -441 350 90 0 0
IN 10109 5888 -396 -243 172 0 0
IN 13546 7003 136 -161 281 0 1
MOV 13366 5174 200
MOV 5401 5333 200
MOV -89440 -3553 200
MOV 1739 -92293 200
OUT 14391 3610 -4 127 121 0 0
OUT 4404 3971 -322 459 72 0 0
OUT 9514 5626 -505 -222 185 0 0
OUT 13658 6643 95 -305 263 0 1
Round 100 of 207
tags: MOVE_ONLY
IN 14391 3610 -4 127 121 0 0
IN 4404 3971 -322 459 72 0 0
IN 9514 5626 -505 -222 185 0 0
IN 13658 6643 95 -305 263 0 1
MOV 12882 4922 200
MOV 5580 5589 200
MOV -88083 27409 0
MOV -28253 -84142 200
OUT 14236 3868 -131 219 139 0 0
OUT 4200 4592 -173 527 54 0 0
OUT 9009 5404 -429 -188 167 0 0
OUT 13669 6156 9 -413 245 0 1
Round 101 of 207
tags: MOVE_ONLY
IN 14236 3868 -131 219 139 0 0
IN 4200 4592 -173 527 54 0 0
IN 9009 5404 -429 -188 167 0 0
IN 13669 6156 9 -413 245 0 1
MOV 12499 4859 200
MOV 5818 5768 200
MOV -77076 56278 200
MOV -54245 -67234 200
OUT 13931 4186 -259 270 150 0 0
OUT 4189 5237 -9 547 36 0 0
OUT 8408 5318 -511 -73 149 0 0
OUT 13542 5596 -107 -475 227 0 1
Round 102 of 207
tags: ONLY_HIGH_IMPACT SHIELD SINGLE_COLLISION
IN 13931 4186 -259 270 150 0 0
IN 4189 5237 -9 547 36 0 0
IN 8408 5318 -511 -73 149 0 0
IN 13542 5596 -107 -475 227 0 1
MOV 11975 4602 SHIELD
MOV 6091 5855 200
MOV -57741 80302 200
MOV -60632 -61470 200
OUT 13685 4432 -162 125 168 3 0
OUT 4370 5846 154 517 18 0 0
OUT 7765 5395 -546 65 131 0 0
OUT 13156 5224 -792 526 222 0 1
Round 103 of 207
tags: ENGINE_COOLDOWN
IN 13685 4432 -162 125 168 3 0
IN 4370 5846 154 517 18 0 0
IN 7765 5395 -546 65 131 0 0
IN 13156 5224 -792 526 222 0 1
MOV 11696 4223 106
MOV 6370 5846 200
MOV -31975 97151 0
MOV -36661 -81477 200
OUT 13523 4557 -137 106 186 2 0
OUT 4724 6363 300 439 0 0 0
OUT 7219 5460 -464 55 113 0 0
OUT 12264 5577 -757 299 240 0 1
Round 104 of 207
tags: ENGINE_COOLDOWN
IN 13523 4557 -137 106 186 2 0
IN 4724 6363 300 439 0 0 0
IN 7219 5460 -464 55 113 0 0
IN 12264 5577 -757 299 240 0 1
MOV 11688 3761 200
MOV 6627 5746 200
MOV -2222 105009 200
MOV -8322 -92273 200
OUT 13386 4663 -116 90 203 1 0
OUT 5214 6740 416 320 342 0 0
OUT 6736 5714 -410 215 95 0 0
OUT 11466 5680 -678 87 258 0 1
Round 105 of 207
tags: ENGINE_COOLDOWN
IN 13386 4663 -116 90 203 1 0
IN 5214 6740 416 320 342 0 0
IN 6736 5714 -410 215 95 0 0
IN 11466 5680 -678 87 258 0 1
MOV 11877 3351 200
MOV 7210 6613 200
MOV 18956 104964 200
MOV 22124 -93743 200
OUT 13270 4753 -98 76 221 0 0
OUT 5830 7047 523 261 356 0 0
OUT 6350 6128 -327 351 83 0 0
OUT 10809 5568 -558 -95 276 0 1
Round 106 of 207
tags: ONLY_HIGH_IMPACT SINGLE_COLLISION
IN 13270 4753 -98 76 221 0 0
IN 5830 7047 523 261 356 0 0
IN 6350 6128 -327 351 83 0 0
IN 10809 5568 -558 -95 276 0 1
MOV 12240 3039 200
MOV 7771 7531 200
MOV 25879 104202 200
MOV 31081 -92348 200
OUT 13069 4658 -170 -81 239 0 0
OUT 6544 7485 605 482 14 0 0
OUT 6065 6546 -240 245 79 0 0
OUT 10292 5277 -439 -247 282 0 1
Round 107 of 207
tags: MOVE_ONLY
IN 13069 4658 -170 -81 239 0 0
IN 6544 7485 605 482 14 0 0
IN 6065 6546 -240 245 79 0 0
IN 10292 5277 -439 -247 282 0 1
MOV 12619 2709 200
MOV 8539 7345 200
MOV 54943 93781 200
MOV 59832 -81585 200
OUT 12854 4382 -182 -234 257 0 0
OUT 7349 7953 683 397 356 0 0
OUT 5923 6965 -120 356 61 0 0
OUT 9952 4856 -288 -357 300 0 1
Round 108 of 207
tags: MOVE_ONLY
IN 12854 4382 -182 -234 257 0 0
IN 7349 7953 683 397 356 0 0
IN 5923 6965 -120 356 61 0 0
IN 9952 4856 -288 -357 300 0 1
MOV 11824 2668 176
MOV 9203 7204 200
MOV 79364 74824 200
MOV 54996 -84423 200
OUT 12581 3997 -231 -327 239 0 0
OUT 8217 8275 738 273 338 0 0
OUT 5950 7457 22 417 43 0 0
OUT 9754 4320 -168 -455 297 0 1
Round 109 of 207
tags: MOVE_ONLY
IN 12581 3997 -231 -327 239 0 0
IN 8217 8275 738 273 338 0 0
IN 5950 7457 22 417 43 0 0
IN 9754 4320 -168 -455 297 0 1
MOV 11072 2685 66
MOV 9749 6989 200
MOV 96766 49300 154
MOV 80180 -66667 200
OUT 12300 3627 -238 -314 221 0 0
OUT 9108 8419 757 122 320 0 0
OUT 6112 7938 137 409 25 0 0
OUT 9727 3723 -23 -507 315 0 1
Round 110 of 207
tags: MOVE_ONLY
IN 12300 3627 -238 -314 221 0 0
IN 9108 8419 757 122 320 0 0
IN 6112 7938 137 409 25 0 0
IN 9727 3723 -23 -507 315 0 1
MOV 10459 2846 112
MOV 10168 6723 200
MOV 105416 19670 200
MOV 98640 -42026 200
OUT 11959 3269 -289 -304 203 0 0
OUT 9971 8371 733 -40 302 0 0
OUT 6448 8370 285 367 7 0 0
OUT 9882 3124 131 -508 333 0 1
Round 111 of 207
tags: MOVE_ONLY
IN 11959 3269 -289 -304 203 0 0
IN 9971 8371 733 -40 302 0 0
IN 6448 8370 285 367 7 0 0
IN 9882 3124 131 -508 333 0 1
MOV 10434 1975 198
MOV 10455 6430 200
MOV 104522 -11159 200
MOV 108580 -12910 0
OUT 11519 2837 -373 -367 220 0 0
OUT 10752 8137 664 -198 284 0 0
OUT 6929 8698 408 278 349 0 0
OUT 10013 2616 111 -431 351 0 1
Round 112 of 207
tags: MOVE_ONLY
IN 11519 2837 -373 -367 220 0 0
IN 10752 8137 664 -198 284 0 0
IN 6929 8698 408 278 349 0 0
IN 10013 2616 111 -431 351 0 1
MOV 9665 2088 122
MOV 10612 6142 200
MOV 94164 -40180 200
MOV 108837 17866 0
OUT 11033 2424 -412 -351 202 0 0
OUT 11402 7739 552 -337 266 0 0
OUT 7511 8878 495 153 331 0 0
OUT 10124 2185 94 -366 9 0 1
Round 113 of 207
tags: ONLY_HIGH_IMPACT SINGLE_COLLISION
IN 11033 2424 -412 -351 202 0 0
IN 11402 7739 552 -337 266 0 0
IN 7511 8878 495 153 331 0 0
IN 10124 2185 94 -366 9 0 1
MOV 9038 2284 15
MOV 11886 5798 200
MOV 75370 -64563 200
MOV 99403 47229 200
OUT 11137 2227 202 -134 184 0 0
OUT 12002 7208 510 -451 284 0 0
OUT 8142 8884 536 5 313 0 0
OUT 9865 1754 -333 -399 27 0 1
Round 114 of 207
tags: MOVE_ONLY
IN 11137 2227 202 -134 184 0 0
IN 12002 7208 510 -451 284 0 0
IN 8142 8884 536 5 313 0 0
IN 9865 1754 -333 -399 27 0 1
MOV 9230 1626 200
MOV 12250 5223 200
MOV 76112 -64454 200
MOV 80852 72180 200
OUT 11148 2033 9 -164 197 0 0
OUT 12537 6559 454 -552 277 0 0
OUT 8814 8742 571 -120 313 0 0
OUT 9674 1496 -162 -219 45 0 1
Round 115 of 207
tags: MOVE_ONLY
IN 11148 2033 9 -164 197 0 0
IN 12537 6559 454 -552 277 0 0
IN 8814 8742 571 -120 313 0 0
IN 9674 1496 -162 -219 45 0 1
MOV 9148 2050 200
MOV 12155 4596 200
MOV 50794 -82011 200
MOV 55423 90409 200
OUT 10957 1871 -162 -137 180 0 0
OUT 12953 5811 353 -636 259 0 0
OUT 9469 8440 556 -256 295 0 0
OUT 9604 1455 -59 -34 63 0 1
Round 116 of 207
tags: MOVE_ONLY
IN 10957 1871 -162 -137 180 0 0
IN 12953 5811 353 -636 259 0 0
IN 9469 8440 556 -256 295 0 0
IN 9604 1455 -59 -34 63 0 1
MOV 9055 2489 200
MOV 11983 4062 112
MOV 30475 -89321 200
MOV 25638 100153 200
OUT 10605 1796 -299 -63 162 0 0
OUT 13252 5077 254 -623 241 0 0
OUT 10067 7988 508 -383 282 0 0
OUT 9577 1618 -22 138 81 0 1
Round 117 of 207
tags: HAS_LOW_IMPACT SINGLE_COLLISION
IN 10605 1796 -299 -63 162 0 0
IN 13252 5077 254 -623 241 0 0
IN 10067 7988 508 -383 282 0 0
IN 9577 1618 -22 138 81 0 1
MOV 8613 1974 4
MOV 11789 3713 73
MOV -164 -91482 200
MOV 19029 101166 200
OUT 10347 1725 -63 -88 175 0 0
OUT 13453 4404 170 -571 223 0 0
OUT 10555 7406 414 -494 264 0 0
OUT 9529 1963 -196 321 85 0 1
Round 118 of 207
tags: MOVE_ONLY
IN 10347 1725 -63 -88 175 0 0
IN 13453 4404 170 -571 223 0 0
IN 10555 7406 414 -494 264 0 0
IN 9529 1963 -196 321 85 0 1
MOV 8398 1275 0
MOV 11640 3559 193
MOV 753 -92112 200
MOV 16808 101696 64
OUT 10284 1637 -53 -74 193 0 0
OUT 13448 3751 -4 -554 205 0 0
OUT 10949 6713 335 -589 264 0 0
OUT 9338 2348 -162 327 86 0 1
Round 119 of 207
tags: SHIELD
IN 10284 1637 -53 -74 193 0 0
IN 13448 3751 -4 -554 205 0 0
IN 10949 6713 335 -589 264 0 0
IN 9338 2348 -162 327 86 0 1
MOV 8570 607 SHIELD
MOV 11463 3507 200
MOV -29124 -84901 189
MOV 30868 99998 200
OUT 10231 1563 -45 -62 211 3 0
OUT 13246 3172 -172 -491 187 0 0
OUT 11208 5951 220 -647 246 0 0
OUT 9219 2870 -101 443 78 0 1
Round 120 of 207
tags: ENGINE_COOLDOWN SHIELD
IN 10231 1563 -45 -62 211 3 0
IN 13246 3172 -172 -491 187 0 0
IN 11208 5951 220 -647 246 0 0
IN 9219 2870 -101 443 78 0 1
MOV 8919 54 SHIELD
MOV 11283 3554 200
MOV -39766 -80075 200
MOV 45089 96213 0
OUT 10186 1501 -38 -52 229 3 0
OUT 12878 2719 -313 -385 169 0 0
OUT 11326 5132 100 -696 239 0 0
OUT 9118 3313 -85 376 69 0 1
Round 121 of 207
tags: ENGINE_COOLDOWN SHIELD
IN 10186 1501 -38 -52 229 3 0
IN 12878 2719 -313 -385 169 0 0
IN 11326 5132 100 -696 239 0 0
IN 9118 3313 -85 376 69 0 1
MOV 9405 -340 SHIELD
MOV 11129 3689 200
MOV -10571 -92440 200
MOV 51911 93693 0
OUT 10148 1449 -32 -44 247 3 0
OUT 12390 2431 -414 -245 151 0 0
OUT 11382 4241 47 -757 257 0 0
OUT 9033 3689 -72 319 65 0 1
Round 122 of 207
tags: ENGINE_COOLDOWN SHIELD
IN 10148 1449 -32 -44 247 3 0
IN 12390 2431 -414 -245 151 0 0
IN 11382 4241 47 -757 257 0 0
IN 9033 3689 -72 319 65 0 1
MOV 9974 -543 SHIELD
MOV 10427 2813 200
MOV -22921 -89684 200
MOV 51908 94029 0
OUT 10116 1405 -27 -37 265 3 0
OUT 11780 2224 -518 -175 169 0 0
OUT 11360 3296 -18 -803 250 0 0
OUT 8961 4008 -61 271 65 0 1
Round 123 of 207
tags: ENGINE_COOLDOWN ONLY_HIGH_IMPACT SHIELD SINGLE_COLLISION
IN 10116 1405 -27 -37 265 3 0
IN 11780 2224 -518 -175 169 0 0
IN 11360 3296 -18 -803 250 0 0
IN 8961 4008 -61 271 65 0 1
MOV 10566 -544 SHIELD
MOV 10031 3194 SHIELD
MOV -50291 -75435 SHIELD
MOV 47628 96224 0
OUT 10089 1368 -22 -31 283 3 0
OUT 11352 1673 -296 -749 151 3 0
OUT 11252 2869 -158 -81 232 3 0
OUT 8900 4279 -51 230 67 0 1
Round 124 of 207
tags: ENGINE_COOLDOWN
IN 10089 1368 -22 -31 283 3 0
IN 11352 1673 -296 -749 151 3 0
IN 11252 2869 -158 -81 232 3 0
IN 8900 4279 -51 230 67 0 1
MOV 11119 -346 56
MOV 9988 3136 200
MOV -50058 -76127 0
MOV 58003 91390 200
OUT 10067 1337 -18 -26 301 2 0
OUT 11056 924 -251 -636 133 2 0
OUT 11094 2788 -134 -68 232 2 0
OUT 8947 4683 40 343 61 0 1
Round 125 of 207
tags: ENGINE_COOLDOWN
IN 10067 1337 -18 -26 301 2 0
IN 11056 924 -251 -636 133 2 0
IN 11094 2788 -134 -68 232 2 0
IN 8947 4683 40 343 61 0 1
MOV 11576 25 0
MOV 10211 2737 200
MOV -55910 -71440 0
MOV 28727 102703 97
OUT 10049 1311 -15 -22 319 1 0
OUT 10805 288 -213 -540 115 1 0
OUT 10960 2720 -113 -57 228 1 0
OUT 9006 5121 50 372 79 0 1
Round 126 of 207
tags: ENGINE_COOLDOWN SHIELD
IN 10049 1311 -15 -22 319 1 0
IN 10805 288 -213 -540 115 1 0
IN 10960 2720 -113 -57 228 1 0
IN 9006 5121 50 372 79 0 1
MOV 11890 530 SHIELD
MOV 10561 2273 200
MOV -29827 -88580 0
MOV -2471 104453 0
OUT 10034 1289 -12 -18 337 3 0
OUT 10592 -252 -181 -459 97 0 0
OUT 10847 2663 -96 -48 246 0 0
OUT 9056 5493 42 316 97 0 1
Round 127 of 207
tags: ENGINE_COOLDOWN
IN 10034 1289 -12 -18 337 3 0
IN 10592 -252 -181 -459 97 0 0
IN 10847 2663 -96 -48 246 0 0
IN 9056 5493 42 316 97 0 1
MOV 12013 997 200
MOV 10974 1711 200
MOV -38954 -84047 200
MOV -16431 102182 24
OUT 10022 1271 -10 -15 352 2 0
OUT 10449 -515 -121 -223 79 0 0
OUT 10651 2442 -166 -188 240 0 0
OUT 9092 5832 30 288 105 0 1
Round 128 of 207
tags: ENGINE_COOLDOWN
IN 10022 1271 -10 -15 352 2 0
IN 10449 -515 -121 -223 79 0 0
IN 10651 2442 -166 -188 240 0 0
IN 9092 5832 30 288 105 0 1
MOV 12020 1351 200
MOV 10205 1470 153
MOV -33669 -87193 200
MOV -45027 89914 0
OUT 10012 1256 -8 -12 2 1 0
OUT 10309 -586 -118 -60 97 0 0
OUT 10396 2075 -216 -312 244 0 0
OUT 9122 6120 25 244 123 0 1
Round 129 of 207
tags: ENGINE_COOLDOWN ONLY_HIGH_IMPACT SINGLE_COLLISION
IN 10012 1256 -8 -12 2 1 0
IN 10309 -586 -118 -60 97 0 0
IN 10396 2075 -216 -312 244 0 0
IN 9122 6120 25 244 123 0 1
MOV 11891 1940 113
MOV 10691 1377 200
MOV -4056 -96872 0
MOV -68334 69365 0
OUT 9901 1012 -130 -288 20 0 0
OUT 10229 -450 -67 115 79 0 0
OUT 10283 1995 -60 13 262 0 0
OUT 9147 6364 21 207 141 0 1
Round 130 of 207
tags: MOVE_ONLY
IN 9901 1012 -130 -288 20 0 0
IN 10229 -450 -67 115 79 0 0
IN 10283 1995 -60 13 262 0 0
IN 9147 6364 21 207 141 0 1
MOV 11477 2243 182
MOV 10621 1511 200
MOV -10524 -95808 141
MOV -84062 42578 39
OUT 9914 836 11 -149 38 0 0
OUT 10201 -139 -23 264 79 0 0
OUT 10194 1870 -75 -106 258 0 0
OUT 9132 6585 -13 187 159 0 1
Round 131 of 207
tags: MULTI_COLLISION ONLY_HIGH_IMPACT
IN 9914 836 11 -149 38 0 0
IN 10201 -139 -23 264 79 0 0
IN 10194 1870 -75 -106 258 0 0
IN 9132 6585 -13 187 159 0 1
MOV 11032 2494 181
MOV 10437 1847 200
MOV 20627 -97578 200
MOV -90702 12223 73
OUT 9879 806 -180 -224 56 0 0
OUT 10278 77 119 8 83 0 0
OUT 10211 1842 111 350 276 0 0
OUT 9046 6776 -73 162 177 0 1
Round 132 of 207
tags: MOVE_ONLY
IN 9879 806 -180 -224 56 0 0
IN 10278 77 119 8 83 0 0
IN 10211 1842 111 350 276 0 0
IN 9046 6776 -73 162 177 0 1
MOV 10430 2729 200
MOV 10335 2076 200
MOV 36361 -94672 200
MOV -87643 -18711 200
OUT 9754 774 -106 -26 74 0 0
OUT 10403 285 105 176 88 0 0
OUT 10374 1999 138 133 285 0 0
OUT 8780 6887 -226 94 195 0 1
Round 133 of 207
tags: MOVE_ONLY
IN 9754 774 -106 -26 74 0 0
IN 10403 285 105 176 88 0 0
IN 10374 1999 138 133 285 0 0
IN 8780 6887 -226 94 195 0 1
MOV 9684 2773 87
MOV 9852 2208 200
MOV 19466 -97580 36
MOV -75302 -47232 200
OUT 9645 835 -92 51 92 0 0
OUT 10453 653 42 313 106 0 0
OUT 10515 2096 120 82 275 0 0
OUT 8386 6873 -335 -12 213 0 1
Round 134 of 207
tags: MOVE_ONLY
IN 9645 835 -92 51 92 0 0
IN 10453 653 42 313 106 0 0
IN 10515 2096 120 82 275 0 0
IN 8386 6873 -335 -12 213 0 1
MOV 8961 2714 0
MOV 10523 2652 0
MOV -11609 -95423 200
MOV -54859 -70583 200
OUT 9553 886 -78 43 110 0 0
OUT 10495 966 35 266 88 0 0
OUT 10591 1983 64 -96 257 0 0
OUT 7925 6706 -392 -141 231 0 1
Round 135 of 207
tags: ONLY_HIGH_IMPACT SHIELD SINGLE_COLLISION
IN 9553 886 -78 43 110 0 0
IN 10495 966 35 266 88 0 0
IN 10591 1983 64 -96 257 0 0
IN 7925 6706 -392 -141 231 0 1
MOV 8354 2486 200
MOV 10338 2960 200
MOV 9567 -98004 SHIELD
MOV -36641 -82808 200
OUT 9355 1089 -168 172 127 0 0
OUT 10429 839 -104 -444 95 0 0
OUT 10664 1946 66 2 269 3 0
OUT 7444 6386 -408 -272 244 0 1
Round 136 of 207
tags: ENGINE_COOLDOWN
IN 9355 1089 -168 172 127 0 0
IN 10429 839 -104 -444 95 0 0
IN 10664 1946 66 2 269 3 0
IN 7444 6386 -408 -272 244 0 1
MOV 7870 2428 15
MOV 10879 2788 200
MOV -21207 -92833 0
MOV -37185 -83098 200
OUT 9176 1271 -152 154 138 0 0
OUT 10370 590 -50 -211 77 0 0
OUT 10730 1948 56 1 251 2 0
OUT 6947 5935 -422 -383 243 0 1
Round 137 of 207
tags: ENGINE_COOLDOWN
IN 9176 1271 -152 154 138 0 0
IN 10370 590 -50 -211 77 0 0
IN 10730 1948 56 1 251 2 0
IN 6947 5935 -422 -383 243 0 1
MOV 7958 2857 119
MOV 10196 2582 200
MOV -10007 -95870 0
MOV -7845 -92963 0
OUT 8952 1519 -190 211 128 0 0
OUT 10303 578 -57 -9 95 0 0
OUT 10786 1949 47 0 258 1 0
OUT 6525 5552 -358 -325 261 0 1
Round 138 of 207
tags: ENGINE_COOLDOWN
IN 8952 1519 -190 211 128 0 0
IN 10303 578 -57 -9 95 0 0
IN 10786 1949 47 0 258 1 0
IN 6525 5552 -358 -325 261 0 1
MOV 7294 2637 200
MOV 9977 2551 200
MOV -21324 -92748 0
MOV 23016 -93073 0
OUT 8597 1843 -301 275 146 0 0
OUT 10213 766 -76 160 99 0 0
OUT 10833 1949 39 0 251 0 0
OUT 6167 5227 -304 -276 279 0 1
Round 139 of 207
tags: MOVE_ONLY
IN 8597 1843 -301 275 146 0 0
IN 10213 766 -76 160 99 0 0
IN 10833 1949 39 0 251 0 0
IN 6167 5227 -304 -276 279 0 1
MOV 6674 2394 200
MOV 10021 2757 200
MOV -48971 -78193 200
MOV -5598 -94073 200
OUT 8104 2175 -418 281 164 0 0
OUT 10118 1125 -80 305 96 0 0
OUT 10752 1789 -68 -136 233 0 0
OUT 5839 4752 -278 -403 263 0 1
Round 140 of 207
tags: ONLY_HIGH_IMPACT SHIELD SINGLE_COLLISION
IN 8104 2175 -418 281 164 0 0
IN 10118 1125 -80 305 96 0 0
IN 10752 1789 -68 -136 233 0 0
IN 5839 4752 -278 -403 263 0 1
MOV 6104 2173 200
MOV 10534 3081 SHIELD
MOV -67057 -61015 200
MOV 25335 -93328 5
OUT 7486 2456 -525 238 180 0 0
OUT 9988 1386 -123 209 78 3 0
OUT 11030 1970 369 271 219 0 0
OUT 5562 4344 -235 -346 281 0 1
Round 141 of 207
tags: ENGINE_COOLDOWN
IN 7486 2456 -525 238 180 0 0
IN 9988 1386 -123 209 78 3 0
IN 11030 1970 369 271 219 0 0
IN 5562 4344 -235 -346 281 0 1
MOV 5522 2077 200
MOV 10983 3121 200
MOV -47120 -79376 200
MOV 54410 -82907 200
OUT 6765 2656 -613 170 191 0 0
OUT 9865 1595 -104 177 60 2 0
OUT 11283 2078 214 92 234 0 0
OUT 5425 3823 -116 -442 299 0 1
Round 142 of 207
tags: ENGINE_COOLDOWN
IN 6765 2656 -613 170 191 0 0
IN 9865 1595 -104 177 60 2 0
IN 11283 2078 214 92 234 0 0
IN 5425 3823 -116 -442 299 0 1
MOV 4937 1844 6
MOV 11251 3037 200
MOV -69161 -57320 0
MOV 78843 -64061 142
OUT 6147 2824 -525 142 204 0 0
OUT 9761 1772 -88 150 46 1 0
OUT 11497 2170 181 78 216 0 0
OUT 5413 3285 -9 -457 317 0 1
Round 143 of 207
tags: ENGINE_COOLDOWN ONLY_HIGH_IMPACT SHIELD SINGLE_COLLISION
IN 6147 2824 -525 142 204 0 0
IN 9761 1772 -88 150 46 1 0
IN 11497 2170 181 78 216 0 0
IN 5413 3285 -9 -457 317 0 1
MOV 4158 2615 SHIELD
MOV 11527 2711 200
MOV -66583 -60295 200
MOV 96148 -38735 SHIELD
OUT 6209 2618 101 -204 186 3 0
OUT 9673 1922 -74 127 28 0 0
OUT 11522 2123 21 -39 219 0 0
OUT 4817 3176 -555 -63 335 3 1
Round 144 of 207
tags: ENGINE_COOLDOWN
IN 6209 2618 101 -204 186 3 0
IN 9673 1922 -74 127 28 0 0
IN 11522 2123 21 -39 219 0 0
IN 4817 3176 -555 -63 335 3 1
MOV 4253 3034 200
MOV 11587 2502 200
MOV -82040 -33157 0
MOV 103591 -12388 0
OUT 6310 2414 85 -173 168 2 0
OUT 9790 2107 99 157 17 0 0
OUT 11543 2084 17 -33 201 0 0
OUT 4262 3113 -471 -53 351 2 1
Round 145 of 207
tags: ENGINE_COOLDOWN SHIELD
IN 6310 2414 85 -173 168 2 0
IN 9790 2107 99 157 17 0 0
IN 11543 2084 17 -33 201 0 0
IN 4262 3113 -471 -53 351 2 1
MOV 4578 3414 SHIELD
MOV 11428 3254 157
MOV -88346 -2557 200
MOV 103977 -4399 0
OUT 6395 2241 72 -147 150 3 0
OUT 10018 2354 193 209 35 0 0
OUT 11360 2042 -155 -35 183 0 0
OUT 3791 3060 -400 -45 356 1 1
Round 146 of 207
tags: ENGINE_COOLDOWN SHIELD
IN 6395 2241 72 -147 150 3 0
IN 10018 2354 193 209 35 0 0
IN 11360 2042 -155 -35 183 0 0
IN 3791 3060 -400 -45 356 1 1
MOV 5057 3727 SHIELD
MOV 11222 3951 0
MOV -85074 28495 200
MOV 103298 12957 0
OUT 6467 2094 61 -124 132 3 0
OUT 10211 2563 164 177 53 0 0
OUT 11012 2060 -295 15 165 0 0
OUT 3391 3015 -340 -38 6 0 1
Round 147 of 207
tags: ENGINE_COOLDOWN ONLY_HIGH_IMPACT SINGLE_COLLISION
IN 6467 2094 61 -124 132 3 0
IN 10211 2563 164 177 53 0 0
IN 11012 2060 -295 15 165 0 0
IN 3391 3015 -340 -38 6 0 1
MOV 5654 3921 200
MOV 10862 4454 40
MOV -86700 23297 200
MOV 101082 -18320 200
OUT 6528 1970 51 -105 114 2 0
OUT 10212 2948 -75 401 71 0 0
OUT 10698 1947 -190 -170 168 0 0
OUT 3246 2934 -122 -68 348 0 1
Round 148 of 207
tags: ENGINE_COOLDOWN
IN 6528 1970 51 -105 114 2 0
IN 10212 2948 -75 401 71 0 0
IN 10698 1947 -190 -170 168 0 0
IN 3246 2934 -122 -68 348 0 1
MOV 6319 3959 145
MOV 10247 4948 200
MOV -75668 52339 200
MOV 100836 -18881 200
OUT 6579 1865 43 -89 96 1 0
OUT 10141 3549 -60 510 89 0 0
OUT 10335 1878 -308 -58 150 0 0
OUT 3319 2822 62 -94 347 0 1
Round 149 of 207
tags: ENGINE_COOLDOWN
IN 6579 1865 43 -89 96 1 0
IN 10141 3549 -60 510 89 0 0
IN 10335 1878 -308 -58 150 0 0
IN 3319 2822 62 -94 347 0 1
MOV 5766 3692 97
MOV 9569 5465 160
MOV -56232 76493 200
MOV 89387 -48080 200
OUT 6622 1776 36 -75 114 0 0
OUT 10035 4212 -89 563 107 0 0
OUT 9894 1969 -374 77 132 0 0
OUT 3553 2626 199 -166 329 0 1
Round 150 of 207
tags: MOVE_ONLY
IN 6622 1776 36 -75 114 0 0
IN 10035 4212 -89 563 107 0 0
IN 9894 1969 -374 77 132 0 0
IN 3553 2626 199 -166 329 0 1
MOV 5284 3262 200
MOV 8888 5850 156
MOV -47292 83998 200
MOV 85171 -55147 200
OUT 6524 1850 -83 62 132 0 0
OUT 9857 4903 -150 587 125 0 0
OUT 9406 2210 -415 204 125 0 0
OUT 3915 2344 307 -239 325 0 1
Round 151 of 207
tags: MOVE_ONLY
IN 6524 1850 -83 62 132 0 0
IN 9857 4903 -150 587 125 0 0
IN 9406 2210 -415 204 125 0 0
IN 3915 2344 307 -239 325 0 1
MOV 4792 2850 0
MOV 8260 6107 0
MOV -19634 97900 200
MOV 63685 -77823 200
OUT 6441 1912 -70 52 150 0 0
OUT 9707 5490 -127 498 143 0 0
OUT 8933 2605 -402 336 107 0 0
OUT 4342 1945 362 -339 307 0 1
Round 152 of 207
tags: MOVE_ONLY
IN 6441 1912 -70 52 150 0 0
IN 9707 5490 -127 498 143 0 0
IN 8933 2605 -402 336 107 0 0
IN 4342 1945 362 -339 307 0 1
MOV 4485 2328 200
MOV 7816 6141 0
MOV 10883 102581 200
MOV 85960 -55828 0
OUT 6175 2006 -225 79 168 0 0
OUT 9580 5988 -107 423 161 0 0
OUT 8535 3141 -338 455 89 0 0
OUT 4704 1606 307 -288 325 0 1
Round 153 of 207
tags: MOVE_ONLY
IN 6175 2006 -225 79 168 0 0
IN 9580 5988 -107 423 161 0 0
IN 8535 3141 -338 455 89 0 0
IN 4704 1606 307 -288 325 0 1
MOV 4186 1797 0
MOV 7580 6023 123
MOV 41284 97618 200
MOV 100177 -28117 0
OUT 5950 2085 -191 67 186 0 0
OUT 9350 6414 -195 362 179 0 0
OUT 8263 3785 -231 547 71 0 0
OUT 5011 1318 260 -244 343 0 1
Round 154 of 207
tags: MOVE_ONLY
IN 5950 2085 -191 67 186 0 0
IN 9350 6414 -195 362 179 0 0
IN 8263 3785 -231 547 71 0 0
IN 5011 1318 260 -244 343 0 1
MOV 4123 1272 0
MOV 7437 5829 0
MOV 56567 91335 200
MOV 104995 2552 0
OUT 5759 2152 -162 56 204 0 0
OUT 9155 6776 -165 307 197 0 0
OUT 8129 4507 -114 613 61 0 0
OUT 5271 1074 221 -207 1 0 1
Round 155 of 207
tags: SHIELD
IN 5759 2152 -162 56 204 0 0
IN 9155 6776 -165 307 197 0 0
IN 8129 4507 -114 613 61 0 0
IN 5271 1074 221 -207 1 0 1
MOV 3770 1943 SHIELD
MOV 7517 5629 0
MOV 73007 80597 200
MOV 99981 33145 0
OUT 5597 2208 -137 47 186 3 0
OUT 8990 7083 -140 260 215 0 0
OUT 8145 5272 13 650 50 0 0
OUT 5492 867 187 -175 19 0 1
Round 156 of 207
tags: ENGINE_COOLDOWN SHIELD
IN 5597 2208 -137 47 186 3 0
IN 8990 7083 -140 260 215 0 0
IN 8145 5272 13 650 50 0 0
IN 5492 867 187 -175 19 0 1
MOV 3683 1629 SHIELD
MOV 7786 5486 143
MOV 69019 84600 200
MOV 85659 60637 0
OUT 5460 2255 -116 39 197 3 0
OUT 8763 7229 -192 124 233 0 0
OUT 8280 6081 114 687 52 0 0
OUT 5679 692 158 -148 37 0 1
Round 157 of 207
tags: ENGINE_COOLDOWN ONLY_HIGH_IMPACT SHIELD SINGLE_COLLISION
IN 5460 2255 -116 39 197 3 0
IN 8763 7229 -192 124 233 0 0
IN 8280 6081 114 687 52 0 0
IN 5679 692 158 -148 37 0 1
MOV 3822 1108 SHIELD
MOV 8112 5338 200
MOV 90688 62714 SHIELD
MOV 63452 82310 200
OUT 5344 2294 -98 33 215 3 0
OUT 8757 7827 239 1150 251 0 0
OUT 8369 6702 50 463 34 3 0
OUT 5953 707 232 12 55 0 1
Round 158 of 207
tags: ENGINE_COOLDOWN
IN 5344 2294 -98 33 215 3 0
IN 8757 7827 239 1150 251 0 0
IN 8369 6702 50 463 34 3 0
IN 5953 707 232 12 55 0 1
MOV 4140 697 95
MOV 8563 5836 200
MOV 69243 86030 0
MOV 35676 96180 200
OUT 5246 2327 -83 28 233 2 0
OUT 8977 8778 186 808 264 0 0
OUT 8419 7165 42 393 52 2 0
OUT 6244 910 247 172 73 0 1
Round 159 of 207
tags: ENGINE_COOLDOWN
IN 5246 2327 -83 28 233 2 0
IN 8977 8778 186 808 264 0 0
IN 8419 7165 42 393 52 2 0
IN 6244 910 247 172 73 0 1
MOV 4595 436 0
MOV 9393 6822 200
MOV 69218 86550 0
MOV 5009 100894 200
OUT 5163 2355 -70 23 251 1 0
OUT 9205 9390 193 520 282 0 0
OUT 8461 7558 35 334 53 1 0
OUT 6489 1282 207 316 91 0 1
Round 160 of 207
tags: ENGINE_COOLDOWN SHIELD
IN 5163 2355 -70 23 251 1 0
IN 9205 9390 193 520 282 0 0
IN 8461 7558 35 334 53 1 0
IN 6489 1282 207 316 91 0 1
MOV 5128 355 SHIELD
MOV 8996 7401 200
MOV 73452 83553 0
MOV -25582 95992 200
OUT 5093 2378 -59 19 269 3 0
OUT 9377 9711 146 272 264 0 0
OUT 8496 7892 29 283 49 0 0
OUT 6632 1787 121 429 109 0 1
Round 161 of 207
tags: ENGINE_COOLDOWN
IN 5093 2378 -59 19 269 3 0
IN 9377 9711 146 272 264 0 0
IN 8496 7892 29 283 49 0 0
IN 6632 1787 121 429 109 0 1
MOV 5678 465 85
MOV 8923 7763 200
MOV 93788 60082 200
MOV -48871 84968 200
OUT 5034 2397 -50 16 287 2 0
OUT 9478 9788 85 65 257 0 0
OUT 8696 8279 169 329 31 0 0
OUT 6642 2382 8 506 124 0 1
Round 162 of 207
tags: ENGINE_COOLDOWN SHIELD
IN 5034 2397 -50 16 287 2 0
IN 9478 9788 85 65 257 0 0
IN 8696 8279 169 329 31 0 0
IN 6642 2382 8 506 124 0 1
MOV 6181 759 SHIELD
MOV 9652 7796 200
MOV 100186 48641 200
MOV -71845 64338 169
OUT 4984 2413 -42 13 305 3 0
OUT 9580 9654 86 -114 275 0 0
OUT 9048 8689 299 348 24 0 0
OUT 6517 2993 -105 519 142 0 1
Round 163 of 207
tags: ENGINE_COOLDOWN ONLY_HIGH_IMPACT SHIELD SINGLE_COLLISION
IN 4984 2413 -42 13 305 3 0
IN 9580 9654 86 -114 275 0 0
IN 9048 8689 299 348 24 0 0
IN 6517 2993 -105 519 142 0 1
MOV 6581 1209 200
MOV 9130 7705 SHIELD
MOV 108531 18803 SHIELD
MOV -87273 37662 200
OUT 4942 2426 -35 11 323 2 0
OUT 9770 9717 291 274 257 3 0
OUT 9243 8860 36 -75 6 3 0
OUT 6224 3581 -248 500 160 0 1
Round 164 of 207
tags: ENGINE_COOLDOWN
IN 4942 2426 -35 11 323 2 0
IN 9770 9717 291 274 257 3 0
IN 9243 8860 36 -75 6 3 0
IN 6224 3581 -248 500 160 0 1
MOV 6833 1775 200
MOV 9475 7739 200
MOV 106980 -12261 0
MOV -93689 7570 0
OUT 4907 2437 -29 9 341 1 0
OUT 10061 9991 247 232 262 2 0
OUT 9279 8785 30 -63 348 2 0
OUT 5976 4081 -210 425 178 0 1
Round 165 of 207
tags: ENGINE_COOLDOWN
IN 4907 2437 -29 9 341 1 0
IN 10061 9991 247 232 262 2 0
IN 9279 8785 30 -63 348 2 0
IN 5976 4081 -210 425 178 0 1
MOV 6907 2402 170
MOV 9184 8193 200
MOV 108762 18899 0
MOV -90282 -23000 0
OUT 4878 2446 -24 7 359 0 0
OUT 10308 10223 209 197 244 1 0
OUT 9309 8722 25 -53 6 1 0
OUT 5766 4506 -178 361 196 0 1
Round 166 of 207
tags: ENGINE_COOLDOWN
IN 4878 2446 -24 7 359 0 0
IN 10308 10223 209 197 244 1 0
IN 9309 8722 25 -53 6 1 0
IN 5766 4506 -178 361 196 0 1
MOV 6791 3031 191
MOV 8919 8784 200
MOV 100799 49084 0
MOV -77415 -50997 16
OUT 5037 2508 134 52 17 0 0
OUT 10517 10420 177 167 226 0 0
OUT 9334 8669 21 -45 24 0 0
OUT 5575 4858 -162 299 214 0 1
Round 167 of 207
tags: MOVE_ONLY
IN 5037 2508 134 52 17 0 0
IN 10517 10420 177 167 226 0 0
IN 9334 8669 21 -45 24 0 0
IN 5575 4858 -162 299 214 0 1
MOV 6675 3655 200
MOV 8751 9481 200
MOV 83870 75325 0
MOV -56381 -73629 200
OUT 5335 2674 253 141 35 0 0
OUT 10517 10493 0 62 208 0 0
OUT 9355 8624 17 -38 42 0 0
OUT 5289 5000 -243 120 232 0 1
Round 168 of 207
tags: MOVE_ONLY
IN 5335 2674 253 141 35 0 0
IN 10517 10493 0 62 208 0 0
IN 9355 8624 17 -38 42 0 0
IN 5289 5000 -243 120 232 0 1
MOV 6539 4271 200
MOV 8791 9482 200
MOV 59644 95049 200
MOV -29380 -88790 0
OUT 5709 2974 317 255 53 0 0
OUT 10344 10454 -146 -33 210 0 0
OUT 9473 8759 99 114 60 0 0
OUT 5046 5120 -206 102 250 0 1
Round 169 of 207
tags: MOVE_ONLY
IN 5709 2974 317 255 53 0 0
IN 10344 10454 -146 -33 210 0 0
IN 9473 8759 99 114 60 0 0
IN 5046 5120 -206 102 250 0 1
MOV 6360 4865 200
MOV 8388 10038 200
MOV 30594 106496 200
MOV 1056 -94793 80
OUT 6092 3418 325 377 71 0 0
OUT 10003 10378 -290 -64 192 0 0
OUT 9614 9068 120 263 78 0 0
OUT 4837 5142 -177 18 268 0 1
Round 170 of 207
tags: ONLY_HIGH_IMPACT SINGLE_COLLISION
IN 6092 3418 325 377 71 0 0
IN 10003 10378 -290 -64 192 0 0
IN 9614 9068 120 263 78 0 0
IN 4837 5142 -177 18 268 0 1
MOV 6127 5418 200
MOV 8266 9387 200
MOV -500 108551 200
MOV 22763 -93231 0
OUT 6421 3995 279 490 89 0 0
OUT 9530 10316 -438 344 210 0 0
OUT 9723 9429 129 -90 96 0 0
OUT 4660 5160 -150 15 280 0 1
Round 171 of 207
tags: MOVE_ONLY
IN 6421 3995 279 490 89 0 0
IN 9530 10316 -438 344 210 0 0
IN 9723 9429 129 -90 96 0 0
IN 4660 5160 -150 15 280 0 1
MOV 5836 5908 0
MOV 8192 8830 200
MOV -30639 100919 200
MOV 52109 -82861 0
OUT 6700 4485 237 416 107 0 0
OUT 8957 10512 -486 166 228 0 0
OUT 9771 9522 41 79 114 0 0
OUT 4510 5175 -127 12 298 0 1
Round 172 of 207
tags: MOVE_ONLY
IN 6700 4485 237 416 107 0 0
IN 8957 10512 -486 166 228 0 0
IN 9771 9522 41 79 114 0 0
IN 4510 5175 -127 12 298 0 1
MOV 5553 6123 0
MOV 8144 8685 200
MOV -56885 84058 0
MOV 66272 -73467 0
OUT 6937 4901 201 353 125 0 0
OUT 8389 10496 -483 -13 246 0 0
OUT 9812 9601 34 67 132 0 0
OUT 4383 5187 -107 10 308 0 1
Round 173 of 207
tags: MOVE_ONLY
IN 6937 4901 201 353 125 0 0
IN 8389 10496 -483 -13 246 0 0
IN 9812 9601 34 67 132 0 0
IN 4383 5187 -107 10 308 0 1
MOV 5340 6105 105
MOV 8180 8507 200
MOV -76613 59890 0
MOV 84893 -54120 0
OUT 7054 5317 99 353 143 0 0
OUT 7884 10284 -429 -180 264 0 0
OUT 9846 9668 28 56 150 0 0
OUT 4276 5197 -90 8 324 0 1
Round 174 of 207
tags: MOVE_ONLY
IN 7054 5317 99 353 143 0 0
IN 7884 10284 -429 -180 264 0 0
IN 9846 9668 28 56 150 0 0
IN 4276 5197 -90 8 324 0 1
MOV 5163 5968 200
MOV 8241 8316 200
MOV -87891 30789 86
MOV 95659 -35408 0
OUT 6964 5736 -76 355 161 0 0
OUT 7491 9907 -334 -320 280 0 0
OUT 9790 9742 -47 63 168 0 0
OUT 4186 5205 -76 6 336 0 1
Round 175 of 207
tags: MOVE_ONLY
IN 6964 5736 -76 355 161 0 0
IN 7491 9907 -334 -320 280 0 0
IN 9790 9742 -47 63 168 0 0
IN 4186 5205 -76 6 336 0 1
MOV 4964 5771 200
MOV 7893 7948 200
MOV -89693 -372 200
MOV 103640 -5173 200
OUT 6688 6095 -234 305 179 0 0
OUT 7197 9391 -249 -438 282 0 0
OUT 9544 9785 -209 36 186 0 0
OUT 4309 5190 104 -12 354 0 1
Round 176 of 207
tags: MOVE_ONLY
IN 6688 6095 -234 305 179 0 0
IN 7197 9391 -249 -438 282 0 0
IN 9544 9785 -209 36 186 0 0
IN 4309 5190 104 -12 354 0 1
MOV 4775 5510 175
MOV 7851 7501 200
MOV -83683 -26384 200
MOV 104162 -147 200
OUT 6286 6349 -341 216 197 0 0
OUT 7013 8764 -156 -532 289 0 0
OUT 9149 9749 -336 -30 201 0 0
OUT 4613 5167 258 -19 357 0 1
Round 177 of 207
tags: SHIELD
IN 6286 6349 -341 216 197 0 0
IN 7013 8764 -156 -532 289 0 0
IN 9149 9749 -336 -30 201 0 0
IN 4613 5167 258 -19 357 0 1
MOV 4648 5202 SHIELD
MOV 7202 6773 200
MOV -68337 -53458 200
MOV 101945 -17745 200
OUT 5945 6565 -289 183 215 3 0
OUT 6876 8033 -116 -621 275 0 0
OUT 8658 9593 -417 -132 219 0 0
OUT 5066 5102 384 -55 347 0 1
Round 178 of 207
tags: ENGINE_COOLDOWN
IN 5945 6565 -289 183 215 3 0
IN 6876 8033 -116 -621 275 0 0
IN 8658 9593 -417 -132 219 0 0
IN 5066 5102 384 -55 347 0 1
MOV 4741 4968 0
MOV 7657 6192 200
MOV -45502 -74462 200
MOV 102503 -17365 200
OUT 5656 6748 -245 155 233 2 0
OUT 6838 7228 -32 -684 293 0 0
OUT 8133 9293 -446 -255 237 0 0
OUT 5645 5002 492 -84 347 0 1
Round 179 of 207
tags: ENGINE_COOLDOWN SHIELD
IN 5656 6748 -245 155 233 2 0
IN 6838 7228 -32 -684 293 0 0
IN 8133 9293 -446 -255 237 0 0
IN 5645 5002 492 -84 347 0 1
MOV 4229 5347 SHIELD
MOV 7336 5291 200
MOV -17401 -87384 200
MOV 105557 9007 200
OUT 5411 6903 -208 131 224 3 0
OUT 6856 6350 15 -746 284 0 0
OUT 7636 8845 -422 -381 255 0 0
OUT 6337 4926 588 -64 2 0 1
Round 180 of 207
tags: ENGINE_COOLDOWN ONLY_HIGH_IMPACT SHIELD SINGLE_COLLISION
IN 5411 6903 -208 131 224 3 0
IN 6856 6350 15 -746 284 0 0
IN 7636 8845 -422 -381 255 0 0
IN 6337 4926 588 -64 2 0 1
MOV 4472 5137 200
MOV 7491 4454 200
MOV -6495 -90146 200
MOV 103337 29235 SHIELD
OUT 5203 7034 -176 111 242 2 0
OUT 7019 5871 335 648 289 0 0
OUT 7186 8266 -382 -492 262 0 0
OUT 6917 4816 472 -198 14 3 1
Round 181 of 207
tags: ENGINE_COOLDOWN
IN 5203 7034 -176 111 242 2 0
IN 7019 5871 335 648 289 0 0
IN 7186 8266 -382 -492 262 0 0
IN 6917 4816 472 -198 14 3 1
MOV 4856 5064 166
MOV 7054 3871 200
MOV 24337 -90251 0
MOV 106676 -2039 0
OUT 5027 7145 -149 94 260 1 0
OUT 7357 6319 287 380 271 0 0
OUT 6804 7774 -324 -418 280 0 0
OUT 7389 4618 401 -168 356 2 1
Round 182 of 207
tags: ENGINE_COOLDOWN
IN 5027 7145 -149 94 260 1 0
IN 7357 6319 287 380 271 0 0
IN 6804 7774 -324 -418 280 0 0
IN 7389 4618 401 -168 356 2 1
MOV 5305 5164 200
MOV 6931 4365 200
MOV 53557 -80618 174
MOV 106817 -5995 0
OUT 4878 7239 -126 79 278 0 0
OUT 7601 6504 207 156 258 0 0
OUT 6561 7202 -206 -486 298 0 0
OUT 7790 4450 340 -142 354 1 1
Round 183 of 207
tags: ENGINE_COOLDOWN
IN 4878 7239 -126 79 278 0 0
IN 7601 6504 207 156 258 0 0
IN 6561 7202 -206 -486 298 0 0
IN 7790 4450 340 -142 354 1 1
MOV 5755 5441 200
MOV 6859 4647 200
MOV 78339 -62414 183
MOV 107659 -624 0
OUT 4840 7138 -32 -85 296 0 0
OUT 7734 6474 112 -25 248 0 0
OUT 6486 6589 -63 -521 316 0 0
OUT 8130 4308 289 -120 357 0 1
Round 184 of 207
tags: MOVE_ONLY
IN 4840 7138 -32 -85 296 0 0
IN 7734 6474 112 -25 248 0 0
IN 6486 6589 -63 -521 316 0 0
IN 8130 4308 289 -120 357 0 1
MOV 6229 5699 200
MOV 7365 4508 200
MOV 96263 -37439 200
MOV 106891 19954 200
OUT 4947 6909 90 -194 314 0 0
OUT 7809 6252 63 -188 259 0 0
OUT 6603 5980 99 -517 334 0 0
OUT 8617 4219 413 -75 9 0 1
Round 185 of 207
tags: MOVE_ONLY
IN 4947 6909 90 -194 314 0 0
IN 7809 6252 63 -188 259 0 0
IN 6603 5980 99 -517 334 0 0
IN 8617 4219 413 -75 9 0 1
MOV 6713 5970 200
MOV 7228 4338 200
MOV 105452 -9116 200
MOV 100780 43011 200
OUT 5214 6621 226 -244 332 0 0
OUT 7814 5873 4 -322 253 0 0
OUT 6900 5433 252 -465 351 0 0
OUT 9214 4222 507 2 23 0 1
Round 186 of 207
tags: ONLY_HIGH_IMPACT SINGLE_COLLISION
IN 5214 6621 226 -244 332 0 0
IN 7814 5873 4 -322 253 0 0
IN 6900 5433 252 -465 351 0 0
IN 9214 4222 507 2 23 0 1
MOV 7033 5789 200
MOV 6667 4235 200
MOV 105573 21620 200
MOV 103621 37173 200
OUT 5622 6294 346 -278 335 0 0
OUT 7956 5542 272 -188 235 0 0
OUT 7097 4846 15 -592 9 0 0
OUT 9910 4290 591 57 19 0 1
Round 187 of 207
tags: MOVE_ONLY
IN 5622 6294 346 -278 335 0 0
IN 7956 5542 272 -188 235 0 0
IN 7097 4846 15 -592 9 0 0
IN 9910 4290 591 57 19 0 1
MOV 7441 5462 200
MOV 6439 4238 200
MOV 98066 46355 0
MOV 109863 7202 200
OUT 6150 5933 448 -307 335 0 0
OUT 8076 5224 102 -270 221 0 0
OUT 7112 4254 12 -503 25 0 0
OUT 10701 4353 672 53 2 0 1
Round 188 of 207
tags: MOVE_ONLY
IN 6150 5933 448 -307 335 0 0
IN 8076 5224 102 -270 221 0 0
IN 7112 4254 12 -503 25 0 0
IN 10701 4353 672 53 2 0 1
MOV 7785 4781 200
MOV 7046 3510 200
MOV 80803 71844 145
MOV 110374 -3651 0
OUT 6761 5511 519 -358 325 0 0
OUT 8074 4783 -1 -374 239 0 0
OUT 7231 3849 101 -344 43 0 0
OUT 11373 4406 571 45 355 0 1
Round 189 of 207
tags: ONLY_HIGH_IMPACT SINGLE_COLLISION
IN 6761 5511 519 -358 325 0 0
IN 8074 4783 -1 -374 239 0 0
IN 7231 3849 101 -344 43 0 0
IN 11373 4406 571 45 355 0 1
MOV 8648 4849 200
MOV 6678 3351 200
MOV 57963 90017 172
MOV 103698 -34009 0
OUT 7469 5087 601 -360 341 0 0
OUT 7934 4266 130 -141 226 0 0
OUT 7419 3653 -90 -464 60 0 0
OUT 11944 4451 485 38 337 0 1
Round 190 of 207
tags: HAS_LOW_IMPACT MULTI_COLLISION
IN 7469 5087 601 -360 341 0 0
IN 7934 4266 130 -141 226 0 0
IN 7419 3653 -90 -464 60 0 0
IN 11944 4451 485 38 337 0 1
MOV 9469 5052 200
MOV 6168 3327 163
MOV 73062 79085 200
MOV 87877 -60613 0
OUT 8210 4952 605 -22 359 0 0
OUT 8057 3915 172 -336 208 0 0
OUT 7384 3244 -73 -401 49 0 0
OUT 12429 4489 412 32 319 0 1
Round 191 of 207
tags: MOVE_ONLY
IN 8210 4952 605 -22 359 0 0
IN 8057 3915 172 -336 208 0 0
IN 7384 3244 -73 -401 49 0 0
IN 12429 4489 412 32 319 0 1
MOV 10186 5261 200
MOV 6655 2489 26
MOV 77080 74944 200
MOV 64539 -80852 0
OUT 9013 4961 682 7 9 0 0
OUT 8211 3560 130 -301 225 0 0
OUT 7450 2986 56 -218 46 0 0
OUT 12841 4521 350 27 301 0 1
Round 192 of 207
tags: ONLY_HIGH_IMPACT SINGLE_COLLISION
IN 9013 4961 682 7 9 0 0
IN 8211 3560 130 -301 225 0 0
IN 7450 2986 56 -218 46 0 0
IN 12841 4521 350 27 301 0 1
MOV 10821 5817 200
MOV 6429 2652 200
MOV 95893 49640 200
MOV 43921 -90523 0
OUT 9876 5054 733 78 25 0 0
OUT 8351 3302 224 -143 207 0 0
OUT 7495 2726 -67 -296 28 0 0
OUT 13191 4548 297 22 288 0 1
Round 193 of 207
tags: MOVE_ONLY
IN 9876 5054 733 78 25 0 0
IN 8351 3302 224 -143 207 0 0
IN 7495 2726 -67 -296 28 0 0
IN 13191 4548 297 22 288 0 1
MOV 11861 5298 46
MOV 6376 2989 200
MOV 90407 58624 200
MOV 13379 -95449 0
OUT 10655 5138 661 71 7 0 0
OUT 8378 3126 22 -149 189 0 0
OUT 7594 2542 84 -156 34 0 0
OUT 13488 4570 252 18 270 0 1
Round 194 of 207
tags: ONLY_HIGH_IMPACT SINGLE_COLLISION
IN 10655 5138 661 71 7 0 0
IN 8378 3126 22 -149 189 0 0
IN 7594 2542 84 -156 34 0 0
IN 13488 4570 252 18 270 0 1
MOV 12579 5684 83
MOV 6596 2218 169
MOV 75443 75992 200
MOV -17232 -90587 200
OUT 11396 5232 629 79 16 0 0
OUT 8432 3041 164 20 207 0 0
OUT 7631 2392 -87 -220 47 0 0
OUT 13679 4398 161 -146 252 0 1
Round 195 of 207
tags: SHIELD
IN 11396 5232 629 79 16 0 0
IN 8432 3041 164 20 207 0 0
IN 7631 2392 -87 -220 47 0 0
IN 13679 4398 161 -146 252 0 1
MOV 13395 5162 SHIELD
MOV 6457 2728 200
MOV 64578 84585 200
MOV -44942 -76608 200
OUT 12025 5311 534 67 358 3 0
OUT 8398 3030 -28 -9 189 0 0
OUT 7658 2336 22 -47 55 0 0
OUT 13723 4090 37 -261 234 0 1
Round 196 of 207
tags: ENGINE_COOLDOWN ONLY_HIGH_IMPACT SHIELD SINGLE_COLLISION
IN 12025 5311 534 67 358 3 0
IN 8398 3030 -28 -9 189 0 0
IN 7658 2336 22 -47 55 0 0
IN 13723 4090 37 -261 234 0 1
MOV 13904 4627 SHIELD
MOV 6584 2188 180
MOV 68235 81889 200
MOV -67062 -54837 200
OUT 12559 5378 453 56 340 3 0
OUT 8317 3062 54 158 205 0 0
OUT 7691 2332 -95 -135 53 0 0
OUT 13598 3711 -105 -322 216 0 1
Round 197 of 207
tags: ENGINE_COOLDOWN
IN 12559 5378 453 56 340 3 0
IN 8317 3062 54 158 205 0 0
IN 7691 2332 -95 -135 53 0 0
IN 13598 3711 -105 -322 216 0 1
MOV 14135 4147 5
MOV 6854 1698 200
MOV 40721 96713 151
MOV -81446 -27369 200
OUT 13012 5434 385 47 322 2 0
OUT 8224 3084 -78 18 223 0 0
OUT 7646 2340 -38 6 71 0 0
OUT 13303 3327 -250 -326 198 0 1
Round 198 of 207
tags: ENGINE_COOLDOWN ONLY_HIGH_IMPACT SINGLE_COLLISION
IN 13012 5434 385 47 322 2 0
IN 8224 3084 -78 18 223 0 0
IN 7646 2340 -38 6 71 0 0
IN 13303 3327 -250 -326 198 0 1
MOV 14130 3776 0
MOV 7254 1335 200
MOV 63877 85024 200
MOV -86694 3138 200
OUT 13397 5481 327 39 304 1 0
OUT 8215 3140 66 143 241 0 0
OUT 7554 2298 -152 -130 56 0 0
OUT 12853 3001 -382 -277 180 0 1
Round 199 of 207
tags: ENGINE_COOLDOWN
IN 13397 5481 327 39 304 1 0
IN 8215 3140 66 143 241 0 0
IN 7554 2298 -152 -130 56 0 0
IN 12853 3001 -382 -277 180 0 1
MOV 13948 3558 15
MOV 7060 1507 200
MOV 74978 76143 200
MOV -82304 33721 200
OUT 13724 5520 277 33 286 0 0
OUT 8166 3120 -42 -17 235 0 0
OUT 7537 2316 -14 15 48 0 0
OUT 12281 2785 -486 -183 162 0 1
Round 200 of 207
tags: ONLY_HIGH_IMPACT SINGLE_COLLISION
IN 13724 5520 277 33 286 0 0
IN 8166 3120 -42 -17 235 0 0
IN 7537 2316 -14 15 48 0 0
IN 12281 2785 -486 -183 162 0 1
MOV 13654 3521 200
MOV 7284 1325 200
MOV 75897 75291 200
MOV -68725 61406 200
OUT 13994 5353 229 -141 268 0 0
OUT 8171 3092 122 122 244 0 0
OUT 7524 2308 -128 -152 47 0 0
OUT 11633 2719 -550 -55 144 0 1
Round 201 of 207
tags: MOVE_ONLY
IN 13994 5353 229 -141 268 0 0
IN 8171 3092 122 122 244 0 0
IN 7524 2308 -128 -152 47 0 0
IN 11633 2719 -550 -55 144 0 1
MOV 13310 3474 200
MOV 6821 1616 200
MOV 95088 50587 76
MOV -47294 83504 200
OUT 14155 5024 136 -279 250 0 0
OUT 8158 3066 -11 -21 228 0 0
OUT 7463 2193 -52 -98 29 0 0
OUT 10965 2826 -567 90 126 0 1
Round 202 of 207
tags: MOVE_ONLY
IN 14155 5024 136 -279 250 0 0
IN 8158 3066 -11 -21 228 0 0
IN 7463 2193 -52 -98 29 0 0
IN 10965 2826 -567 90 126 0 1
MOV 12924 3448 200
MOV 6426 2066 155
MOV 94167 52004 200
MOV -20115 97870 200
OUT 14168 4587 10 -371 232 0 0
OUT 8013 2967 -123 -83 210 0 0
OUT 7584 2195 103 1 30 0 0
OUT 10336 3106 -534 238 108 0 1
Round 203 of 207
tags: ONLY_HIGH_IMPACT SHIELD SINGLE_COLLISION
IN 14168 4587 10 -371 232 0 0
IN 8013 2967 -123 -83 210 0 0
IN 7584 2195 103 1 30 0 0
IN 10336 3106 -534 238 108 0 1
MOV 12510 3469 67
MOV 6675 1481 27
MOV 84429 66175 SHIELD
MOV 10147 103103 200
OUT 14122 4179 -38 -347 214 0 0
OUT 7958 3055 4 187 228 0 0
OUT 7678 2177 75 -26 40 3 0
OUT 9802 3544 -454 372 90 0 1
Round 204 of 207
tags: ENGINE_COOLDOWN
IN 14122 4179 -38 -347 214 0 0
IN 7958 3055 4 187 228 0 0
IN 7678 2177 75 -26 40 3 0
IN 9802 3544 -454 372 90 0 1
MOV 12216 3574 200
MOV 6952 1327 200
MOV 65535 83735 0
MOV 22411 102741 200
OUT 13893 3771 -194 -346 198 0 0
OUT 7861 3069 -82 12 240 0 0
OUT 7753 2151 63 -22 55 2 0
OUT 9373 4114 -364 484 83 0 1
Round 205 of 207
tags: ENGINE_COOLDOWN
IN 13893 3771 -194 -346 198 0 0
IN 7861 3069 -82 12 240 0 0
IN 7753 2151 63 -22 55 2 0
IN 9373 4114 -364 484 83 0 1
MOV 11893 3771 200
MOV 6375 1731 116
MOV 37574 97593 0
MOV 27873 102380 200
OUT 13499 3425 -334 -294 180 0 0
OUT 7693 3003 -142 -55 222 0 0
OUT 7816 2129 53 -18 73 1 0
OUT 9046 4795 -277 578 79 0 1
Round 206 of 207
tags: ENGINE_COOLDOWN
IN 13499 3425 -334 -294 180 0 0
IN 7693 3003 -142 -55 222 0 0
IN 7816 2129 53 -18 73 1 0
IN 9046 4795 -277 578 79 0 1
MOV 11500 3481 200
MOV 5881 2156 200
MOV 15520 101828 0
MOV 34707 101438 200
OUT 12965 3137 -453 -245 178 0 0
OUT 7370 2863 -274 -118 205 0 0
OUT 7869 2111 45 -15 86 0 0
OUT 8820 5566 -191 655 75 0 1
Round 207 of 207
tags: MOVE_ONLY
IN 12965 3137 -453 -245 178 0 0
IN 7370 2863 -274 -118 205 0 0
IN 7869 2111 45 -15 86 0 0
IN 8820 5566 -191 655 75 0 1
MOV 11042 2586 200
MOV 5385 2619 35
MOV 46005 94551 200
MOV 35830 101845 200
OUT 12320 2837 -548 -255 196 0 0
OUT 7061 2741 -262 -103 187 0 0
OUT 7990 2281 103 144 68 0 0
OUT 8683 6414 -116 720 74 0 1
